# Time [s], Iter[-]
0.7959725824934081,47100
# x [m], y [m], z [m], rho [kg/m3], u [m/s], v [m/s], w [m/s], E [J/kg], s [J/(kg·K)], P [Pa], T [K], sos [m/s]
-0.03333333333333333,-0.03333333333333333,-0.005,0.4775375111051586,0.3080497663604768,-0.0011731410183611283,0.0,500119.5810654741,9276.452336924578,95530.18751914089,674.0155439588362,529.2135096780653
-0.03333333333333333,-0.03333333333333333,0.005,0.4773449453243484,-0.07700259182762853,-0.0035251172520732615,0.0,500358.237809743,9276.926281431517,95537.18656409389,674.3372437180998,529.3397883304682
-0.03333333333333333,-0.03333333333333333,0.015,0.4775375111051586,0.3080497663604768,-0.0011731410183611283,0.0,500119.5810654741,9276.452336924578,95530.18751914089,674.0155439588362,529.2135096780653
-0.03333333333333333,0.03333333333333333,-0.005,0.47768612425848866,1.0000382868619342,1.7477561034515547e-06,0.0,500000.3256609045,9276.182211753594,95537.09166621386,673.8542124294027,529.150169941072
-0.03333333333333333,0.03333333333333333,0.005,0.47744960585019847,0.9227777392592291,-0.003525117252073262,0.0,500358.1606044456,9276.860349388911,95558.07762427811,674.3365698636849,529.3395238500129
-0.03333333333333333,0.03333333333333333,0.015,0.47768612425848866,1.0000382868619342,1.7477561034515547e-06,0.0,500000.3256609045,9276.182211753594,95537.09166621386,673.8542124294027,529.150169941072
-0.03333333333333333,0.1,-0.005,0.47768546147667534,1.0000368285973606,-3.2900615348224537e-07,0.0,500000.331843124,9276.182835373213,95536.89506459898,673.8542207632003,529.1501732131672
-0.03333333333333333,0.1,0.005,0.4774531678225237,0.9244156060024018,0.0006752288307075255,0.0,500351.4790159682,9276.848514403411,95557.42083257652,674.327562996811,529.3359887410217
-0.03333333333333333,0.1,0.015,0.47768546147667534,1.0000368285973606,-3.2900615348224537e-07,0.0,500000.331843124,9276.182835373213,95536.89506459898,673.8542207632003,529.1501732131672
-0.03333333333333333,0.16666666666666666,-0.005,0.47768613376541713,1.0000376349771196,3.660805843923709e-07,0.0,500000.328550397,9276.182191190717,95537.10021802058,673.8542163244759,529.1501714703929
-0.03333333333333333,0.16666666666666666,0.005,0.47745164193200956,0.9234324973287086,-0.0007447826003527212,0.0,500355.2774485693,9276.854778921075,95557.94351017615,674.3326834022955,529.3379984540329
-0.03333333333333333,0.16666666666666666,0.015,0.47768613376541713,1.0000376349771196,3.660805843923709e-07,0.0,500000.328550397,9276.182191190717,95537.10021802058,673.8542163244759,529.1501714703929
-0.03333333333333333,0.23333333333333334,-0.005,0.4776876837162362,1.0000376931057808,6.523403893556054e-07,0.0,500000.3287161274,9276.181344334604,95537.37292414221,673.8542165477539,529.1501715580586
-0.03333333333333333,0.23333333333333334,0.005,0.4774532792752254,0.9233047280797231,-0.0013273361934489991,0.0,500355.00537937507,9276.853510434623,95558.1701321286,674.3323168904091,529.3378546016738
-0.03333333333333333,0.23333333333333334,0.015,0.4776876837162362,1.0000376931057808,6.523403893556054e-07,0.0,500000.3287161274,9276.181344334604,95537.37292414221,673.8542165477539,529.1501715580586
-0.03333333333333333,0.3,-0.005,0.4776863422328508,1.000037634308751,-5.758748179239301e-07,0.0,500000.3280098627,9276.182191885116,95537.09963301306,673.8542155959939,529.1501711843694
-0.03333333333333333,0.3,0.005,0.47745146715738274,0.92358777909049,0.0011692488918724083,0.0,500355.6384317152,9276.855609533597,95557.91728175865,674.3331697086774,529.3381893245089
-0.03333333333333333,0.3,0.015,0.4776863422328508,1.000037634308751,-5.758748179239301e-07,0.0,500000.3280098627,9276.182191885116,95537.09963301306,673.8542155959939,529.1501711843694
-0.03333333333333333,0.36666666666666664,-0.005,0.4776908997902174,1.0000371266075196,2.3859862282048885e-07,0.0,500000.32957937993,9276.179143860094,95538.08181832173,673.8542177119306,529.1501720151487
-0.03333333333333333,0.36666666666666664,0.005,0.4774577054816476,0.9240048242080847,-0.0004883921666002457,0.0,500355.25117056444,9276.850803107038,95559.20565617319,674.3326472749156,529.3379842743888
-0.03333333333333333,0.36666666666666664,0.015,0.4776908997902174,1.0000371266075196,2.3859862282048885e-07,0.0,500000.32957937993,9276.179143860094,95538.08181832173,673.8542177119306,529.1501720151487
-0.03333333333333333,0.43333333333333335,-0.005,0.4776864096383937,1.000037648354894,3.882864120101084e-07,0.0,500000.3277622505,9276.182143221082,95537.11513190178,673.8542152622658,529.1501710533379
-0.03333333333333333,0.43333333333333335,0.005,0.4774513584268592,0.9236160095989125,-0.0007877864956164157,0.0,500355.8720188754,9276.85601625359,95557.94245351246,674.3334844815341,529.3383128697252
-0.03333333333333333,0.43333333333333335,0.015,0.4776864096383937,1.000037648354894,3.882864120101084e-07,0.0,500000.3277622505,9276.182143221082,95537.11513190178,673.8542152622658,529.1501710533379
-0.03333333333333333,0.5,-0.005,0.47768916961709706,1.0000379803193689,2.4846719994465557e-17,0.0,500000.32829206594,9276.180332341963,95537.69839265481,673.8542159758555,529.1501713335142
-0.03333333333333333,0.5,0.005,0.4774545545517551,0.9227603696307157,-5.0530156147878285e-14,0.0,500355.76754838496,9276.853705733905,95558.61704943233,674.3333447507209,529.338258026774
-0.03333333333333333,0.5,0.015,0.47768916961709706,1.0000379803193689,2.4846719994465557e-17,0.0,500000.32829206594,9276.180332341963,95537.69839265481,673.8542159758555,529.1501713335142
-0.03333333333333333,0.5666666666666667,-0.005,0.47768640963839454,1.0000376483548965,-3.882864119803748e-07,0.0,500000.32776225056,9276.182143221082,95537.11513190194,673.8542152622659,529.1501710533379
-0.03333333333333333,0.5666666666666667,0.005,0.4774513584268567,0.923616009595584,0.0007877864955444369,0.0,500355.87201887905,9276.856016253596,95557.94245351262,674.333484481539,529.3383128697271
-0.03333333333333333,0.5666666666666667,0.015,0.47768640963839454,1.0000376483548965,-3.882864119803748e-07,0.0,500000.32776225056,9276.182143221082,95537.11513190194,673.8542152622659,529.1501710533379
-0.03333333333333333,0.6333333333333333,-0.005,0.4776908997902166,1.0000371266075192,-2.3859862464434296e-07,0.0,500000.3295793799,9276.179143860096,95538.08181832159,673.8542177119305,529.1501720151485
-0.03333333333333333,0.6333333333333333,0.005,0.4774577054816467,0.9240048242083043,0.0004883921703333768,0.0,500355.25117056473,9276.85080310704,95559.20565617309,674.3326472749161,529.3379842743889
-0.03333333333333333,0.6333333333333333,0.015,0.4776908997902166,1.0000371266075192,-2.3859862464434296e-07,0.0,500000.3295793799,9276.179143860096,95538.08181832159,673.8542177119305,529.1501720151485
-0.03333333333333333,0.7,-0.005,0.47768634223285045,1.000037634308749,5.758748179292644e-07,0.0,500000.3280098628,9276.182191885116,95537.099633013,673.8542155959941,529.1501711843694
-0.03333333333333333,0.7,0.005,0.47745146715738596,0.9235877790933044,-0.0011692488919007448,0.0,500355.6384317114,9276.85560953359,95557.91728175855,674.3331697086722,529.338189324507
-0.03333333333333333,0.7,0.015,0.47768634223285045,1.000037634308749,5.758748179292644e-07,0.0,500000.3280098628,9276.182191885116,95537.099633013,673.8542155959941,529.1501711843694
-0.03333333333333333,0.7666666666666667,-0.005,0.4776876837162365,1.0000376931057837,-6.52340390025731e-07,0.0,500000.3287161274,9276.181344334604,95537.37292414228,673.8542165477539,529.1501715580584
-0.03333333333333333,0.7666666666666667,0.005,0.47745327927522035,0.9233047280750439,0.001327336194783395,0.0,500355.00537938054,9276.853510434634,95558.1701321287,674.3323168904165,529.3378546016767
-0.03333333333333333,0.7666666666666667,0.015,0.4776876837162365,1.0000376931057837,-6.52340390025731e-07,0.0,500000.3287161274,9276.181344334604,95537.37292414228,673.8542165477539,529.1501715580584
-0.03333333333333333,0.8333333333333334,-0.005,0.4776861337654189,1.0000376349771178,-3.660805863984421e-07,0.0,500000.32855039707,9276.182191190715,95537.10021802096,673.854216324476,529.1501714703929
-0.03333333333333333,0.8333333333333334,0.005,0.4774516419320154,0.9234324973313239,0.0007447826044467548,0.0,500355.2774485643,9276.854778921064,95557.94351017637,674.3326834022887,529.3379984540303
-0.03333333333333333,0.8333333333333334,0.015,0.4776861337654189,1.0000376349771178,-3.660805863984421e-07,0.0,500000.32855039707,9276.182191190715,95537.10021802096,673.854216324476,529.1501714703929
-0.03333333333333333,0.9,-0.005,0.4776854614766742,1.0000368285973609,3.290061539505426e-07,0.0,500000.33184312395,9276.182835373213,95536.89506459874,673.8542207632001,529.1501732131672
-0.03333333333333333,0.9,0.005,0.477453167822522,0.9244156060018043,-0.0006752288316665448,0.0,500351.479015969,9276.848514403413,95557.42083257627,674.327562996812,529.335988741022
-0.03333333333333333,0.9,0.015,0.4776854614766742,1.0000368285973609,3.290061539505426e-07,0.0,500000.33184312395,9276.182835373213,95536.89506459874,673.8542207632001,529.1501732131672
-0.03333333333333333,0.9666666666666667,-0.005,0.47768612425849155,1.0000382868619315,-1.7477561048381033e-06,0.0,500000.3256609045,9276.182211753592,95537.09166621442,673.8542124294027,529.150169941072
-0.03333333333333333,0.9666666666666667,0.005,0.4774496058502068,0.9227777392631824,0.003525117254949819,0.0,500358.16060443927,9276.860349388897,95558.07762427852,674.3365698636763,529.3395238500095
-0.03333333333333333,0.9666666666666667,0.015,0.47768612425849155,1.0000382868619315,-1.7477561048381033e-06,0.0,500000.3256609045,9276.182211753592,95537.09166621442,673.8542124294027,529.150169941072
-0.03333333333333333,1.0333333333333332,-0.005,0.4775375111051637,0.3080497663617866,0.0011731410193184652,0.0,500119.58106547187,9276.452336924573,95530.18751914146,674.0155439588333,529.213509678064
-0.03333333333333333,1.0333333333333332,0.005,0.47734494532435734,-0.07700259182367479,0.003525117254949813,0.0,500358.23780973663,9276.926281431503,95537.18656409443,674.3372437180913,529.3397883304648
-0.03333333333333333,1.0333333333333332,0.015,0.4775375111051637,0.3080497663617866,0.0011731410193184652,0.0,500119.58106547187,9276.452336924573,95530.18751914146,674.0155439588333,529.213509678064
0.03333333333333333,-0.03333333333333333,-0.005,0.47758146373263866,0.000770719863712526,2.522114504225165e-06,0.0,500000.32426168304,9276.248109981838,95516.21540516634,673.8548844493071,529.1504337958877
0.03333333333333333,-0.03333333333333333,0.005,0.47724028479849834,-1.0772222607407709,-0.003525117252073262,0.0,500358.3150489671,9276.99074485785,95516.10456634674,674.3365698636849,529.3395238500128
0.03333333333333333,-0.03333333333333333,0.015,0.47758146373263866,0.000770719863712526,2.522114504225165e-06,0.0,500000.32426168304,9276.248109981838,95516.21540516634,673.8548844493071,529.1504337958877
0.03333333333333333,0.03333333333333333,-0.005,0.4779226426667789,1.0772222607407709,0.003525117252073262,0.0,499642.8453712587,9275.504284801804,95516.10456634674,673.3723250150213,528.9609328582231
0.03333333333333333,0.03333333333333333,0.005,0.4779226426667789,1.0767657566754014,0.0035180601910209143,0.0,499643.3852290668,9275.504974970234,95516.24399963366,673.3730532488287,528.9612188865581
0.03333333333333333,0.03333333333333333,0.015,0.4779226426667789,1.0772222607407709,0.003525117252073262,0.0,499642.8453712587,9275.504284801804,95516.10456634674,673.3723250150213,528.9609328582231
0.03333333333333333,0.1,-0.005,0.477917755130827,1.0755843939975982,-0.0006752288307075255,0.0,499649.52669748856,9275.517360237984,95516.36820492956,673.3813318818951,528.9644704737408
0.03333333333333333,0.1,0.005,0.477917755130827,1.075092984018093,-0.000695249499373054,0.0,499650.1477536348,9275.518055622766,95516.5603081844,673.3821695969417,528.9647995007997
0.03333333333333333,0.1,0.015,0.477917755130827,1.0755843939975982,-0.0006752288307075255,0.0,499649.52669748856,9275.517360237984,95516.36820492956,673.3813318818951,528.9644704737408
0.03333333333333333,0.16666666666666666,-0.005,0.47792062559882464,1.0765675026712915,0.0007447826003527211,0.0,499645.7284145682,9275.50981041248,95516.25580557066,673.3762114764107,528.9624593415663
0.03333333333333333,0.16666666666666666,0.005,0.47792062559882464,1.0760983518435725,0.0007173707719309732,0.0,499646.2649565439,9275.510505248527,95516.39152517216,673.3769352593733,528.9627436209234
0.03333333333333333,0.16666666666666666,0.015,0.47792062559882464,1.0765675026712915,0.0007447826003527211,0.0,499645.7284145682,9275.50981041248,95516.25580557066,673.3762114764107,528.9624593415663
0.03333333333333333,0.23333333333333334,-0.005,0.477922088157247,1.076695271920277,0.001327336193448999,0.0,499646.00050455175,9275.50938524983,95516.5745918859,673.3765779882971,528.9626032960148
0.03333333333333333,0.23333333333333334,0.005,0.477922088157247,1.076242304898349,0.001323934243140294,0.0,499646.59013876674,9275.510079648067,95516.74596454759,673.3773733007288,528.9629156698217
0.03333333333333333,0.23333333333333334,0.015,0.477922088157247,1.076695271920277,0.001327336193448999,0.0,499646.00050455175,9275.50938524983,95516.5745918859,673.3765779882971,528.9626032960148
0.03333333333333333,0.3,-0.005,0.4779212173083188,1.07641222090951,-0.0011692488918724083,0.0,499645.3674084796,9275.50898232178,95516.28086835686,673.3757251700287,528.9622683355121
0.03333333333333333,0.3,0.005,0.4779212173083188,1.075913079326329,-0.0012196481079535468,0.0,499645.9542145369,9275.509676610218,95516.45041714858,673.3765167376224,528.9625792386612
0.03333333333333333,0.3,0.015,0.4779212173083188,1.07641222090951,-0.0011692488918724083,0.0,499645.3674084796,9275.50898232178,95516.28086835686,673.3757251700287,528.9622683355121
0.03333333333333333,0.36666666666666664,-0.005,0.4779240940987871,1.0759951757919153,0.0004883921666002457,0.0,499645.75460494106,9275.507687697112,95516.95687690876,673.3762476037904,528.962473531277
0.03333333333333333,0.36666666666666664,0.005,0.4779240940987871,1.0757166191092715,0.0004875691441105811,0.0,499646.2851687744,9275.508381862268,95517.08867609574,673.3769630532792,528.9627545374991
0.03333333333333333,0.36666666666666664,0.015,0.4779240940987871,1.0759951757919153,0.0004883921666002457,0.0,499645.75460494106,9275.507687697112,95516.95687690876,673.3762476037904,528.962473531277
0.03333333333333333,0.43333333333333335,-0.005,0.47792146084992815,1.0763839904010877,0.0007877864956164157,0.0,499645.1338162595,9275.508478623058,95516.28669534715,673.3754103971721,528.9621447024664
0.03333333333333333,0.43333333333333335,0.005,0.47792146084992815,1.0758698332394094,0.0008111385816505576,0.0,499645.71676121117,9275.509172804139,95516.45370628197,673.3761967829286,528.9624535704236
0.03333333333333333,0.43333333333333335,0.015,0.47792146084992815,1.0763839904010877,0.0007877864956164157,0.0,499645.1338162595,9275.508478623058,95516.28669534715,673.3754103971721,528.9621447024664
0.03333333333333333,0.5,-0.005,0.477923784682439,1.0772396303692844,5.053015614787828e-14,0.0,499645.2384175758,9275.5071656921,95516.77859592895,673.3755501279852,528.962199584413
0.03333333333333333,0.5,0.005,0.477923784682439,1.0768585311252803,3.266447619529704e-14,0.0,499645.80577727105,9275.507860269016,95516.93495670559,673.3763153168773,528.9625001268698
0.03333333333333333,0.5,0.015,0.477923784682439,1.0772396303692844,5.053015614787828e-14,0.0,499645.2384175758,9275.5071656921,95516.77859592895,673.3755501279852,528.962199584413
0.03333333333333333,0.5666666666666667,-0.005,0.47792146084993237,1.0763839904044161,-0.0007877864955444369,0.0,499645.13381625584,9275.508478623049,95516.28669534728,673.3754103971671,528.9621447024645
0.03333333333333333,0.5666666666666667,0.005,0.47792146084993237,1.075869833242755,-0.0008111385815548721,0.0,499645.7167612076,9275.509172804132,95516.45370628213,673.3761967829238,528.9624535704216
0.03333333333333333,0.5666666666666667,0.015,0.47792146084993237,1.0763839904044161,-0.0007877864955444369,0.0,499645.13381625584,9275.508478623049,95516.28669534728,673.3754103971671,528.9621447024645
0.03333333333333333,0.6333333333333333,-0.005,0.47792409409878656,1.0759951757916957,-0.0004883921703333768,0.0,499645.7546049409,9275.507687697112,95516.9568769086,673.3762476037901,528.9624735312769
0.03333333333333333,0.6333333333333333,0.005,0.47792409409878656,1.0757166191090686,-0.0004875691478212229,0.0,499646.28516877413,9275.508381862268,95517.08867609558,673.3769630532787,528.962754537499
0.03333333333333333,0.6333333333333333,0.015,0.47792409409878656,1.0759951757916957,-0.0004883921703333768,0.0,499645.7546049409,9275.507687697112,95516.9568769086,673.3762476037901,528.9624735312769
0.03333333333333333,0.7,-0.005,0.4779212173083149,1.0764122209066955,0.0011692488919007446,0.0,499645.36740848346,9275.50898232179,95516.2808683568,673.3757251700338,528.9622683355142
0.03333333333333333,0.7,0.005,0.4779212173083149,1.0759130793235065,0.0012196481079506105,0.0,499645.9542145407,9275.509676610225,95516.45041714852,673.3765167376276,528.9625792386632
0.03333333333333333,0.7,0.015,0.4779212173083149,1.0764122209066955,0.0011692488919007446,0.0,499645.36740848346,9275.50898232179,95516.2808683568,673.3757251700338,528.9622683355142
0.03333333333333333,0.7666666666666667,-0.005,0.4779220881572526,1.0766952719249558,-0.0013273361947833948,0.0,499646.00050454633,9275.50938524982,95516.574591886,673.3765779882897,528.962603296012
0.03333333333333333,0.7666666666666667,0.005,0.4779220881572526,1.076242304903026,-0.0013239342445519897,0.0,499646.5901387612,9275.510079648056,95516.74596454765,673.3773733007213,528.9629156698187
0.03333333333333333,0.7666666666666667,0.015,0.4779220881572526,1.0766952719249558,-0.0013273361947833948,0.0,499646.00050454633,9275.50938524982,95516.574591886,673.3765779882897,528.962603296012
0.03333333333333333,0.8333333333333334,-0.005,0.4779206255988224,1.0765675026686758,-0.0007447826044467548,0.0,499645.7284145731,9275.50981041249,95516.25580557117,673.3762114764174,528.962459341569
0.03333333333333333,0.8333333333333334,0.005,0.4779206255988224,1.0760983518409313,-0.000717370775982637,0.0,499646.26495654887,9275.510505248536,95516.39152517267,673.37693525938,528.9627436209261
0.03333333333333333,0.8333333333333334,0.015,0.4779206255988224,1.0765675026686758,-0.0007447826044467548,0.0,499645.7284145731,9275.50981041249,95516.25580557117,673.3762114764174,528.962459341569
0.03333333333333333,0.9,-0.005,0.47791775513082635,1.0755843939981955,0.0006752288316665447,0.0,499649.5266974878,9275.517360237984,95516.36820492931,673.3813318818941,528.9644704737404
0.03333333333333333,0.9,0.005,0.47791775513082635,1.0750929840186898,0.0006952495003186562,0.0,499650.1477536342,9275.518055622764,95516.56030818417,673.3821695969409,528.9647995007995
0.03333333333333333,0.9,0.015,0.47791775513082635,1.0755843939981955,0.0006752288316665447,0.0,499649.5266974878,9275.517360237984,95516.36820492931,673.3813318818941,528.9644704737404
0.03333333333333333,0.9666666666666667,-0.005,0.47792264266677625,1.0772222607368176,-0.003525117254949819,0.0,499642.8453712651,9275.504284801817,95516.10456634742,673.3723250150299,528.9609328582264
0.03333333333333333,0.9666666666666667,0.005,0.47792264266677625,1.0767657566714577,-0.003518060194030592,0.0,499643.3852290731,9275.504974970245,95516.24399963435,673.3730532488372,528.9612188865615
0.03333333333333333,0.9666666666666667,0.015,0.47792264266677625,1.0772222607368176,-0.003525117254949819,0.0,499642.8453712651,9275.504284801817,95516.10456634742,673.3723250150299,528.9609328582264
0.03333333333333333,1.0333333333333332,-0.005,0.4775814637326421,0.0007707198636978749,-2.522114506244487e-06,0.0,500000.324261683,9276.248109981836,95516.21540516701,673.854884449307,529.1504337958876
0.03333333333333333,1.0333333333333332,0.005,0.4772402847985079,-1.0772222607368136,0.0035251172549498064,0.0,500358.3150489606,9276.990744857834,95516.1045663474,674.3365698636762,529.3395238500095
0.03333333333333333,1.0333333333333332,0.015,0.4775814637326421,0.0007707198636978749,-2.522114506244487e-06,0.0,500000.324261683,9276.248109981836,95516.21540516701,673.854884449307,529.1504337958876
0.1,-0.03333333333333333,-0.005,0.47785538561747887,0.008907590667086289,-2.2799349119661924e-05,0.0,499951.881303755,9276.006209623109,95561.68343873652,673.7895973909461,529.1247995585596
0.1,-0.03333333333333333,0.005,0.47314826078127864,-0.904172844135114,0.0023142680336811295,0.0,504926.2317027164,9286.290236622195,95561.6053138858,680.4930228244909,531.7503745593721
0.1,-0.03333333333333333,0.015,0.47785538561747887,0.008907590667086289,-2.2799349119661924e-05,0.0,499951.881303755,9276.006209623109,95561.68343873652,673.7895973909461,529.1247995585596
0.1,0.03333333333333333,-0.005,0.4825625104536791,0.9041728441351139,-0.0023142680336811295,0.0,495074.5858311719,9265.821794954634,95561.60531388578,667.2158720542153,526.5373103171014
0.1,0.03333333333333333,0.005,0.4825625104536791,0.9036284407804539,-0.0022375171714159123,0.0,495075.14743439987,9265.822358547644,95561.80359644534,667.2166295953059,526.5376092260091
0.1,0.03333333333333333,0.015,0.4825625104536791,0.9041728441351139,-0.0023142680336811295,0.0,495074.5858311719,9265.821794954634,95561.60531388578,667.2158720542153,526.5373103171014
0.1,0.1,-0.005,0.48260766860957716,0.9052855149056899,0.002155146292737401,0.0,495026.9549537282,9265.722540597473,95561.38151976411,667.1516781408005,526.5119802065908
0.1,0.1,0.005,0.48260766860957716,0.9047691076404035,0.0021621762062766646,0.0,495027.45826667274,9265.723105552812,95561.53999905373,667.1523570899811,526.5122481177707
0.1,0.1,0.015,0.48260766860957716,0.9052855149056899,0.002155146292737401,0.0,495026.9549537282,9265.722540597473,95561.38151976411,667.1516781408005,526.5119802065908
0.1,0.16666666666666666,-0.005,0.4825974195908313,0.9060627535930095,0.0023437265219441138,0.0,495038.5776648954,9265.746403475177,95561.55065431654,667.1673412227655,526.5181607740453
0.1,0.16666666666666666,0.005,0.4825974195908313,0.9055240801339565,0.0022973729820832994,0.0,495039.1730875228,9265.746966893457,95561.77186740375,667.168144336865,526.5184776765713
0.1,0.16666666666666666,0.015,0.4825974195908313,0.9060627535930095,0.0023437265219441138,0.0,495038.5776648954,9265.746403475177,95561.55065431654,667.1673412227655,526.5181607740453
0.1,0.23333333333333334,-0.005,0.48259611630057864,0.9056367193247308,-0.00022931218735477865,0.0,495040.8187040417,9265.750529721117,95561.73650027334,667.1703620149348,526.5193527539569
0.1,0.23333333333333334,0.005,0.48259611630057864,0.9051244072902562,-0.0002690721476137542,0.0,495041.39112513914,9265.751093519462,95561.9420326119,667.1711340970438,526.5196574108166
0.1,0.23333333333333334,0.015,0.48259611630057864,0.9056367193247308,-0.00022931218735477865,0.0,495040.8187040417,9265.750529721117,95561.73650027334,667.1703620149348,526.5193527539569
0.1,0.3,-0.005,0.48259631537335634,0.9051582306334673,0.0023476530635549225,0.0,495041.18523198174,9265.750929154356,95561.85582289052,667.170856568079,526.5195479003303
0.1,0.3,0.005,0.48259631537335634,0.9046045255464152,0.002407593033400003,0.0,495041.7384717353,9265.751492414896,95562.04859381738,667.1716028492764,526.5198423762693
0.1,0.3,0.015,0.48259631537335634,0.9051582306334673,0.0023476530635549225,0.0,495041.18523198174,9265.750929154356,95561.85582289052,667.170856568079,526.5195479003303
0.1,0.36666666666666664,-0.005,0.48259338286222364,0.9067581227509537,0.00033903043879631264,0.0,495041.31464223453,9265.752999780794,95561.27559348657,667.1710290256473,526.5196159505712
0.1,0.36666666666666664,0.005,0.48259338286222364,0.9062744107921125,0.00032153941545254295,0.0,495041.91833131446,9265.753563257716,95561.5023364316,667.1718432137585,526.519937221926
0.1,0.36666666666666664,0.015,0.48259338286222364,0.9067581227509537,0.00033903043879631264,0.0,495041.31464223453,9265.752999780794,95561.27559348657,667.1710290256473,526.5196159505712
0.1,0.43333333333333335,-0.005,0.48259586377714936,0.9051602613497666,0.00037424384403236013,0.0,495042.3706626198,9265.753000791232,95561.98972709867,667.1724541846365,526.5201783054474
0.1,0.43333333333333335,0.005,0.48259586377714936,0.9046020556691292,0.00033799539547802165,0.0,495042.9352925963,9265.753564027793,95562.19020360135,667.1732158222364,526.520478840525
0.1,0.43333333333333335,0.015,0.48259586377714936,0.9051602613497666,0.00037424384403236013,0.0,495042.3706626198,9265.753000791232,95561.98972709867,667.1724541846365,526.5201783054474
0.1,0.5,-0.005,0.48259401673204816,0.9063572917896842,-7.805861971170713e-13,0.0,495042.09615506197,9265.75377516462,95561.55420065636,667.1720827672394,526.5200317475521
0.1,0.5,0.005,0.48259401673204816,0.9058356260942808,-7.957087059171475e-13,0.0,495042.69542593416,9265.754338775743,95561.7779384212,667.1728910469586,526.5203506872572
0.1,0.5,0.015,0.48259401673204816,0.9063572917896842,-7.805861971170713e-13,0.0,495042.09615506197,9265.75377516462,95561.55420065636,667.1720827672394,526.5200317475521
0.1,0.5666666666666667,-0.005,0.4825958637771337,0.9051602613501252,-0.00037424384468730574,0.0,495042.3706626364,9265.753000791266,95561.98972709879,667.1724541846589,526.5201783054563
0.1,0.5666666666666667,0.005,0.4825958637771337,0.9046020556695009,-0.0003379953961177292,0.0,495042.9352926128,9265.753564027827,95562.19020360144,667.1732158222587,526.5204788405338
0.1,0.5666666666666667,0.015,0.4825958637771337,0.9051602613501252,-0.00037424384468730574,0.0,495042.3706626364,9265.753000791266,95561.98972709879,667.1724541846589,526.5201783054563
0.1,0.6333333333333333,-0.005,0.4825933828622266,0.9067581227504424,-0.00033903043660779466,0.0,495041.31464223086,9265.752999780787,95561.27559348644,667.1710290256424,526.5196159505692
0.1,0.6333333333333333,0.005,0.4825933828622266,0.9062744107915908,-0.0003215394132337973,0.0,495041.9183313109,9265.75356325771,95561.5023364315,667.1718432137537,526.5199372219242
0.1,0.6333333333333333,0.015,0.4825933828622266,0.9067581227504424,-0.00033903043660779466,0.0,495041.31464223086,9265.752999780787,95561.27559348644,667.1710290256424,526.5196159505692
0.1,0.7,-0.005,0.48259631537337033,0.9051582306347845,-0.00234765306475362,0.0,495041.1852319669,9265.750929154325,95561.85582289043,667.170856568059,526.5195479003223
0.1,0.7,0.005,0.48259631537337033,0.9046045255477371,-0.0024075930346290153,0.0,495041.73847172037,9265.751492414864,95562.04859381726,667.1716028492563,526.5198423762613
0.1,0.7,0.015,0.48259631537337033,0.9051582306347845,-0.00234765306475362,0.0,495041.1852319669,9265.750929154325,95561.85582289043,667.170856568059,526.5195479003223
0.1,0.7666666666666667,-0.005,0.4825961163005722,0.905636719324042,0.00022931218700603594,0.0,495040.8187040489,9265.750529721132,95561.73650027344,667.1703620149445,526.5193527539607
0.1,0.7666666666666667,0.005,0.4825961163005722,0.9051244072895731,0.0002690721472067239,0.0,495041.3911251465,9265.751093519477,95561.94203261203,667.1711340970537,526.5196574108205
0.1,0.7666666666666667,0.015,0.4825961163005722,0.905636719324042,0.00022931218700603594,0.0,495040.8187040489,9265.750529721132,95561.73650027344,667.1703620149445,526.5193527539607
0.1,0.8333333333333334,-0.005,0.4825974195908473,0.9060627535949106,-0.002343726520175058,0.0,495038.57766488096,9265.746403475145,95561.55065431692,667.167341222746,526.5181607740377
0.1,0.8333333333333334,0.005,0.4825974195908473,0.9055240801358619,-0.002297372980280178,0.0,495039.17308750824,9265.746966893425,95561.77186740411,667.1681443368454,526.5184776765636
0.1,0.8333333333333334,0.015,0.4825974195908473,0.9060627535949106,-0.002343726520175058,0.0,495038.57766488096,9265.746403475145,95561.55065431692,667.167341222746,526.5181607740377
0.1,0.9,-0.005,0.4826076686095867,0.905285514905931,-0.002155146293968477,0.0,495026.9549537172,9265.72254059745,95561.38151976389,667.1516781407856,526.5119802065849
0.1,0.9,0.005,0.4826076686095867,0.904769107640636,-0.002162176207507725,0.0,495027.45826666174,9265.72310555279,95561.5399990535,667.1523570899664,526.5122481177649
0.1,0.9,0.015,0.4826076686095867,0.905285514905931,-0.002155146293968477,0.0,495026.9549537172,9265.72254059745,95561.38151976389,667.1516781407856,526.5119802065849
0.1,0.9666666666666667,-0.005,0.4825625104536862,0.9041728441364866,0.002314268037512409,0.0,495074.58583116665,9265.821794954623,95561.60531388618,667.2158720542083,526.5373103170987
0.1,0.9666666666666667,0.005,0.4825625104536862,0.9036284407818372,0.002237517175171019,0.0,495075.14743439446,9265.822358547633,95561.80359644571,667.2166295952986,526.5376092260062
0.1,0.9666666666666667,0.015,0.4825625104536862,0.9041728441364866,0.002314268037512409,0.0,495074.58583116665,9265.821794954623,95561.60531388618,667.2158720542083,526.5373103170987
0.1,1.0333333333333332,-0.005,0.47785538561748087,0.00890759066711076,2.2799349157434413e-05,0.0,499951.88130375475,9276.006209623105,95561.68343873689,673.7895973909458,529.1247995585595
0.1,1.0333333333333332,0.005,0.4731482607812755,-0.9041728441364835,-0.0023142680375124007,0.0,504926.2317027215,9286.290236622204,95561.60531388618,680.4930228244979,531.7503745593747
0.1,1.0333333333333332,0.015,0.47785538561748087,0.00890759066711076,2.2799349157434413e-05,0.0,499951.88130375475,9276.006209623105,95561.68343873689,673.7895973909458,529.1247995585595
0.16666666666666666,-0.03333333333333333,-0.005,0.47764377751066056,0.009828524798447934,2.6120369295613242e-06,0.0,499957.0671779724,9276.14526366105,95520.38997801577,673.7965864281298,529.1275437856326
0.16666666666666666,-0.03333333333333333,0.005,0.4731896795545909,-1.0538720755927038,-0.0002800779198233556,0.0,504663.60932477436,9285.877858894448,95520.28388875343,680.1388867945541,531.6119921906137
0.16666666666666666,-0.03333333333333333,0.015,0.47764377751066056,0.009828524798447934,2.6120369295613242e-06,0.0,499957.0671779724,9276.14526366105,95520.38997801577,673.7965864281298,529.1275437856326
0.16666666666666666,0.03333333333333333,-0.005,0.4820978754667302,1.0538720755927038,0.00028007791982335566,0.0,495337.50132165605,9266.501375129246,95520.28388875343,667.570008084152,526.6770260407482
0.16666666666666666,0.03333333333333333,0.005,0.4820978754667302,1.0533009834181086,0.000310523660229308,0.0,495337.98172698176,9266.501872462097,95520.4484793941,667.5706563415803,526.6772817609028
0.16666666666666666,0.03333333333333333,0.015,0.4820978754667302,1.0538720755927038,0.00028007791982335566,0.0,495337.50132165605,9266.501375129246,95520.28388875343,667.570008084152,526.6770260407482
0.16666666666666666,0.1,-0.005,0.4821083510415599,1.052148118623437,0.0004302251530284283,0.0,495326.9996944039,9266.479199219046,95520.33406547904,667.5558573941771,526.671443942453
0.16666666666666666,0.1,0.005,0.4821083510415599,1.0515264758030114,0.00041616034001141995,0.0,495327.46425898455,9266.479671113353,95520.49619357647,667.5564843732253,526.6716912714813
0.16666666666666666,0.1,0.015,0.4821083510415599,1.052148118623437,0.0004302251530284283,0.0,495326.9996944039,9266.479199219046,95520.33406547904,667.5558573941771,526.671443942453
0.16666666666666666,0.16666666666666666,-0.005,0.4820969797839254,1.0527239373586053,0.0010627768103632787,0.0,495339.0205316267,9266.50422720204,95520.39217985429,667.5720571660615,526.6778343481353
0.16666666666666666,0.16666666666666666,0.005,0.4820969797839254,1.0521378755639845,0.0010398613665756075,0.0,495339.5046281437,9266.504706971413,95520.56492374992,667.5727104185287,526.6780920383029
0.16666666666666666,0.16666666666666666,0.015,0.4820969797839254,1.0527239373586053,0.0010627768103632787,0.0,495339.0205316267,9266.50422720204,95520.39217985429,667.5720571660615,526.6778343481353
0.16666666666666666,0.23333333333333334,-0.005,0.4821010170567,1.052327211530073,0.0006513660883944605,0.0,495335.5101092956,9266.496501849359,95520.50942870275,667.5673267018911,526.6759683061017
0.16666666666666666,0.23333333333333334,0.005,0.4821010170567,1.051735590589011,0.0006330082693541024,0.0,495336.00570007233,9266.496980807038,95520.69019809333,667.5679954528242,526.6762321109217
0.16666666666666666,0.23333333333333334,0.015,0.4821010170567,1.052327211530073,0.0006513660883944605,0.0,495335.5101092956,9266.496501849359,95520.50942870275,667.5673267018911,526.6759683061017
0.16666666666666666,0.3,-0.005,0.48209901185048326,1.0529949205371292,0.00018762784619631256,0.0,495337.6401446609,9266.500895941072,95520.53242842219,667.5701964224957,526.677100335182
0.16666666666666666,0.3,0.005,0.48209901185048326,1.0524225457242362,0.00016640344521932823,0.0,495338.1166855634,9266.501376405846,95520.69984047423,667.5708394729677,526.677354001297
0.16666666666666666,0.3,0.015,0.48209901185048326,1.0529949205371292,0.00018762784619631256,0.0,495337.6401446609,9266.500895941072,95520.53242842219,667.5701964224957,526.677100335182
0.16666666666666666,0.36666666666666664,-0.005,0.4820989574455528,1.0510874428696302,0.0005393481783471488,0.0,495338.46669772506,9266.502198920763,95520.67231049092,667.5713130797482,526.6775408263552
0.16666666666666666,0.36666666666666664,0.005,0.4820989574455528,1.0504421586529298,0.0005340732939914835,0.0,495338.9616097209,9266.502678687279,95520.8523972882,667.5719809908542,526.6778042990987
0.16666666666666666,0.36666666666666664,0.015,0.4820989574455528,1.0510874428696302,0.0005393481783471488,0.0,495338.46669772506,9266.502198920763,95520.67231049092,667.5713130797482,526.6775408263552
0.16666666666666666,0.43333333333333335,-0.005,0.4820993049295848,1.0529576762229613,0.00044776452037544756,0.0,495337.56382876344,9266.500610723337,95520.5727392928,667.5700936236242,526.6770597837809
0.16666666666666666,0.43333333333333335,0.005,0.4820993049295848,1.0523904601507459,0.000432912125486606,0.0,495338.04688435415,9266.50109146479,95520.74445575984,667.5707454466577,526.6773169104544
0.16666666666666666,0.43333333333333335,0.015,0.4820993049295848,1.0529576762229613,0.00044776452037544756,0.0,495337.56382876344,9266.500610723337,95520.5727392928,667.5700936236242,526.6770597837809
0.16666666666666666,0.5,-0.005,0.48209876690213876,1.0514634953851951,-1.299874079929162e-12,0.0,495339.27069927345,9266.503531188337,95520.78592400873,667.5723961071863,526.6779680511214
0.16666666666666666,0.5,0.005,0.48209876690213876,1.0508477337233495,-1.303666832305503e-12,0.0,495339.7733958789,9266.504011382503,95520.97110619744,667.5730744681928,526.6782356458481
0.16666666666666666,0.5,0.015,0.48209876690213876,1.0514634953851951,-1.299874079929162e-12,0.0,495339.27069927345,9266.503531188337,95520.78592400873,667.5723961071863,526.6779680511214
0.16666666666666666,0.5666666666666667,-0.005,0.482099304929578,1.0529576762227997,-0.0004477645207918098,0.0,495337.5638287705,9266.500610723351,95520.57273929281,667.5700936236336,526.6770597837847
0.16666666666666666,0.5666666666666667,0.005,0.482099304929578,1.0523904601506142,-0.0004329121258846284,0.0,495338.0468843612,9266.501091464806,95520.74445575985,667.5707454466672,526.6773169104582
0.16666666666666666,0.5666666666666667,0.015,0.482099304929578,1.0529576762227997,-0.0004477645207918098,0.0,495337.5638287705,9266.500610723351,95520.57273929281,667.5700936236336,526.6770597837847
0.16666666666666666,0.6333333333333333,-0.005,0.48209895744556286,1.051087442869741,-0.0005393481791465788,0.0,495338.46669771406,9266.502198920742,95520.67231049079,667.5713130797334,526.6775408263493
0.16666666666666666,0.6333333333333333,0.005,0.48209895744556286,1.0504421586530404,-0.0005340732947793748,0.0,495338.96160970983,9266.502678687257,95520.85239728806,667.5719809908393,526.6778042990928
0.16666666666666666,0.6333333333333333,0.015,0.48209895744556286,1.051087442869741,-0.0005393481791465788,0.0,495338.46669771406,9266.502198920742,95520.67231049079,667.5713130797334,526.6775408263493
0.16666666666666666,0.7,-0.005,0.4820990118504758,1.0529949205375588,-0.00018762784770192585,0.0,495337.64014466817,9266.500895941088,95520.53242842211,667.5701964225055,526.677100335186
0.16666666666666666,0.7,0.005,0.4820990118504758,1.052422545724664,-0.00016640344674971865,0.0,495338.11668557074,9266.50137640586,95520.69984047418,667.5708394729776,526.677354001301
0.16666666666666666,0.7,0.015,0.4820990118504758,1.0529949205375588,-0.00018762784770192585,0.0,495337.64014466817,9266.500895941088,95520.53242842211,667.5701964225055,526.677100335186
0.16666666666666666,0.7666666666666667,-0.005,0.48210101705670344,1.052327211531153,-0.0006513660897859806,0.0,495335.5101092925,9266.496501849353,95520.50942870285,667.5673267018869,526.6759683061001
0.16666666666666666,0.7666666666666667,0.005,0.48210101705670344,1.051735590590086,-0.000633008270822411,0.0,495336.00570006925,9266.496980807031,95520.69019809342,667.5679954528201,526.6762321109202
0.16666666666666666,0.7666666666666667,0.015,0.48210101705670344,1.052327211531153,-0.0006513660897859806,0.0,495335.5101092925,9266.496501849353,95520.50942870285,667.5673267018869,526.6759683061001
0.16666666666666666,0.8333333333333334,-0.005,0.4820969797839102,1.0527239373578525,-0.0010627768121236631,0.0,495339.0205316448,9266.504227202076,95520.39217985478,667.5720571660859,526.677834348145
0.16666666666666666,0.8333333333333334,0.005,0.4820969797839102,1.052137875563236,-0.0010398613682978412,0.0,495339.5046281617,9266.50470697145,95520.56492375038,667.572710418553,526.6780920383125
0.16666666666666666,0.8333333333333334,0.015,0.4820969797839102,1.0527239373578525,-0.0010627768121236631,0.0,495339.0205316448,9266.504227202076,95520.39217985478,667.5720571660859,526.677834348145
0.16666666666666666,0.9,-0.005,0.482108351041546,1.0521481186234531,-0.0004302251523029924,0.0,495326.9996944172,9266.479199219075,95520.33406547885,667.5558573941951,526.6714439424601
0.16666666666666666,0.9,0.005,0.482108351041546,1.0515264758030278,-0.0004161603393025814,0.0,495327.4642589978,9266.47967111338,95520.49619357627,667.5564843732432,526.6716912714884
0.16666666666666666,0.9,0.015,0.482108351041546,1.0521481186234531,-0.0004302251523029924,0.0,495326.9996944172,9266.479199219075,95520.33406547885,667.5558573941951,526.6714439424601
0.16666666666666666,0.9666666666666667,-0.005,0.4820978754667236,1.0538720755910826,-0.0002800779205473171,0.0,495337.501321666,9266.501375129266,95520.28388875403,667.5700080841655,526.6770260407534
0.16666666666666666,0.9666666666666667,0.005,0.4820978754667236,1.0533009834164861,-0.0003105236610628209,0.0,495337.98172699165,9266.501872462115,95520.4484793947,667.5706563415936,526.677281760908
0.16666666666666666,0.9666666666666667,0.015,0.4820978754667236,1.0538720755910826,-0.0002800779205473171,0.0,495337.501321666,9266.501375129266,95520.28388875403,667.5700080841655,526.6770260407534
0.16666666666666666,1.0333333333333332,-0.005,0.47764377751066345,0.009828524798413766,-2.612036936307993e-06,0.0,499957.06717797247,9276.14526366105,95520.38997801633,673.7965864281299,529.1275437856326
0.16666666666666666,1.0333333333333332,0.005,0.4731896795546032,-1.0538720755910789,0.00028007792054731605,0.0,504663.60932476434,9285.877858894426,95520.28388875401,680.1388867945406,531.6119921906084
0.16666666666666666,1.0333333333333332,0.015,0.47764377751066345,0.009828524798413766,-2.612036936307993e-06,0.0,499957.06717797247,9276.14526366105,95520.38997801633,673.7965864281299,529.1275437856326
0.23333333333333334,-0.03333333333333333,-0.005,0.47797846294411217,0.015526779166839953,2.951538333023281e-05,0.0,499846.1091664075,9275.772838239314,95566.05420468023,673.647047231626,529.0688245074408
0.23333333333333334,-0.03333333333333333,0.005,0.46958326975688197,-0.8839128992056681,-0.0016802601344592003,0.0,508783.37095556443,9294.18194791212,95565.97953851822,685.6913481174474,533.7775463334532
0.23333333333333334,-0.03333333333333333,0.015,0.47797846294411217,0.015526779166839953,2.951538333023281e-05,0.0,499846.1091664075,9275.772838239314,95566.05420468023,673.647047231626,529.0688245074408
0.23333333333333334,0.03333333333333333,-0.005,0.48637365613134237,0.8839128992056681,0.0016802601344592,0.0,491217.41034927254,9257.683153788745,95565.97953851821,662.0175467612588,524.4821551113425
0.23333333333333334,0.03333333333333333,0.005,0.48637365613134237,0.8827990991966058,0.0017094136929183435,0.0,491218.4111506419,9257.68458132809,95566.20202633274,662.0188968760862,524.4826899240348
0.23333333333333334,0.03333333333333333,0.015,0.48637365613134237,0.8839128992056681,0.0016802601344592,0.0,491217.41034927254,9257.683153788745,95565.97953851821,662.0175467612588,524.4821551113425
0.23333333333333334,0.1,-0.005,0.4862326475055451,0.88520345519013,0.0005539596490866171,0.0,491360.73791787046,9257.98570010908,95566.14332924387,662.2107090635287,524.5586657658773
0.23333333333333334,0.1,0.005,0.4862326475055451,0.8840938923454115,0.0005459962008287295,0.0,491361.7454253539,9257.9871191002,95566.37293438929,662.2120682132069,524.5592040789597
0.23333333333333334,0.1,0.015,0.4862326475055451,0.88520345519013,0.0005539596490866171,0.0,491360.73791787046,9257.98570010908,95566.14332924387,662.2107090635287,524.5586657658773
0.23333333333333334,0.16666666666666666,-0.005,0.4862804031058198,0.8852825920456397,0.00200303130914388,0.0,491311.9471130897,9257.882864078978,95566.04049183727,662.1449531650264,524.5326214251425
0.23333333333333334,0.16666666666666666,0.005,0.4862804031058198,0.8841711395489699,0.0019868413842313187,0.0,491312.9555196966,9257.884289234637,95566.26879333016,662.1463135288689,524.5331602458663
0.23333333333333334,0.16666666666666666,0.015,0.4862804031058198,0.8852825920456397,0.00200303130914388,0.0,491311.9471130897,9257.882864078978,95566.04049183727,662.1449531650264,524.5326214251425
0.23333333333333334,0.23333333333333334,-0.005,0.4862742589311666,0.8850015169070113,0.0003791869197617932,0.0,491319.33820039546,9257.897783695646,95566.26848291133,662.1549145370363,524.5365669697675
0.23333333333333334,0.23333333333333334,0.005,0.4862742589311666,0.8838921695671388,0.0003533004557722776,0.0,491320.34992032166,9257.899206952201,95566.49964026267,662.1562793633092,524.5371075539291
0.23333333333333334,0.23333333333333334,0.015,0.4862742589311666,0.8850015169070113,0.0003791869197617932,0.0,491319.33820039546,9257.897783695646,95566.26848291133,662.1549145370363,524.5365669697675
0.23333333333333334,0.3,-0.005,0.48628351748371285,0.8853473361805728,0.001146015136686268,0.0,491309.8321554962,9257.87777212417,95566.24015230154,662.1421027424346,524.5314924115963
0.23333333333333334,0.3,0.005,0.48628351748371285,0.8842427248108944,0.0011523079004453463,0.0,491310.84247044515,9257.879197075683,95566.4698180599,662.1434656700578,524.5320322489586
0.23333333333333334,0.3,0.015,0.48628351748371285,0.8853473361805728,0.001146015136686268,0.0,491309.8321554962,9257.87777212417,95566.24015230154,662.1421027424346,524.5314924115963
0.23333333333333334,0.36666666666666664,-0.005,0.48628147103146574,0.8850656431640148,0.00042202973953834526,0.0,491311.7572782031,9257.881906028433,95566.21986667263,662.1446975842554,524.532520193181
0.23333333333333334,0.36666666666666664,0.005,0.48628147103146574,0.8839774851041506,0.0004097888245455168,0.0,491312.7518565749,9257.883330110779,95566.43908607347,662.1460392835494,524.5330516212497
0.23333333333333334,0.36666666666666664,0.015,0.48628147103146574,0.8850656431640148,0.00042202973953834526,0.0,491311.7572782031,9257.881906028433,95566.21986667263,662.1446975842554,524.532520193181
0.23333333333333334,0.43333333333333335,-0.005,0.48628525172910053,0.8852653681616643,0.0007882605859056806,0.0,491308.5811015906,9257.874833568934,95566.33466906546,662.1404167842234,524.5308246253794
0.23333333333333334,0.43333333333333335,0.005,0.48628525172910053,0.8841704123561037,0.0007815505129951111,0.0,491309.5974917088,9257.87625846178,95566.56848580121,662.1417878877954,524.5313677018152
0.23333333333333334,0.43333333333333335,0.015,0.48628525172910053,0.8852653681616643,0.0007882605859056806,0.0,491308.5811015906,9257.874833568934,95566.33466906546,662.1404167842234,524.5308246253794
0.23333333333333334,0.5,-0.005,0.4862835789626484,0.8852177850727382,-9.810853604139948e-13,0.0,491309.9520292633,9257.877928366028,95566.2715323782,662.1422644528296,524.5315564629451
0.23333333333333334,0.5,0.005,0.4862835789626484,0.8841441138821323,-9.622330047842103e-13,0.0,491310.97037090367,9257.879352846321,95566.5067956034,662.1436381610464,524.5321005702874
0.23333333333333334,0.5,0.015,0.4862835789626484,0.8852177850727382,-9.810853604139948e-13,0.0,491309.9520292633,9257.877928366028,95566.2715323782,662.1422644528296,524.5315564629451
0.23333333333333334,0.5666666666666667,-0.005,0.48628525172912695,0.8852653681606951,-0.0007882605856925472,0.0,491308.58110156306,9257.874833568876,95566.3346690653,662.1404167841862,524.5308246253646
0.23333333333333334,0.5666666666666667,0.005,0.48628525172912695,0.8841704123551539,-0.0007815505127713842,0.0,491309.5974916812,9257.876258461722,95566.56848580104,662.1417878877583,524.5313677018004
0.23333333333333334,0.5666666666666667,0.015,0.48628525172912695,0.8852653681606951,-0.0007882605856925472,0.0,491308.58110156306,9257.874833568876,95566.3346690653,662.1404167841862,524.5308246253646
0.23333333333333334,0.6333333333333333,-0.005,0.48628147103146213,0.8850656431638367,-0.000422029739319737,0.0,491311.7572782063,9257.88190602844,95566.21986667255,662.1446975842597,524.5325201931827
0.23333333333333334,0.6333333333333333,0.005,0.48628147103146213,0.8839774851039801,-0.00040978882433751233,0.0,491312.7518565781,9257.883330110786,95566.43908607337,662.1460392835537,524.5330516212513
0.23333333333333334,0.6333333333333333,0.015,0.48628147103146213,0.8850656431638367,-0.000422029739319737,0.0,491311.7572782063,9257.88190602844,95566.21986667255,662.1446975842597,524.5325201931827
0.23333333333333334,0.7,-0.005,0.48628351748372106,0.8853473361820412,-0.0011460151372018408,0.0,491309.83215548756,9257.877772124151,95566.24015230149,662.142102742423,524.5314924115917
0.23333333333333334,0.7,0.005,0.48628351748372106,0.8842427248123255,-0.0011523079009829514,0.0,491310.8424704366,9257.879197075665,95566.46981805984,662.1434656700463,524.5320322489539
0.23333333333333334,0.7,0.015,0.48628351748372106,0.8853473361820412,-0.0011460151372018408,0.0,491309.83215548756,9257.877772124151,95566.24015230149,662.142102742423,524.5314924115917
0.23333333333333334,0.7666666666666667,-0.005,0.4862742589311608,0.8850015169069584,-0.00037918691937974215,0.0,491319.3382004018,9257.897783695658,95566.26848291142,662.1549145370449,524.5365669697708
0.23333333333333334,0.7666666666666667,0.005,0.4862742589311608,0.8838921695671009,-0.00035330045543809357,0.0,491320.34992032795,9257.899206952214,95566.49964026276,662.1562793633177,524.5371075539325
0.23333333333333334,0.7666666666666667,0.015,0.4862742589311608,0.8850015169069584,-0.00037918691937974215,0.0,491319.3382004018,9257.897783695658,95566.26848291142,662.1549145370449,524.5365669697708
0.23333333333333334,0.8333333333333334,-0.005,0.4862804031058196,0.885282592047388,-0.002003031308888865,0.0,491311.94711309165,9257.88286407898,95566.0404918376,662.144953165029,524.5326214251435
0.23333333333333334,0.8333333333333334,0.005,0.4862804031058196,0.8841711395507528,-0.0019868413839492513,0.0,491312.9555196985,9257.88428923464,95566.26879333048,662.1463135288715,524.5331602458673
0.23333333333333334,0.8333333333333334,0.015,0.4862804031058196,0.885282592047388,-0.002003031308888865,0.0,491311.94711309165,9257.88286407898,95566.0404918376,662.144953165029,524.5326214251435
0.23333333333333334,0.9,-0.005,0.4862326475055375,0.8852034551916332,-0.0005539596485784371,0.0,491360.7379178771,9257.985700109095,95566.14332924369,662.2107090635377,524.558665765881
0.23333333333333334,0.9,0.005,0.4862326475055375,0.884093892346929,-0.0005459962003198619,0.0,491361.7454253605,9257.987119100217,95566.37293438909,662.2120682132157,524.5592040789633
0.23333333333333334,0.9,0.015,0.4862326475055375,0.8852034551916332,-0.0005539596485784371,0.0,491360.7379178771,9257.985700109095,95566.14332924369,662.2107090635377,524.558665765881
0.23333333333333334,0.9666666666666667,-0.005,0.4863736561313344,0.8839128992051906,-0.001680260133429458,0.0,491217.41034928255,9257.683153788765,95565.97953851857,662.0175467612723,524.4821551113478
0.23333333333333334,0.9666666666666667,0.005,0.4863736561313344,0.8827990991961534,-0.001709413691964709,0.0,491218.41115065187,9257.68458132811,95566.20202633312,662.0188968760996,524.4826899240402
0.23333333333333334,0.9666666666666667,0.015,0.4863736561313344,0.8839128992051906,-0.001680260133429458,0.0,491217.41034928255,9257.683153788765,95565.97953851857,662.0175467612723,524.4821551113478
0.23333333333333334,1.0333333333333332,-0.005,0.4779784629441137,0.015526779166815342,-2.9515383312113778e-05,0.0,499846.1091664079,9275.772838239314,95566.05420468061,673.6470472316265,529.068824507441
0.23333333333333334,1.0333333333333332,0.005,0.4695832697568931,-0.8839128992051873,0.0016802601334294516,0.0,508783.3709555542,9294.181947912099,95565.97953851856,685.6913481174336,533.7775463334477
0.23333333333333334,1.0333333333333332,0.015,0.4779784629441137,0.015526779166815342,-2.9515383312113778e-05,0.0,499846.1091664079,9275.772838239314,95566.05420468061,673.6470472316265,529.068824507441
0.3,-0.03333333333333333,-0.005,0.47812092445558163,0.03233032029220647,-7.358938593939534e-05,0.0,499503.2838293724,9275.175246528597,95528.99194775948,673.1850179336183,528.8873591340382
0.3,-0.03333333333333333,0.005,0.46304371091124336,-1.0252062360265242,0.00233354624045025,0.0,515768.24091701047,9308.461129743942,95528.89154180547,695.1047377228765,537.4289912338277
0.3,-0.03333333333333333,0.015,0.47812092445558163,0.03233032029220647,-7.358938593939534e-05,0.0,499503.2838293724,9275.175246528597,95528.99194775948,673.1850179336183,528.8873591340382
0.3,0.03333333333333333,-0.005,0.49319813799991985,1.0252062360265242,-0.0023335462404502497,0.0,484232.8101362617,9242.921386927228,95528.89154180547,652.6041571558296,520.7399344983927
0.3,0.03333333333333333,0.005,0.49319813799991985,1.0239534981512919,-0.0022889779200271024,0.0,484233.36914358323,9242.921956810693,95529.09498534807,652.6049122649329,520.7402357647476
0.3,0.03333333333333333,0.015,0.49319813799991985,1.0252062360265242,-0.0023335462404502497,0.0,484232.8101362617,9242.921386927228,95528.89154180547,652.6041571558296,520.7399344983927
0.3,0.1,-0.005,0.49315420985558206,1.0244564426649307,0.0013526881566293101,0.0,484276.03642531816,9243.014068994922,95528.90657411776,652.6624146481155,520.7631770148355
0.3,0.1,0.005,0.49315420985558206,1.0232070565360605,0.0013413516522715959,0.0,484276.63564424356,9243.01468971903,95529.12137906076,652.6632239447487,520.7634998860059
0.3,0.1,0.015,0.49315420985558206,1.0244564426649307,0.0013526881566293101,0.0,484276.03642531816,9243.014068994922,95528.90657411776,652.6624146481155,520.7631770148355
0.3,0.16666666666666666,-0.005,0.4931836613521869,1.0256944499964145,0.00022176950912065706,0.0,484247.4896510033,9242.952602448506,95528.97979122607,652.62394019734,520.7478272934019
0.3,0.16666666666666666,0.005,0.4931836613521869,1.0244355369456764,0.00019960071862247812,0.0,484248.07927452493,9242.953208333189,95529.1927796349,652.6247365773858,520.74814502083
0.3,0.16666666666666666,0.015,0.4931836613521869,1.0256944499964145,0.00022176950912065706,0.0,484247.4896510033,9242.952602448506,95528.97979122607,652.62394019734,520.7478272934019
0.3,0.23333333333333334,-0.005,0.4931756911512086,1.0256404698550274,0.0007643839184789428,0.0,484255.83815819107,9242.970198329032,95529.0805947461,652.6351916289921,520.7523161980931
0.3,0.23333333333333334,0.005,0.4931756911512086,1.0243781592956147,0.0007531628659566998,0.0,484256.4336880359,9242.970806103312,95529.29704850783,652.6359959736461,520.7526371003506
0.3,0.23333333333333334,0.015,0.4931756911512086,1.0256404698550274,0.0007643839184789428,0.0,484255.83815819107,9242.970198329032,95529.0805947461,652.6351916289921,520.7523161980931
0.3,0.3,-0.005,0.49318350428278307,1.0255855227649504,0.0004929973201671635,0.0,484248.10745228344,9242.953655828618,95529.06738870082,652.624772964056,520.7481595378179
0.3,0.3,0.005,0.49318350428278307,1.0243190095911807,0.000493152664107061,0.0,484248.70429880865,9242.9542607489,95529.2856796397,652.6255790889086,520.7484811528722
0.3,0.3,0.015,0.49318350428278307,1.0255855227649504,0.0004929973201671635,0.0,484248.10745228344,9242.953655828618,95529.06738870082,652.624772964056,520.7481595378179
0.3,0.36666666666666664,-0.005,0.49318273889608794,1.0253219531333253,0.00045422754694028275,0.0,484248.91881728044,9242.955359093852,95529.07956803919,652.6258668121608,520.7485959441361
0.3,0.36666666666666664,0.005,0.49318273889608794,1.0240563444818191,0.00045858716634530975,0.0,484249.51547594456,9242.955964717663,95529.29750129212,652.6266726821307,520.7489174572319
0.3,0.36666666666666664,0.015,0.49318273889608794,1.0253219531333253,0.00045422754694028275,0.0,484248.91881728044,9242.955359093852,95529.07956803919,652.6258668121608,520.7485959441361
0.3,0.43333333333333335,-0.005,0.49318384591748626,1.0255214514504727,0.0006991760855066275,0.0,484247.6077644971,9242.952690328462,95529.03318048896,652.624099618772,520.7478908969216
0.3,0.43333333333333335,0.005,0.49318384591748626,1.0242785188428238,0.000698938382015887,0.0,484248.207980378,9242.95329471977,95529.25395169762,652.6249102518753,520.7482143107734
0.3,0.43333333333333335,0.015,0.49318384591748626,1.0255214514504727,0.0006991760855066275,0.0,484247.6077644971,9242.952690328462,95529.03318048896,652.624099618772,520.7478908969216
0.3,0.5,-0.005,0.4931847471783539,1.0250114036302944,-1.1111488885444338e-12,0.0,484247.02024364896,9242.951280702462,95529.08159071732,652.6233085167925,520.7475752751016
0.3,0.5,0.005,0.4931847471783539,1.0237679580141688,-1.0957070875390699e-12,0.0,484247.6419527352,9242.951885829589,95529.31696580074,652.6241481163331,520.7479102457338
0.3,0.5,0.015,0.4931847471783539,1.0250114036302944,-1.1111488885444338e-12,0.0,484247.02024364896,9242.951280702462,95529.08159071732,652.6233085167925,520.7475752751016
0.3,0.5666666666666667,-0.005,0.4931838459174919,1.0255214514496998,-0.0006991760843558801,0.0,484247.60776449094,9242.952690328448,95529.03318048886,652.6240996187637,520.7478908969183
0.3,0.5666666666666667,0.005,0.4931838459174919,1.0242785188420398,-0.0006989383808453325,0.0,484248.2079803719,9242.953294719759,95529.25395169752,652.624910251867,520.7482143107702
0.3,0.5666666666666667,0.015,0.4931838459174919,1.0255214514496998,-0.0006991760843558801,0.0,484247.60776449094,9242.952690328448,95529.03318048886,652.6240996187637,520.7478908969183
0.3,0.6333333333333333,-0.005,0.4931827388960892,1.0253219531323348,-0.00045422754915416065,0.0,484248.9188172782,9242.955359093849,95529.07956803897,652.6258668121578,520.7485959441349
0.3,0.6333333333333333,0.005,0.4931827388960892,1.024056344480828,-0.0004585871685864418,0.0,484249.51547594223,9242.95596471766,95529.29750129192,652.6266726821275,520.7489174572307
0.3,0.6333333333333333,0.015,0.4931827388960892,1.0253219531323348,-0.00045422754915416065,0.0,484248.9188172782,9242.955359093849,95529.07956803897,652.6258668121578,520.7485959441349
0.3,0.7,-0.005,0.4931835042827708,1.0255855227650184,-0.0004929973212620548,0.0,484248.10745229624,9242.953655828645,95529.06738870098,652.6247729640733,520.7481595378247
0.3,0.7,0.005,0.4931835042827708,1.0243190095912265,-0.0004931526652329498,0.0,484248.7042988215,9242.95426074893,95529.28567963986,652.625579088926,520.7484811528791
0.3,0.7,0.015,0.4931835042827708,1.0255855227650184,-0.0004929973212620548,0.0,484248.10745229624,9242.953655828645,95529.06738870098,652.6247729640733,520.7481595378247
0.3,0.7666666666666667,-0.005,0.4931756911511982,1.0256404698559165,-0.0007643839185842904,0.0,484255.8381582013,9242.970198329056,95529.08059474612,652.6351916290058,520.7523161980986
0.3,0.7666666666666667,0.005,0.4931756911511982,1.0243781592965353,-0.0007531628660775116,0.0,484256.4336880461,9242.970806103334,95529.29704850784,652.63599597366,520.7526371003561
0.3,0.7666666666666667,0.015,0.4931756911511982,1.0256404698559165,-0.0007643839185842904,0.0,484255.8381582013,9242.970198329056,95529.08059474612,652.6351916290058,520.7523161980986
0.3,0.8333333333333334,-0.005,0.49318366135217845,1.0256944499966765,-0.00022176951112919273,0.0,484247.4896510131,9242.952602448528,95528.97979122635,652.623940197353,520.7478272934071
0.3,0.8333333333333334,0.005,0.49318366135217845,1.0244355369459672,-0.00019960072059622077,0.0,484248.07927453466,9242.953208333209,95529.19277963518,652.6247365773988,520.7481450208352
0.3,0.8333333333333334,0.015,0.49318366135217845,1.0256944499966765,-0.00022176951112919273,0.0,484247.4896510131,9242.952602448528,95528.97979122635,652.623940197353,520.7478272934071
0.3,0.9,-0.005,0.49315420985559466,1.0244564426644018,-0.00135268815687607,0.0,484276.03642530413,9243.014068994893,95528.90657411746,652.6624146480966,520.763177014828
0.3,0.9,0.005,0.49315420985559466,1.0232070565355356,-0.0013413516525294608,0.0,484276.6356442295,9243.014689719,95529.12137906042,652.6632239447297,520.7634998859983
0.3,0.9,0.015,0.49315420985559466,1.0244564426644018,-0.00135268815687607,0.0,484276.03642530413,9243.014068994893,95528.90657411746,652.6624146480966,520.763177014828
0.3,0.9666666666666667,-0.005,0.4931981379999425,1.0252062360254737,0.0023335462403451454,0.0,484232.8101362417,9242.921386927184,95528.89154180592,652.6041571558028,520.7399344983819
0.3,0.9666666666666667,0.005,0.4931981379999425,1.0239534981502352,0.002288977919828418,0.0,484233.3691435634,9242.921956810651,95529.09498534854,652.6049122649061,520.740235764737
0.3,0.9666666666666667,0.015,0.4931981379999425,1.0252062360254737,0.0023335462403451454,0.0,484232.8101362417,9242.921386927184,95528.89154180592,652.6041571558028,520.7399344983819
0.3,1.0333333333333332,-0.005,0.4781209244555852,0.032330320292215865,7.358938593617815e-05,0.0,499503.28382937104,9275.175246528592,95528.99194775993,673.1850179336165,528.8873591340374
0.3,1.0333333333333332,0.005,0.4630437109112279,-1.0252062360254703,-0.0023335462403451367,0.0,515768.2409170303,9308.46112974398,95528.89154180592,695.1047377229032,537.428991233838
0.3,1.0333333333333332,0.015,0.4781209244555852,0.032330320292215865,7.358938593617815e-05,0.0,499503.28382937104,9275.175246528592,95528.99194775993,673.1850179336165,528.8873591340374
0.36666666666666664,-0.03333333333333333,-0.005,0.4782119907885195,0.022670879895706188,8.158009302228925e-06,0.0,499653.5961442784,9275.342213226235,95575.86229309304,673.3875955354364,528.9669306269387
0.36666666666666664,-0.03333333333333333,0.005,0.4656176328877642,-0.860854728612761,-0.0003097745176278219,0.0,513168.0277151295,9303.065469255125,95575.79146464953,691.6006161450802,536.0726518118637
0.36666666666666664,-0.03333333333333333,0.015,0.4782119907885195,0.022670879895706188,8.158009302228925e-06,0.0,499653.5961442784,9275.342213226235,95575.86229309304,673.3875955354364,528.9669306269387
0.36666666666666664,0.03333333333333333,-0.005,0.4908063486892748,0.8608547286127611,0.0003097745176278219,0.0,486832.7133558304,9248.338565875732,95575.79146464953,656.1082787336259,522.1361048418278
0.36666666666666664,0.03333333333333333,0.005,0.4908063486892748,0.8593976573735255,0.0003536813022386748,0.0,486832.19476616534,9248.336627221264,95576.06027660194,656.1075815147384,522.1358274156296
0.36666666666666664,0.03333333333333333,0.015,0.4908063486892748,0.8608547286127611,0.0003097745176278219,0.0,486832.7133558304,9248.338565875732,95575.79146464953,656.1082787336259,522.1361048418278
0.36666666666666664,0.1,-0.005,0.491079567885976,0.8572031055246665,0.0013944078002716444,0.0,486562.5275140137,9247.761459088026,95575.93073131748,655.744151097654,521.9911969220336
0.36666666666666664,0.1,0.005,0.491079567885976,0.8557466438689668,0.0013803006815781003,0.0,486562.0258400836,9247.759567437315,95576.19583578098,655.7434766684254,521.9909284894366
0.36666666666666664,0.1,0.015,0.491079567885976,0.8572031055246665,0.0013944078002716444,0.0,486562.5275140137,9247.761459088026,95575.93073131748,655.744151097654,521.9911969220336
0.36666666666666664,0.16666666666666666,-0.005,0.49101106737447464,0.8606442113211841,0.0008534636276663832,0.0,486630.30606586987,9247.906238445847,95575.90176290019,655.83549287234,522.0275509954572
0.36666666666666664,0.16666666666666666,0.005,0.49101106737447464,0.8591883213960047,0.0008244075995129039,0.0,486629.8099346549,9247.904328985644,95576.17646351135,655.8348259191768,522.0272855569298
0.36666666666666664,0.16666666666666666,0.015,0.49101106737447464,0.8606442113211841,0.0008534636276663832,0.0,486630.30606586987,9247.906238445847,95575.90176290019,655.83549287234,522.0275509954572
0.36666666666666664,0.23333333333333334,-0.005,0.4910192900976456,0.8590929389363837,0.0008156716602951526,0.0,486623.47813579533,9247.890873796176,95576.15678403813,655.8262926079834,522.0238894001589
0.36666666666666664,0.23333333333333334,0.005,0.4910192900976456,0.8576282548096749,0.000782384001037045,0.0,486622.9939668092,9247.888967819777,95576.43858553647,655.8256417835462,522.0236303788356
0.36666666666666664,0.23333333333333334,0.015,0.4910192900976456,0.8590929389363837,0.0008156716602951526,0.0,486623.47813579533,9247.890873796176,95576.15678403813,655.8262926079834,522.0238894001589
0.36666666666666664,0.3,-0.005,0.4910057697446253,0.8598007470935238,0.0004964620347637188,0.0,486636.8786641649,9247.919463763725,95576.16148682909,655.8443517997024,522.0310767184386
0.36666666666666664,0.3,0.005,0.4910057697446253,0.8583433187666406,0.0004993881718231682,0.0,486636.382428354,9247.917553853187,95576.4362659454,655.843684705664,522.0308112256379
0.36666666666666664,0.3,0.015,0.4910057697446253,0.8598007470935238,0.0004964620347637188,0.0,486636.8786641649,9247.919463763725,95576.16148682909,655.8443517997024,522.0310767184386
0.36666666666666664,0.36666666666666664,-0.005,0.49101008092672227,0.8590466291611132,0.000491573963301856,0.0,486632.4779442107,9247.910156233575,95576.1340704765,655.8384217837388,522.0287166618127
0.36666666666666664,0.36666666666666664,0.005,0.49101008092672227,0.8575839361699606,0.0005031285846820857,0.0,486631.98773936613,9247.908248014523,95576.41244985709,655.8377628222852,522.0284544044663
0.36666666666666664,0.36666666666666664,0.015,0.49101008092672227,0.8590466291611132,0.000491573963301856,0.0,486632.4779442107,9247.910156233575,95576.1340704765,655.8384217837388,522.0287166618127
0.36666666666666664,0.43333333333333335,-0.005,0.4910028493472539,0.8595701114755337,0.00043519297687144776,0.0,486639.3332992642,9247.92498399017,95576.07131340394,655.8476602005136,522.032393407265
0.36666666666666664,0.43333333333333335,0.005,0.4910028493472539,0.858117667298766,0.00045081280924802984,0.0,486638.8448446101,9247.923074025199,95576.35145712987,655.847003586985,522.0321320862002
0.36666666666666664,0.43333333333333335,0.015,0.4910028493472539,0.8595701114755337,0.00043519297687144776,0.0,486639.3332992642,9247.92498399017,95576.07131340394,655.8476602005136,522.032393407265
0.36666666666666664,0.5,-0.005,0.49100739761251716,0.858732526651849,3.538277124719928e-15,0.0,486634.53785790066,9247.91493202484,95576.0123513576,655.8411983114884,522.0298216791736
0.36666666666666664,0.5,0.005,0.49100739761251716,0.8572926729582783,1.7209890942472635e-14,0.0,486634.05573119747,9247.91302357786,95576.29634443116,655.8405502100186,522.0295637444941
0.36666666666666664,0.5,0.015,0.49100739761251716,0.858732526651849,3.538277124719928e-15,0.0,486634.53785790066,9247.91493202484,95576.0123513576,655.8411983114884,522.0298216791736
0.36666666666666664,0.5666666666666667,-0.005,0.49100284934722477,0.8595701114750134,-0.00043519297611866343,0.0,486639.3332992928,9247.924983990231,95576.07131340387,655.8476602005521,522.0323934072803
0.36666666666666664,0.5666666666666667,0.005,0.49100284934722477,0.8581176672982269,-0.00045081280848957475,0.0,486638.8448446387,9247.923074025259,95576.35145712983,655.8470035870236,522.0321320862156
0.36666666666666664,0.5666666666666667,0.015,0.49100284934722477,0.8595701114750134,-0.00043519297611866343,0.0,486639.3332992928,9247.924983990231,95576.07131340387,655.8476602005521,522.0323934072803
0.36666666666666664,0.6333333333333333,-0.005,0.4910100809267315,0.8590466291614659,-0.0004915739634879963,0.0,486632.4779442011,9247.910156233555,95576.13407047642,655.8384217837258,522.0287166618076
0.36666666666666664,0.6333333333333333,0.005,0.4910100809267315,0.8575839361702878,-0.0005031285848913289,0.0,486631.9877393565,9247.908248014503,95576.41244985699,655.8377628222722,522.0284544044612
0.36666666666666664,0.6333333333333333,0.015,0.4910100809267315,0.8590466291614659,-0.0004915739634879963,0.0,486632.4779442011,9247.910156233555,95576.13407047642,655.8384217837258,522.0287166618076
0.36666666666666664,0.7,-0.005,0.49100576974461857,0.8598007470940222,-0.0004964620353110884,0.0,486636.87866417214,9247.91946376374,95576.16148682921,655.8443517997122,522.0310767184425
0.36666666666666664,0.7,0.005,0.49100576974461857,0.8583433187671552,-0.0004993881723500287,0.0,486636.3824283612,9247.917553853202,95576.43626594551,655.8436847056738,522.0308112256417
0.36666666666666664,0.7,0.015,0.49100576974461857,0.8598007470940222,-0.0004964620353110884,0.0,486636.87866417214,9247.91946376374,95576.16148682921,655.8443517997122,522.0310767184425
0.36666666666666664,0.7666666666666667,-0.005,0.4910192900976544,0.8590929389364432,-0.0008156716605068295,0.0,486623.47813578555,9247.890873796154,95576.15678403791,655.8262926079702,522.0238894001536
0.36666666666666664,0.7666666666666667,0.005,0.4910192900976544,0.8576282548097253,-0.0007823840012462276,0.0,486622.99396679946,9247.888967819757,95576.43858553626,655.8256417835331,522.0236303788303
0.36666666666666664,0.7666666666666667,0.015,0.4910192900976544,0.8590929389364432,-0.0008156716605068295,0.0,486623.47813578555,9247.890873796154,95576.15678403791,655.8262926079702,522.0238894001536
0.36666666666666664,0.8333333333333334,-0.005,0.4910110673744786,0.860644211322014,-0.0008534636286157556,0.0,486630.3060658664,9247.90623844584,95575.90176290026,655.8354928723353,522.0275509954554
0.36666666666666664,0.8333333333333334,0.005,0.4910110673744786,0.8591883213968264,-0.0008244076004579536,0.0,486629.8099346514,9247.904328985636,95576.17646351144,655.834825919172,522.0272855569278
0.36666666666666664,0.8333333333333334,0.015,0.4910110673744786,0.860644211322014,-0.0008534636286157556,0.0,486630.3060658664,9247.90623844584,95575.90176290026,655.8354928723353,522.0275509954554
0.36666666666666664,0.9,-0.005,0.4910795678859806,0.857203105524898,-0.0013944078007037677,0.0,486562.52751400793,9247.761459088013,95575.93073131725,655.7441510976463,521.9911969220304
0.36666666666666664,0.9,0.005,0.4910795678859806,0.8557466438691772,-0.0013803006820594448,0.0,486562.02584007784,9247.759567437306,95576.19583578075,655.7434766684175,521.9909284894335
0.36666666666666664,0.9,0.015,0.4910795678859806,0.857203105524898,-0.0013944078007037677,0.0,486562.52751400793,9247.761459088013,95575.93073131725,655.7441510976463,521.9911969220304
0.36666666666666664,0.9666666666666667,-0.005,0.4908063486892822,0.8608547286132582,-0.000309774517165207,0.0,486832.7133558252,9248.338565875722,95575.79146464996,656.1082787336189,522.136104841825
0.36666666666666664,0.9666666666666667,0.005,0.4908063486892822,0.8593976573739995,-0.000353681301861434,0.0,486832.19476616016,9248.33662722125,95576.06027660237,656.1075815147315,522.1358274156269
0.36666666666666664,0.9666666666666667,0.015,0.4908063486892822,0.8608547286132582,-0.000309774517165207,0.0,486832.7133558252,9248.338565875722,95575.79146464996,656.1082787336189,522.136104841825
0.36666666666666664,1.0333333333333332,-0.005,0.47821199078852195,0.02267087989572964,-8.158009290049538e-06,0.0,499653.5961442782,9275.342213226233,95575.86229309348,673.3875955354362,528.9669306269386
0.36666666666666664,1.0333333333333332,0.005,0.46561763288776165,-0.8608547286132551,0.0003097745171652059,0.0,513168.0277151346,9303.065469255134,95575.79146464996,691.6006161450871,536.0726518118664
0.36666666666666664,1.0333333333333332,0.015,0.47821199078852195,0.02267087989572964,-8.158009290049538e-06,0.0,499653.5961442782,9275.342213226233,95575.86229309348,673.3875955354362,528.9669306269386
0.43333333333333335,-0.03333333333333333,-0.005,0.47770263558846937,8.760267515641735e-05,2.82411820545461e-07,0.0,500000.4874686234,9276.173470920603,95540.34792830635,673.8551044051475,529.150520157003
0.43333333333333335,-0.03333333333333333,0.005,0.47765943028484736,-0.9913304577640351,-0.003195832077494911,0.0,500044.67576921114,9276.264543280739,95540.25403647615,673.9139951429462,529.1736418811854
0.43333333333333335,-0.03333333333333333,0.015,0.47770263558846937,8.760267515641735e-05,2.82411820545461e-07,0.0,500000.4874686234,9276.173470920603,95540.34792830635,673.8551044051475,529.150520157003
0.43333333333333335,0.03333333333333333,-0.005,0.4777458408920913,0.9913304577640351,0.003195832077494911,0.0,499956.30697707896,9276.080948277728,95540.25403647615,673.7948997357599,529.1268815116115
0.43333333333333335,0.03333333333333333,0.005,0.4777458408920913,0.9898036457941443,0.003258646239973727,0.0,499955.2678960553,9276.077946522264,95540.52633616238,673.7935013950366,529.1263324572551
0.43333333333333335,0.03333333333333333,0.015,0.4777458408920913,0.9913304577640351,0.003195832077494911,0.0,499956.30697707896,9276.080948277728,95540.25403647615,673.7948997357599,529.1268815116115
0.43333333333333335,0.1,-0.005,0.4780597608446291,0.9920823215113015,0.00034786818241250983,0.0,499628.10157145956,9275.398732039916,95540.27043766067,673.3525733931706,528.9531749562811
0.43333333333333335,0.1,0.005,0.4780597608446291,0.9905452085389393,0.0003369157065671877,0.0,499627.03512667323,9275.395684984962,95540.53855713944,673.3511381896378,528.9526112427826
0.43333333333333335,0.1,0.015,0.4780597608446291,0.9920823215113015,0.00034786818241250983,0.0,499628.10157145956,9275.398732039916,95540.27043766067,673.3525733931706,528.9531749562811
0.43333333333333335,0.16666666666666666,-0.005,0.4779877360793034,0.9933076635798763,0.0010717912100478592,0.0,499703.750110953,9275.555793385372,95540.33764002658,673.4545239626971,528.993217155929
0.43333333333333335,0.16666666666666666,0.005,0.4779877360793034,0.9917864241987318,0.0010404783630056673,0.0,499702.6943337001,9275.552756270248,95540.60979721278,673.4531031172547,528.9926591241903
0.43333333333333335,0.16666666666666666,0.015,0.4779877360793034,0.9933076635798763,0.0010717912100478592,0.0,499703.750110953,9275.555793385372,95540.33764002658,673.4545239626971,528.993217155929
0.43333333333333335,0.23333333333333334,-0.005,0.47798702359398554,0.9921887677753042,0.0003321749558293289,0.0,499705.38088222535,9275.55865729049,95540.50776569235,673.4567232653566,528.9940809226706
0.43333333333333335,0.23333333333333334,0.005,0.47798702359398554,0.9906804416421453,0.0003190540051430665,0.0,499704.323169773,9275.555618936567,95540.77901972042,673.455299792255,528.9935218598408
0.43333333333333335,0.23333333333333334,0.015,0.47798702359398554,0.9921887677753042,0.0003321749558293289,0.0,499705.38088222535,9275.55865729049,95540.50776569235,673.4567232653566,528.9940809226706
0.43333333333333335,0.3,-0.005,0.47797452750859853,0.9929356246936356,0.0002855269005343645,0.0,499718.06427759264,9275.585240865603,95540.43731221653,673.4738157910705,529.0007938911866
0.43333333333333335,0.3,0.005,0.47797452750859853,0.9914253059726847,0.00028772764634724243,0.0,499717.00254257297,9275.582204330629,95540.70530877182,673.4723869008932,529.0002327079443
0.43333333333333335,0.3,0.015,0.47797452750859853,0.9929356246936356,0.0002855269005343645,0.0,499718.06427759264,9275.585240865603,95540.43731221653,673.4738157910705,529.0007938911866
0.43333333333333335,0.36666666666666664,-0.005,0.47797417356524974,0.9919811516542837,0.0003373284657014319,0.0,499718.7005856305,9275.58639864999,95540.49104556556,673.4746746257019,529.0011311901626
0.43333333333333335,0.36666666666666664,0.005,0.47797417356524974,0.9904813020549613,0.0003469580709113651,0.0,499717.6336359241,9275.583362575331,95540.75539761427,673.4732386917235,529.0005672408915
0.43333333333333335,0.36666666666666664,0.015,0.47797417356524974,0.9919811516542837,0.0003373284657014319,0.0,499718.7005856305,9275.58639864999,95540.49104556556,673.4746746257019,529.0011311901626
0.43333333333333335,0.43333333333333335,-0.005,0.47796874144282,0.9924022215184903,0.00037297577092373696,0.0,499723.7492532124,9275.59728600517,95540.3644576854,673.4814781968438,529.0038032191758
0.43333333333333335,0.43333333333333335,0.005,0.47796874144282,0.9908957291875632,0.0003961938345265245,0.0,499722.6952216617,9275.594250690163,95540.6372211405,673.4800596824933,529.0032461141138
0.43333333333333335,0.43333333333333335,0.015,0.47796874144282,0.9924022215184903,0.00037297577092373696,0.0,499723.7492532124,9275.59728600517,95540.3644576854,673.4814781968438,529.0038032191758
0.43333333333333335,0.5,-0.005,0.4779696230426704,0.9918151794986703,-6.516559947738297e-13,0.0,499722.5639509676,9275.59497768761,95540.31474894953,673.4798815394776,529.0031761504686
0.43333333333333335,0.5,0.005,0.4779696230426704,0.990310147197523,-6.61840744689864e-13,0.0,499721.5089725818,9275.591942738552,95540.58675765761,673.4784617459405,529.0026185423596
0.43333333333333335,0.5,0.015,0.4779696230426704,0.9918151794986703,-6.516559947738297e-13,0.0,499722.5639509676,9275.59497768761,95540.31474894953,673.4798815394776,529.0031761504686
0.43333333333333335,0.5666666666666667,-0.005,0.47796874144282964,0.9924022215173769,-0.0003729757709240821,0.0,499723.74925320275,9275.59728600515,95540.36445768549,673.4814781968307,529.0038032191707
0.43333333333333335,0.5666666666666667,0.005,0.47796874144282964,0.9908957291864084,-0.00039619383452688887,0.0,499722.6952216522,9275.594250690143,95540.63722114061,673.4800596824805,529.0032461141087
0.43333333333333335,0.5666666666666667,0.015,0.47796874144282964,0.9924022215173769,-0.0003729757709240821,0.0,499723.74925320275,9275.59728600515,95540.36445768549,673.4814781968307,529.0038032191707
0.43333333333333335,0.6333333333333333,-0.005,0.477974173565263,0.9919811516545194,-0.00033732846691008223,0.0,499718.7005856165,9275.58639864996,95540.49104556556,673.4746746256831,529.0011311901552
0.43333333333333335,0.6333333333333333,0.005,0.477974173565263,0.9904813020551785,-0.0003469580721180487,0.0,499717.6336359102,9275.583362575302,95540.75539761427,673.4732386917049,529.0005672408842
0.43333333333333335,0.6333333333333333,0.015,0.477974173565263,0.9919811516545194,-0.00033732846691008223,0.0,499718.7005856165,9275.58639864996,95540.49104556556,673.4746746256831,529.0011311901552
0.43333333333333335,0.7,-0.005,0.4779745275085725,0.9929356246944183,-0.0002855269009329639,0.0,499718.0642776202,9275.585240865661,95540.43731221659,673.4738157911077,529.0007938912012
0.43333333333333335,0.7,0.005,0.4779745275085725,0.9914253059734793,-0.00028772764676442505,0.0,499717.0025426005,9275.582204330685,95540.70530877188,673.4723869009302,529.0002327079587
0.43333333333333335,0.7,0.015,0.4779745275085725,0.9929356246944183,-0.0002855269009329639,0.0,499718.0642776202,9275.585240865661,95540.43731221659,673.4738157911077,529.0007938912012
0.43333333333333335,0.7666666666666667,-0.005,0.477987023594008,0.9921887677762464,-0.00033217495600153387,0.0,499705.38088220253,9275.558657290443,95540.50776569248,673.4567232653258,528.9940809226586
0.43333333333333335,0.7666666666666667,0.005,0.477987023594008,0.9906804416430379,-0.0003190540053453648,0.0,499704.32316975034,9275.555618936518,95540.77901972058,673.4552997922244,528.9935218598288
0.43333333333333335,0.7666666666666667,0.015,0.477987023594008,0.9921887677762464,-0.00033217495600153387,0.0,499705.38088220253,9275.558657290443,95540.50776569248,673.4567232653258,528.9940809226586
0.43333333333333335,0.8333333333333334,-0.005,0.47798773607930045,0.9933076635798274,-0.0010717912114587736,0.0,499703.7501109577,9275.555793385382,95540.3376400269,673.4545239627034,528.9932171559316
0.43333333333333335,0.8333333333333334,0.005,0.47798773607930045,0.9917864241986629,-0.0010404783643826617,0.0,499702.6943337048,9275.552756270255,95540.6097972131,673.4531031172611,528.9926591241928
0.43333333333333335,0.8333333333333334,0.015,0.47798773607930045,0.9933076635798274,-0.0010717912114587736,0.0,499703.7501109577,9275.555793385382,95540.3376400269,673.4545239627034,528.9932171559316
0.43333333333333335,0.9,-0.005,0.47805976084462515,0.9920823215113405,-0.00034786818209892246,0.0,499628.1015714629,9275.398732039923,95540.27043766054,673.352573393175,528.953174956283
0.43333333333333335,0.9,0.005,0.47805976084462515,0.9905452085389772,-0.0003369157062965068,0.0,499627.0351266765,9275.395684984971,95540.53855713928,673.3511381896423,528.9526112427843
0.43333333333333335,0.9,0.015,0.47805976084462515,0.9920823215113405,-0.00034786818209892246,0.0,499628.1015714629,9275.398732039923,95540.27043766054,673.352573393175,528.953174956283
0.43333333333333335,0.9666666666666667,-0.005,0.4777458408920813,0.991330457764253,-0.0031958320771933286,0.0,499956.30697709275,9276.080948277753,95540.25403647678,673.7948997357786,529.1268815116189
0.43333333333333335,0.9666666666666667,0.005,0.4777458408920813,0.989803645794354,-0.0032586462397764015,0.0,499955.26789606916,9276.077946522291,95540.52633616302,673.7935013950553,529.1263324572625
0.43333333333333335,0.9666666666666667,0.015,0.4777458408920813,0.991330457764253,-0.0031958320771933286,0.0,499956.30697709275,9276.080948277753,95540.25403647678,673.7948997357786,529.1268815116189
0.43333333333333335,1.0333333333333332,-0.005,0.4777026355884725,8.760267513079363e-05,-2.8241182043606324e-07,0.0,500000.4874686234,9276.173470920603,95540.34792830696,673.8551044051475,529.150520157003
0.43333333333333335,1.0333333333333332,0.005,0.47765943028486374,-0.9913304577642494,0.0031958320771933173,0.0,500044.6757691973,9276.264543280708,95540.25403647678,673.9139951429275,529.173641881178
0.43333333333333335,1.0333333333333332,0.015,0.4777026355884725,8.760267513079363e-05,-2.8241182043606324e-07,0.0,500000.4874686234,9276.173470920603,95540.34792830696,673.8551044051475,529.150520157003
0.5,-0.03333333333333333,-0.005,0.47820371473169154,-0.019435123397204997,-6.278926841470122e-05,0.0,499722.9023571055,9275.4503415746,95587.44036633734,673.4810002267403,529.0036155020258
0.5,-0.03333333333333333,0.005,0.4894680779606236,-0.8250671969644398,-0.0026655537313344637,0.0,488222.4370269467,9251.263819668124,95587.3752959022,657.9812623388871,522.8808412315892
0.5,-0.03333333333333333,0.015,0.47820371473169154,-0.019435123397204997,-6.278926841470122e-05,0.0,499722.9023571055,9275.4503415746,95587.44036633734,673.4810002267403,529.0036155020258
0.5,0.03333333333333333,-0.005,0.4669393515027595,0.8250671969644396,0.0026655537313344637,0.0,511778.24371603824,9300.21241845342,95587.3752959022,689.7276325398191,535.346267263484
0.5,0.03333333333333333,0.005,0.4669393515027595,0.8234267516675675,0.0027088644550766175,0.0,511778.12626988767,9300.211251487988,95587.67523688963,689.7274760787208,535.3462065432332
0.5,0.03333333333333333,0.015,0.4669393515027595,0.8250671969644396,0.0026655537313344637,0.0,511778.24371603824,9300.21241845342,95587.3752959022,689.7276325398191,535.346267263484
0.5,0.1,-0.005,0.4668427183901354,0.8275154133229328,8.43104908295786e-05,0.0,511885.4333474154,9300.42927028562,95587.59860609948,689.8720902379139,535.4023262329534
0.5,0.1,0.005,0.4668427183901354,0.8258662840605258,7.444299077309578e-05,0.0,511885.2502804263,9300.427974982085,95587.89701539789,689.8718453542639,535.4022312071586
0.5,0.1,0.015,0.4668427183901354,0.8275154133229328,8.43104908295786e-05,0.0,511885.4333474154,9300.42927028562,95587.59860609948,689.8720902379139,535.4023262329534
0.5,0.16666666666666666,-0.005,0.466900599032891,0.8283820242655113,0.0014406971963961707,0.0,511821.1433778406,9300.299259581641,95587.44834874928,689.7854451056787,535.3687029985144
0.5,0.16666666666666666,0.005,0.466900599032891,0.8267478412317608,0.0014397903334444123,0.0,511820.9749757982,9300.298002229056,95587.744098894,689.7852199713816,535.3686156308646
0.5,0.16666666666666666,0.015,0.466900599032891,0.8283820242655113,0.0014406971963961707,0.0,511821.1433778406,9300.299259581641,95587.44834874928,689.7854451056787,535.3687029985144
0.5,0.23333333333333334,-0.005,0.4668692639444944,0.8277082393411814,0.0006371552408211155,0.0,511856.36892561626,9300.37026624964,95587.60498696925,689.8329196427876,535.3871260779167
0.5,0.23333333333333334,0.005,0.4668692639444944,0.8260782249345016,0.0006133672325522952,0.0,511856.21016911854,9300.369002471745,95587.90911598892,689.8327075017701,535.3870437553896
0.5,0.23333333333333334,0.015,0.4668692639444944,0.8277082393411814,0.0006371552408211155,0.0,511856.36892561626,9300.37026624964,95587.60498696925,689.8329196427876,535.3871260779167
0.5,0.3,-0.005,0.46688710437024783,0.8280133842888467,0.0005238141278602033,0.0,511836.92334851646,9300.330739416859,95587.62470363341,689.806712325198,535.3769560836236
0.5,0.3,0.005,0.46688710437024783,0.8263819799011364,0.0005356003631698253,0.0,511836.7724635747,9300.329482783223,95587.93167415506,689.8065107949363,535.3768778771754
0.5,0.3,0.015,0.46688710437024783,0.8280133842888467,0.0005238141278602033,0.0,511836.92334851646,9300.330739416859,95587.62470363341,689.806712325198,535.3769560836236
0.5,0.36666666666666664,-0.005,0.46687460404620906,0.8276096686206152,5.9161052837508775e-06,0.0,511850.0241642299,9300.357660958902,95587.51765382504,689.824368861655,535.3838078886911
0.5,0.36666666666666664,0.005,0.46687460404620906,0.8259807608425915,2.2002450408005147e-05,0.0,511849.8607367308,9300.356403412648,95587.81672052755,689.8241504240186,535.3837231221997
0.5,0.36666666666666664,0.015,0.46687460404620906,0.8276096686206152,5.9161052837508775e-06,0.0,511850.0241642299,9300.357660958902,95587.51765382504,689.824368861655,535.3838078886911
0.5,0.43333333333333335,-0.005,0.4668825306910095,0.8275592619584621,0.0003564837546234225,0.0,511841.26673078147,9300.339925487533,95587.50547168328,689.8125664468353,535.3792278469431
0.5,0.43333333333333335,0.005,0.4668825306910095,0.8259506309303822,0.0003676174257866094,0.0,511841.1041507005,9300.338670342551,95587.80430607745,689.8123491285854,535.3791435141173
0.5,0.43333333333333335,0.015,0.4668825306910095,0.8275592619584621,0.0003564837546234225,0.0,511841.26673078147,9300.339925487533,95587.50547168328,689.8125664468353,535.3792278469431
0.5,0.5,-0.005,0.4668743569799182,0.827219549752355,-8.65246093527909e-13,0.0,511849.8723586622,9300.357609238343,95587.43529848315,689.8241647069681,535.3837286648142
0.5,0.5,0.005,0.4668743569799182,0.8255844053325171,-8.934206705571963e-13,0.0,511849.7176179586,9300.356353479925,95587.73946995263,689.8239579826864,535.3836484437734
0.5,0.5,0.015,0.4668743569799182,0.827219549752355,-8.65246093527909e-13,0.0,511849.8723586622,9300.357609238343,95587.43529848315,689.8241647069681,535.3837286648142
0.5,0.5666666666666667,-0.005,0.46688253069101326,0.8275592619582728,-0.00035648375349379345,0.0,511841.2667307783,9300.339925487526,95587.50547168349,689.812566446831,535.3792278469415
0.5,0.5666666666666667,0.005,0.46688253069101326,0.8259506309301841,-0.000367617424659019,0.0,511841.1041506973,9300.338670342544,95587.80430607763,689.8123491285811,535.3791435141156
0.5,0.5666666666666667,0.015,0.46688253069101326,0.8275592619582728,-0.00035648375349379345,0.0,511841.2667307783,9300.339925487526,95587.50547168349,689.812566446831,535.3792278469415
0.5,0.6333333333333333,-0.005,0.46687460404623066,0.8276096686211236,-5.916106256793119e-06,0.0,511850.02416420664,9300.357660958854,95587.5176538251,689.8243688616236,535.3838078886789
0.5,0.6333333333333333,0.005,0.46687460404623066,0.8259807608431086,-2.200245135612966e-05,0.0,511849.8607367076,9300.356403412601,95587.81672052764,689.8241504239872,535.3837231221876
0.5,0.6333333333333333,0.015,0.46687460404623066,0.8276096686211236,-5.916106256793119e-06,0.0,511850.02416420664,9300.357660958854,95587.5176538251,689.8243688616236,535.3838078886789
0.5,0.7,-0.005,0.4668871043702386,0.8280133842888032,-0.000523814127864257,0.0,511836.9233485264,9300.330739416879,95587.6247036334,689.8067123252114,535.3769560836289
0.5,0.7,0.005,0.4668871043702386,0.826381979901086,-0.0005356003631896396,0.0,511836.77246358455,9300.329482783243,95587.93167415501,689.8065107949496,535.3768778771806
0.5,0.7,0.015,0.4668871043702386,0.8280133842888032,-0.000523814127864257,0.0,511836.9233485264,9300.330739416879,95587.6247036334,689.8067123252114,535.3769560836289
0.5,0.7666666666666667,-0.005,0.4668692639444949,0.8277082393417746,-0.0006371552405667726,0.0,511856.36892561655,9300.37026624964,95587.60498696941,689.8329196427879,535.387126077917
0.5,0.7666666666666667,0.005,0.4668692639444949,0.8260782249351243,-0.0006133672323339516,0.0,511856.2101691188,9300.369002471745,95587.9091159891,689.8327075017704,535.3870437553898
0.5,0.7666666666666667,0.015,0.4668692639444949,0.8277082393417746,-0.0006371552405667726,0.0,511856.36892561655,9300.37026624964,95587.60498696941,689.8329196427879,535.387126077917
0.5,0.8333333333333334,-0.005,0.4669005990328873,0.828382024265932,-0.0014406971976034654,0.0,511821.1433778458,9300.29925958165,95587.4483487495,689.7854451056858,535.3687029985173
0.5,0.8333333333333334,0.005,0.4669005990328873,0.8267478412322162,-0.0014397903345960141,0.0,511820.9749758035,9300.298002229065,95587.74409889424,689.7852199713886,535.3686156308675
0.5,0.8333333333333334,0.015,0.4669005990328873,0.828382024265932,-0.0014406971976034654,0.0,511821.1433778458,9300.29925958165,95587.4483487495,689.7854451056858,535.3687029985173
0.5,0.9,-0.005,0.4668427183901078,0.8275154133240522,-8.431049036264762e-05,0.0,511885.4333474443,9300.42927028568,95587.59860609923,689.8720902379528,535.4023262329686
0.5,0.9,0.005,0.4668427183901078,0.8258662840616413,-7.444299032573701e-05,0.0,511885.2502804552,9300.427974982143,95587.89701539766,689.8718453543029,535.4022312071737
0.5,0.9,0.015,0.4668427183901078,0.8275154133240522,-8.431049036264762e-05,0.0,511885.4333474443,9300.42927028568,95587.59860609923,689.8720902379528,535.4023262329686
0.5,0.9666666666666667,-0.005,0.46693935150278604,0.8250671969647452,-0.0026655537320692656,0.0,511778.2437160115,9300.212418453364,95587.37529590265,689.727632539783,535.34626726347
0.5,0.9666666666666667,0.005,0.46693935150278604,0.8234267516679169,-0.0027088644559063743,0.0,511778.12626986095,9300.211251487934,95587.67523689008,689.7274760786848,535.3462065432192
0.5,0.9666666666666667,0.015,0.46693935150278604,0.8250671969647452,-0.0026655537320692656,0.0,511778.2437160115,9300.212418453364,95587.37529590265,689.727632539783,535.34626726347
0.5,1.0333333333333332,-0.005,0.47820371473169254,-0.01943512339716659,6.278926843186278e-05,0.0,499722.90235710685,9275.4503415746,95587.44036633779,673.4810002267421,529.0036155020265
0.5,1.0333333333333332,0.005,0.48946807796059905,-0.8250671969647424,0.002665553732069256,0.0,488222.4370269736,9251.26381966818,95587.37529590266,657.9812623389233,522.8808412316035
0.5,1.0333333333333332,0.015,0.47820371473169254,-0.01943512339716659,6.278926843186278e-05,0.0,499722.90235710685,9275.4503415746,95587.44036633779,673.4810002267421,529.0036155020265
0.5666666666666667,-0.03333333333333333,-0.005,0.4779476570055059,-0.018709113260214672,-5.1804385014132074e-05,0.0,499807.8348938136,9275.735356663206,95552.51083571876,673.5954645805884,529.0485681320063
0.5666666666666667,-0.03333333333333333,0.005,0.4873299720766931,-0.9532090966317885,-0.002639377417522759,0.0,490186.70340711804,9255.543146376658,95552.42401539619,660.6283680590886,523.9315790214525
0.5666666666666667,-0.03333333333333333,0.015,0.4779476570055059,-0.018709113260214672,-5.1804385014132074e-05,0.0,499807.8348938136,9275.735356663206,95552.51083571876,673.5954645805884,529.0485681320063
0.5666666666666667,0.03333333333333333,-0.005,0.46856534193431876,0.9532090966317885,0.002639377417522759,0.0,509814.20520743047,9296.326481763199,95552.42401539619,687.0805268196175,534.3179769613666
0.5666666666666667,0.03333333333333333,0.005,0.46856534193431876,0.9515384928241973,0.0026965620301236688,0.0,509815.66462679877,9296.328615028151,95552.69563684761,687.0824958361337,534.3187425777148
0.5666666666666667,0.03333333333333333,0.015,0.46856534193431876,0.9532090966317885,0.002639377417522759,0.0,509814.20520743047,9296.326481763199,95552.42401539619,687.0805268196175,534.3179769613666
0.5666666666666667,0.1,-0.005,0.46784914178882386,0.958072379260043,0.00020878543493876213,0.0,510595.0919349343,9297.916155842458,95552.50105345181,688.1329285492862,534.7270279972759
0.5666666666666667,0.1,0.005,0.46784914178882386,0.9564146921279552,0.00020398249348414386,0.0,510596.49178585975,9297.918182219404,95552.76660191412,688.1348172793896,534.7277618339373
0.5666666666666667,0.1,0.015,0.46784914178882386,0.958072379260043,0.00020878543493876213,0.0,510595.0919349343,9297.916155842458,95552.50105345181,688.1329285492862,534.7270279972759
0.5666666666666667,0.16666666666666666,-0.005,0.46809199693072595,0.9578370414178504,0.0013466599817537658,0.0,510329.9856655373,9297.376788851474,95552.45957342371,687.7756427745707,534.5881920559876
0.5666666666666667,0.16666666666666666,0.005,0.46809199693072595,0.9561617852842492,0.0013336629424078306,0.0,510331.4160333841,9297.378847989881,95552.735060667,687.7775726547369,534.588942075588
0.5666666666666667,0.16666666666666666,0.015,0.46809199693072595,0.9578370414178504,0.0013466599817537658,0.0,510329.9856655373,9297.376788851474,95552.45957342371,687.7756427745707,534.5881920559876
0.5666666666666667,0.23333333333333334,-0.005,0.46803024016284883,0.9571948765707057,0.00038405743083135723,0.0,510398.09040165105,9297.51498212851,95552.59773599145,687.8674289630206,534.6238622458918
0.5666666666666667,0.23333333333333334,0.005,0.46803024016284883,0.9555470636734582,0.0003734619444746496,0.0,510399.5288843713,9297.517035780025,95552.88016419765,687.8693697428652,534.624616451165
0.5666666666666667,0.23333333333333334,0.015,0.46803024016284883,0.9571948765707057,0.00038405743083135723,0.0,510398.09040165105,9297.51498212851,95552.59773599145,687.8674289630206,534.6238622458918
0.5666666666666667,0.3,-0.005,0.46808086830865836,0.9573167315991166,0.0001853391083891622,0.0,510342.5559548831,9297.40213198853,95552.53844448432,687.79258453801,534.5947761877533
0.5666666666666667,0.3,0.005,0.46808086830865836,0.9556757739887702,0.00018868677074824187,0.0,510343.99276040075,9297.404190815329,95552.81820578848,687.7945230489088,534.5955295522799
0.5666666666666667,0.3,0.015,0.46808086830865836,0.9573167315991166,0.0001853391083891622,0.0,510342.5559548831,9297.40213198853,95552.53844448432,687.79258453801,534.5947761877533
0.5666666666666667,0.36666666666666664,-0.005,0.46806557670683635,0.9568376718354157,4.25451735888262e-05,0.0,510359.3976097165,9297.436306030857,95552.57304349239,687.8152828039762,534.6035973604257
0.5666666666666667,0.36666666666666664,0.005,0.46806557670683635,0.955182049590457,7.510293898354363e-05,0.0,510360.82842585706,9297.438365085738,95552.84878423519,687.8172132607549,534.6043475824985
0.5666666666666667,0.36666666666666664,0.015,0.46806557670683635,0.9568376718354157,4.25451735888262e-05,0.0,510359.3976097165,9297.436306030857,95552.57304349239,687.8152828039762,534.6035973604257
0.5666666666666667,0.43333333333333335,-0.005,0.4680807944136074,0.9571254530971947,-9.697617824367752e-06,0.0,510341.3321360542,9297.400393264867,95552.29634833083,687.7909354332716,534.5941352944615
0.5666666666666667,0.43333333333333335,0.005,0.4680807944136074,0.9554613126385403,7.797146535996579e-06,0.0,510342.7647836423,9297.402452583268,95552.5732424825,687.792868369922,534.5948864935672
0.5666666666666667,0.43333333333333335,0.015,0.4680807944136074,0.9571254530971947,-9.697617824367752e-06,0.0,510341.3321360542,9297.400393264867,95552.29634833083,687.7909354332716,534.5941352944615
0.5666666666666667,0.5,-0.005,0.4680724751978894,0.9566103936223538,-4.1801876316505423e-13,0.0,510351.1608142239,9297.419944535852,95552.44310109544,687.8041822944759,534.5992834142229
0.5666666666666667,0.5,0.005,0.4680724751978894,0.9549557066593259,-4.3765258928836553e-13,0.0,510352.5841924538,9297.422004926084,95552.71355180022,687.8061027254081,534.6000297460351
0.5666666666666667,0.5,0.015,0.4680724751978894,0.9566103936223538,-4.1801876316505423e-13,0.0,510351.1608142239,9297.419944535852,95552.44310109544,687.8041822944759,534.5992834142229
0.5666666666666667,0.5666666666666667,-0.005,0.4680807944135817,0.9571254530976424,9.697619095308026e-06,0.0,510341.332136083,9297.400393264925,95552.29634833097,687.7909354333104,534.5941352944766
0.5666666666666667,0.5666666666666667,0.005,0.4680807944135817,0.9554613126390031,-7.797145257861305e-06,0.0,510342.7647836711,9297.402452583327,95552.57324248266,687.7928683699608,534.5948864935823
0.5666666666666667,0.5666666666666667,0.015,0.4680807944135817,0.9571254530976424,9.697619095308026e-06,0.0,510341.332136083,9297.400393264925,95552.29634833097,687.7909354333104,534.5941352944766
0.5666666666666667,0.6333333333333333,-0.005,0.4680655767068472,0.956837671834836,-4.2545175327720726e-05,0.0,510359.3976097045,9297.436306030831,95552.57304349235,687.81528280396,534.6035973604195
0.5666666666666667,0.6333333333333333,0.005,0.4680655767068472,0.9551820495898768,-7.510294072247267e-05,0.0,510360.828425845,9297.438365085714,95552.84878423515,687.8172132607388,534.6043475824922
0.5666666666666667,0.6333333333333333,0.015,0.4680655767068472,0.956837671834836,-4.2545175327720726e-05,0.0,510359.3976097045,9297.436306030831,95552.57304349235,687.81528280396,534.6035973604195
0.5666666666666667,0.7,-0.005,0.4680808683086886,0.9573167315990478,-0.0001853391080437487,0.0,510342.5559548507,9297.402131988465,95552.53844448445,687.7925845379664,534.5947761877362
0.5666666666666667,0.7,0.005,0.4680808683086886,0.9556757739887155,-0.00018868677040088567,0.0,510343.9927603684,9297.404190815263,95552.8182057886,687.7945230488651,534.595529552263
0.5666666666666667,0.7,0.015,0.4680808683086886,0.9573167315990478,-0.0001853391080437487,0.0,510342.5559548507,9297.402131988465,95552.53844448445,687.7925845379664,534.5947761877362
0.5666666666666667,0.7666666666666667,-0.005,0.46803024016281697,0.9571948765715318,-0.0003840574314157746,0.0,510398.09040168533,9297.514982128581,95552.59773599135,687.8674289630668,534.6238622459099
0.5666666666666667,0.7666666666666667,0.005,0.46803024016281697,0.9555470636743227,-0.00037346194504658695,0.0,510399.5288844055,9297.517035780096,95552.88016419756,687.8693697429112,534.624616451183
0.5666666666666667,0.7666666666666667,0.015,0.46803024016281697,0.9571948765715318,-0.0003840574314157746,0.0,510398.09040168533,9297.514982128581,95552.59773599135,687.8674289630668,534.6238622459099
0.5666666666666667,0.8333333333333334,-0.005,0.46809199693073805,0.9578370414175844,-0.0013466599836435666,0.0,510329.98566552444,9297.376788851447,95552.45957342377,687.7756427745534,534.5881920559809
0.5666666666666667,0.8333333333333334,0.005,0.46809199693073805,0.9561617852840179,-0.0013336629442924147,0.0,510331.41603337135,9297.378847989854,95552.73506066708,687.7775726547197,534.5889420755813
0.5666666666666667,0.8333333333333334,0.015,0.46809199693073805,0.9578370414175844,-0.0013466599836435666,0.0,510329.98566552444,9297.376788851447,95552.45957342377,687.7756427745534,534.5881920559809
0.5666666666666667,0.9,-0.005,0.46784914178878273,0.9580723792603526,-0.00020878543599549558,0.0,510595.09193497855,9297.91615584255,95552.50105345169,688.1329285493459,534.727027997299
0.5666666666666667,0.9,0.005,0.46784914178878273,0.9564146921282346,-0.00020398249457477636,0.0,510596.49178590387,9297.918182219495,95552.76660191399,688.1348172794491,534.7277618339605
0.5666666666666667,0.9,0.015,0.46784914178878273,0.9580723792603526,-0.00020878543599549558,0.0,510595.09193497855,9297.91615584255,95552.50105345169,688.1329285493459,534.727027997299
0.5666666666666667,0.9666666666666667,-0.005,0.4685653419343469,0.9532090966315685,-0.0026393774170859244,0.0,509814.20520740165,9296.32648176314,95552.42401539652,687.0805268195786,534.3179769613515
0.5666666666666667,0.9666666666666667,0.005,0.4685653419343469,0.9515384928240027,-0.0026965620297443285,0.0,509815.6646267699,9296.328615028091,95552.69563684794,687.0824958360948,534.3187425776997
0.5666666666666667,0.9666666666666667,0.015,0.4685653419343469,0.9532090966315685,-0.0026393774170859244,0.0,509814.20520740165,9296.32648176314,95552.42401539652,687.0805268195786,534.3179769613515
0.5666666666666667,1.0333333333333332,-0.005,0.47794765700550645,-0.018709113260153558,5.180438500540071e-05,0.0,499807.8348938148,9275.735356663208,95552.5108357191,673.59546458059,529.048568132007
0.5666666666666667,1.0333333333333332,0.005,0.487329972076666,-0.9532090966315652,0.002639377417085915,0.0,490186.70340714697,9255.543146376718,95552.42401539652,660.6283680591276,523.931579021468
0.5666666666666667,1.0333333333333332,0.015,0.47794765700550645,-0.018709113260153558,5.180438500540071e-05,0.0,499807.8348938148,9275.735356663208,95552.5108357191,673.59546458059,529.048568132007
0.6333333333333333,-0.03333333333333333,-0.005,0.47809281672624204,0.010991615425572442,2.44053918425958e-05,0.0,499903.3863165173,9275.786867576162,95599.86880651329,673.7242402373438,529.0991365551649
0.6333333333333333,-0.03333333333333333,0.005,0.47143877227200204,-0.7894560148644282,-0.0017528800489539605,0.0,506961.823864933,9290.351273410834,95599.80922451803,683.2365394110469,532.8212147203584
0.6333333333333333,-0.03333333333333333,0.015,0.47809281672624204,0.010991615425572442,2.44053918425958e-05,0.0,499903.3863165173,9275.786867576162,95599.86880651329,673.7242402373438,529.0991365551649
0.6333333333333333,0.03333333333333333,-0.005,0.4847468611804821,0.7894560148644283,0.0017528800489539607,0.0,493038.79937893926,9261.422928382975,95599.80922451802,664.4723554676592,525.4536641264592
0.6333333333333333,0.03333333333333333,0.005,0.4847468611804821,0.7879792900490145,0.001796465897251555,0.0,493041.3641800801,9261.427614219847,95600.04129009512,664.4758136425681,525.4550314582209
0.6333333333333333,0.03333333333333333,0.015,0.4847468611804821,0.7894560148644283,0.0017528800489539607,0.0,493038.79937893926,9261.422928382975,95599.80922451802,664.4723554676592,525.4536641264592
0.6333333333333333,0.1,-0.005,0.4836245950297203,0.7967438279077673,2.5686626314280005e-05,0.0,494183.4814558346,9263.83155897749,95599.91632933826,666.0150458968604,526.0632774401417
0.6333333333333333,0.1,0.005,0.4836245950297203,0.7952537537065265,1.3300235848226372e-05,0.0,494186.06033819594,9263.836250283457,95600.15214855851,666.0185230780719,526.06465069362
0.6333333333333333,0.1,0.015,0.4836245950297203,0.7967438279077673,2.5686626314280005e-05,0.0,494183.4814558346,9263.83155897749,95599.91632933826,666.0150458968604,526.0632774401417
0.6333333333333333,0.16666666666666666,-0.005,0.4839731033375244,0.7949654827214073,0.0009139306122182772,0.0,493827.5445451116,9263.083131135334,95599.9042239132,665.5353484631191,525.8737947391895
0.6333333333333333,0.16666666666666666,0.005,0.4839731033375244,0.7934849371431569,0.0009219598862252218,0.0,493830.11353314045,9263.087817808473,95600.13608351118,665.5388122958794,525.8751632138409
0.6333333333333333,0.16666666666666666,0.015,0.4839731033375244,0.7949654827214073,0.0009139306122182772,0.0,493827.5445451116,9263.083131135334,95599.9042239132,665.5353484631191,525.8737947391895
0.6333333333333333,0.23333333333333334,-0.005,0.4839031124799166,0.7948043231201575,0.0005454739787787223,0.0,493898.7366007748,9263.233030817226,95599.85502161473,665.6312948027896,525.9116994481632
0.6333333333333333,0.23333333333333334,0.005,0.4839031124799166,0.7933447501630188,0.0005557593725637645,0.0,493901.3157015854,9263.237720013407,95600.09265701303,665.6347722418928,525.9130731993181
0.6333333333333333,0.23333333333333334,0.015,0.4839031124799166,0.7948043231201575,0.0005454739787787223,0.0,493898.7366007748,9263.233030817226,95599.85502161473,665.6312948027896,525.9116994481632
0.6333333333333333,0.3,-0.005,0.48396456224959644,0.7946071430601099,0.00012910910301031003,0.0,493835.88140542177,9263.100914133682,95599.82518666111,665.5465845082983,525.8782338097748
0.6333333333333333,0.3,0.005,0.48396456224959644,0.7931413667990406,0.00013279812658538865,0.0,493838.4621236369,9263.105600150284,95600.06516764036,665.5500641334422,525.8796085119939
0.6333333333333333,0.3,0.015,0.48396456224959644,0.7946071430601099,0.00012910910301031003,0.0,493835.88140542177,9263.100914133682,95599.82518666111,665.5465845082983,525.8782338097748
0.6333333333333333,0.36666666666666664,-0.005,0.48395980809224853,0.7945327008941677,2.1675868640474923e-05,0.0,493840.6972043438,9263.111039334215,95599.82682043519,665.5530748830688,525.8807979717578
0.6333333333333333,0.36666666666666664,0.005,0.48395980809224853,0.7930728191512686,1.477717412670315e-05,0.0,493843.2628320784,9263.115728928,95600.05540443756,665.5565341641912,525.8821646299718
0.6333333333333333,0.36666666666666664,0.015,0.48395980809224853,0.7945327008941677,2.1675868640474923e-05,0.0,493840.6972043438,9263.111039334215,95599.82682043519,665.5530748830688,525.8807979717578
0.6333333333333333,0.43333333333333335,-0.005,0.4839705071405872,0.7941934199932723,0.00010777457282652615,0.0,493830.0597446548,9263.088503238863,95599.87847890661,665.5387390472436,525.8751342751534
0.6333333333333333,0.43333333333333335,0.005,0.4839705071405872,0.7927038535962108,0.00011939213552910242,0.0,493832.62829951255,9263.093189413074,95600.11020085296,665.5422023043201,525.8765025188815
0.6333333333333333,0.43333333333333335,0.015,0.4839705071405872,0.7941934199932723,0.00010777457282652615,0.0,493830.0597446548,9263.088503238863,95599.87847890661,665.5387390472436,525.8751342751534
0.6333333333333333,0.5,-0.005,0.48397296742051377,0.7945565095701109,-2.1788201278926485e-13,0.0,493826.8073718076,9263.082098736322,95599.73749983424,665.5343554067169,525.8734024065099
0.6333333333333333,0.5,0.005,0.48397296742051377,0.7930862582141314,-2.2547950143942983e-13,0.0,493829.3728950269,9263.086788795728,95599.96591734095,665.5378145581136,525.8747690326923
0.6333333333333333,0.5,0.015,0.48397296742051377,0.7945565095701109,-2.1788201278926485e-13,0.0,493826.8073718076,9263.082098736322,95599.73749983424,665.5343554067169,525.8734024065099
0.6333333333333333,0.5666666666666667,-0.005,0.48397050714054035,0.7941934199938783,-0.00010777457188446672,0.0,493830.05974470306,9263.088503238963,95599.87847890668,665.5387390473086,525.8751342751791
0.6333333333333333,0.5666666666666667,0.005,0.48397050714054035,0.7927038535968185,-0.00011939213459454808,0.0,493832.62829956086,9263.093189413174,95600.11020085304,665.5422023043852,525.8765025189072
0.6333333333333333,0.5666666666666667,0.015,0.48397050714054035,0.7941934199938783,-0.00010777457188446672,0.0,493830.05974470306,9263.088503238963,95599.87847890668,665.5387390473086,525.8751342751791
0.6333333333333333,0.6333333333333333,-0.005,0.4839598080922077,0.7945327008940614,-2.167586897974294e-05,0.0,493840.69720438565,9263.111039334304,95599.82682043524,665.5530748831252,525.8807979717801
0.6333333333333333,0.6333333333333333,0.005,0.4839598080922077,0.7930728191511148,-1.4777174448387902e-05,0.0,493843.2628321204,9263.115728928087,95600.05540443763,665.5565341642479,525.8821646299942
0.6333333333333333,0.6333333333333333,0.015,0.4839598080922077,0.7945327008940614,-2.167586897974294e-05,0.0,493840.69720438565,9263.111039334304,95599.82682043524,665.5530748831252,525.8807979717801
0.6333333333333333,0.7,-0.005,0.4839645622496396,0.7946071430603854,-0.0001291091027095971,0.0,493835.88140537735,9263.100914133589,95599.82518666102,665.5465845082385,525.8782338097511
0.6333333333333333,0.7,0.005,0.4839645622496396,0.7931413667993377,-0.0001327981262524164,0.0,493838.46212359244,9263.10560015019,95600.06516764026,665.5500641333822,525.8796085119701
0.6333333333333333,0.7,0.015,0.4839645622496396,0.7946071430603854,-0.0001291091027095971,0.0,493835.88140537735,9263.100914133589,95599.82518666102,665.5465845082385,525.8782338097511
0.6333333333333333,0.7666666666666667,-0.005,0.4839031124798686,0.7948043231209537,-0.0005454739797033716,0.0,493898.73660082306,9263.233030817326,95599.85502161457,665.6312948028547,525.9116994481889
0.6333333333333333,0.7666666666666667,0.005,0.4839031124798686,0.793344750163813,-0.0005557593735035952,0.0,493901.3157016336,9263.23772001351,95600.09265701288,665.6347722419578,525.9130731993437
0.6333333333333333,0.7666666666666667,0.015,0.4839031124798686,0.7948043231209537,-0.0005454739797033716,0.0,493898.73660082306,9263.233030817326,95599.85502161457,665.6312948028547,525.9116994481889
0.6333333333333333,0.8333333333333334,-0.005,0.48397310333755017,0.7949654827203915,-0.0009139306132629061,0.0,493827.54454508505,9263.083131135278,95599.90422391315,665.5353484630834,525.8737947391754
0.6333333333333333,0.8333333333333334,0.005,0.48397310333755017,0.7934849371421342,-0.0009219598872869508,0.0,493830.11353311397,9263.087817808419,95600.13608351116,665.5388122958437,525.8751632138268
0.6333333333333333,0.8333333333333334,0.015,0.48397310333755017,0.7949654827203915,-0.0009139306132629061,0.0,493827.54454508505,9263.083131135278,95599.90422391315,665.5353484630834,525.8737947391754
0.6333333333333333,0.9,-0.005,0.4836245950297083,0.7967438279081361,-2.5686627373643204e-05,0.0,494183.48145584686,9263.831558977514,95599.91632933826,666.015045896877,526.0632774401482
0.6333333333333333,0.9,0.005,0.4836245950297083,0.7952537537068893,-1.3300236939887218e-05,0.0,494186.0603382083,9263.836250283484,95600.15214855854,666.0185230780885,526.0646506936265
0.6333333333333333,0.9,0.015,0.4836245950297083,0.7967438279081361,-2.5686627373643204e-05,0.0,494183.48145584686,9263.831558977514,95599.91632933826,666.015045896877,526.0632774401482
0.6333333333333333,0.9666666666666667,-0.005,0.48474686118048776,0.7894560148644196,-0.0017528800484113024,0.0,493038.7993789348,9261.422928382966,95599.80922451826,664.4723554676532,525.4536641264567
0.6333333333333333,0.9666666666666667,0.005,0.48474686118048776,0.7879792900489869,-0.0017964658967410342,0.0,493041.36418007564,9261.427614219836,95600.04129009535,664.4758136425621,525.4550314582185
0.6333333333333333,0.9666666666666667,0.015,0.48474686118048776,0.7894560148644196,-0.0017528800484113024,0.0,493038.7993789348,9261.422928382966,95599.80922451826,664.4723554676532,525.4536641264567
0.6333333333333333,1.0333333333333332,-0.005,0.47809281672624343,0.010991615425580772,-2.4405391835059022e-05,0.0,499903.38631651714,9275.78686757616,95599.86880651352,673.7242402373436,529.0991365551648
0.6333333333333333,1.0333333333333332,0.005,0.4714387722719991,-0.7894560148644167,0.0017528800484112963,0.0,506961.82386493735,9290.35127341084,95599.80922451826,683.2365394110528,532.8212147203607
0.6333333333333333,1.0333333333333332,0.015,0.47809281672624343,0.010991615425580772,-2.4405391835059022e-05,0.0,499903.38631651714,9275.78686757616,95599.86880651352,673.7242402373436,529.0991365551648
0.7,-0.03333333333333333,-0.005,0.47963431479009055,0.056797968981056254,-7.6301336889085e-05,0.0,498108.53725659964,9272.162226543145,95563.87331112329,671.3053041018759,528.148445004254
0.7,-0.03333333333333333,0.005,0.4501334707703903,-0.9233577056974828,0.0012404215966781219,0.0,530756.6373665631,9338.110496707766,95563.7918342953,715.3048666725973,545.1820596826327
0.7,-0.03333333333333333,0.015,0.47963431479009055,0.056797968981056254,-7.6301336889085e-05,0.0,498108.53725659964,9272.162226543145,95563.87331112329,671.3053041018759,528.148445004254
0.7,0.03333333333333333,-0.005,0.5091351588097909,0.9233577056974828,-0.0012404215966781219,0.0,469244.21522442857,9210.1507348503,95563.79183429529,632.4040282061088,512.6173249122609
0.7,0.03333333333333333,0.005,0.5091351588097909,0.9222594937178612,-0.0012185133265915364,0.0,469246.95007184637,9210.156264257452,95563.96156792238,632.4077153501577,512.6188192822202
0.7,0.03333333333333333,0.015,0.5091351588097909,0.9233577056974828,-0.0012404215966781219,0.0,469244.21522442857,9210.1507348503,95563.79183429529,632.4040282061088,512.6173249122609
0.7,0.1,-0.005,0.5080984654944712,0.9302760136536843,0.00046570704748472524,0.0,470202.3323060443,9212.26913832691,95563.94483316178,633.6952824787128,513.1403938256612
0.7,0.1,0.005,0.5080984654944712,0.9291975486145236,0.0004598404899153698,0.0,470205.1168561542,9212.274774397203,95564.11159761813,633.6990365930003,513.141913787135
0.7,0.1,0.015,0.5080984654944712,0.9302760136536843,0.00046570704748472524,0.0,470202.3323060443,9212.26913832691,95563.94483316178,633.6952824787128,513.1403938256612
0.7,0.16666666666666666,-0.005,0.5083776368860446,0.9291741743021001,0.0001213642733546434,0.0,469943.62447901134,9211.697758861319,95563.83877878431,633.3466210197854,512.9992085433868
0.7,0.16666666666666666,0.005,0.5083776368860446,0.9280876601209072,0.00013765200003949593,0.0,469946.3940317272,9211.703359643067,95564.00732650456,633.3503549304113,513.0007207409016
0.7,0.16666666666666666,0.015,0.5083776368860446,0.9291741743021001,0.0001213642733546434,0.0,469943.62447901134,9211.697758861319,95563.83877878431,633.3466210197854,512.9992085433868
0.7,0.23333333333333334,-0.005,0.508343741431037,0.9291476837343621,0.00010658091569974159,0.0,469974.8155318023,9211.766781331242,95563.81382302746,633.3886575122472,513.0162326569101
0.7,0.23333333333333334,0.005,0.508343741431037,0.9280739426097575,0.00011092105357744602,0.0,469977.5833816535,9211.772392483032,95563.97768052485,633.3923891118945,513.0177438683525
0.7,0.23333333333333334,0.015,0.508343741431037,0.9291476837343621,0.00010658091569974159,0.0,469974.8155318023,9211.766781331242,95563.81382302746,633.3886575122472,513.0162326569101
0.7,0.3,-0.005,0.5083796452932409,0.9287333877231552,8.773213384919393e-05,0.0,469941.59220090654,9211.693376077821,95563.80380169828,633.3438826523582,512.9980995283588
0.7,0.3,0.005,0.5083796452932409,0.9276539387891017,9.036566351417098e-05,0.0,469944.36057172075,9211.69897708961,95563.97143761319,633.3476149606488,512.999611080212
0.7,0.3,0.015,0.5083796452932409,0.9287333877231552,8.773213384919393e-05,0.0,469941.59220090654,9211.693376077821,95563.80380169828,633.3438826523582,512.9980995283588
0.7,0.36666666666666664,-0.005,0.5083959915784485,0.9291032743999609,-0.0002951573602497145,0.0,469926.4041493776,9211.659836096736,95563.79274184804,633.3234131170979,512.9898094683914
0.7,0.36666666666666664,0.005,0.5083959915784485,0.9280333810628859,-0.000287840082986354,0.0,469929.16660481895,9211.665443148826,95563.95428026949,633.3271374417778,512.9913178113325
0.7,0.36666666666666664,0.015,0.5083959915784485,0.9291032743999609,-0.0002951573602497145,0.0,469926.4041493776,9211.659836096736,95563.79274184804,633.3234131170979,512.9898094683914
0.7,0.43333333333333335,-0.005,0.5083894453920224,0.9290192459008696,6.68255754663711e-05,0.0,469932.20465229254,9211.672807891795,95563.74465847734,633.3312306117393,512.9929755306498
0.7,0.43333333333333335,0.005,0.5083894453920224,0.9279526513610687,7.302512640917719e-05,0.0,469934.9585081865,9211.678410078763,95563.90161608333,633.3349433424827,512.9944791688
0.7,0.43333333333333335,0.015,0.5083894453920224,0.9290192459008696,6.68255754663711e-05,0.0,469932.20465229254,9211.672807891795,95563.74465847734,633.3312306117393,512.9929755306498
0.7,0.5,-0.005,0.5084097259511012,0.9290898219770527,-1.247476998158052e-13,0.0,469913.46759358665,9211.631393940585,95563.74275288724,633.3059784226925,512.9827483982256
0.7,0.5,0.005,0.5084097259511012,0.9280184040511472,-1.463911065356778e-13,0.0,469916.231213,9211.63700041127,95563.90536205268,633.3097043179525,512.9842573980177
0.7,0.5,0.015,0.5084097259511012,0.9290898219770527,-1.247476998158052e-13,0.0,469913.46759358665,9211.631393940585,95563.74275288724,633.3059784226925,512.9827483982256
0.7,0.5666666666666667,-0.005,0.5083894453919757,0.9290192459007988,-6.682557560041241e-05,0.0,469932.2046523364,9211.672807891891,95563.74465847749,633.3312306117984,512.9929755306738
0.7,0.5666666666666667,0.005,0.5083894453919757,0.9279526513609844,-7.302512657445315e-05,0.0,469934.9585082304,9211.678410078859,95563.9016160835,633.3349433425418,512.994479168824
0.7,0.5666666666666667,0.015,0.5083894453919757,0.9290192459007988,-6.682557560041241e-05,0.0,469932.2046523364,9211.672807891891,95563.74465847749,633.3312306117984,512.9929755306738
0.7,0.6333333333333333,-0.005,0.5083959915783817,0.9291032743999341,0.0002951573604863938,0.0,469926.4041494407,9211.659836096875,95563.79274184832,633.3234131171829,512.9898094684258
0.7,0.6333333333333333,0.005,0.5083959915783817,0.9280333810628373,0.00028784008324710445,0.0,469929.16660488205,9211.665443148964,95563.95428026977,633.3271374418629,512.9913178113669
0.7,0.6333333333333333,0.015,0.5083959915783817,0.9291032743999341,0.0002951573604863938,0.0,469926.4041494407,9211.659836096875,95563.79274184832,633.3234131171829,512.9898094684258
0.7,0.7,-0.005,0.5083796452932711,0.9287333877235638,-8.773213417116045e-05,0.0,469941.59220087837,9211.69337607776,95563.80380169822,633.3438826523203,512.9980995283433
0.7,0.7,0.005,0.5083796452932711,0.9276539387894965,-9.03656637916386e-05,0.0,469944.3605716926,9211.698977089549,95563.97143761313,633.3476149606108,512.9996110801967
0.7,0.7,0.015,0.5083796452932711,0.9287333877235638,-8.773213417116045e-05,0.0,469941.59220087837,9211.69337607776,95563.80380169822,633.3438826523203,512.9980995283433
0.7,0.7666666666666667,-0.005,0.5083437414309914,0.9291476837342437,-0.00010658091601527619,0.0,469974.8155318442,9211.766781331335,95563.81382302739,633.3886575123037,513.016232656933
0.7,0.7666666666666667,0.005,0.5083437414309914,0.9280739426096029,-0.00011092105391164357,0.0,469977.5833816954,9211.772392483124,95563.9776805248,633.3923891119509,513.0177438683753
0.7,0.7666666666666667,0.015,0.5083437414309914,0.9291476837342437,-0.00010658091601527619,0.0,469974.8155318442,9211.766781331335,95563.81382302739,633.3886575123037,513.016232656933
0.7,0.8333333333333334,-0.005,0.5083776368860695,0.9291741743011841,-0.00012136427446987578,0.0,469943.62447898893,9211.697758861268,95563.83877878443,633.3466210197552,512.9992085433745
0.7,0.8333333333333334,0.005,0.5083776368860695,0.9280876601199621,-0.00013765200115773367,0.0,469946.3940317047,9211.703359643017,95564.00732650467,633.350354930381,513.0007207408893
0.7,0.8333333333333334,0.015,0.5083776368860695,0.9291741743011841,-0.00012136427446987578,0.0,469943.62447898893,9211.697758861268,95563.83877878443,633.3466210197552,512.9992085433745
0.7,0.9,-0.005,0.5080984654944838,0.9302760136533159,-0.0004657070475809721,0.0,470202.3323060324,9212.269138326883,95563.94483316175,633.6952824786969,513.1403938256548
0.7,0.9,0.005,0.5080984654944838,0.9291975486141691,-0.00045984049005921347,0.0,470205.1168561425,9212.274774397178,95564.11159761812,633.6990365929844,513.1419137871286
0.7,0.9,0.015,0.5080984654944838,0.9302760136533159,-0.0004657070475809721,0.0,470202.3323060324,9212.269138326883,95563.94483316175,633.6952824786969,513.1403938256548
0.7,0.9666666666666667,-0.005,0.5091351588097972,0.923357705697356,0.0012404215965366957,0.0,469244.21522442525,9210.150734850291,95563.79183429577,632.4040282061044,512.6173249122589
0.7,0.9666666666666667,0.005,0.5091351588097972,0.9222594937177244,0.0012185133263865344,0.0,469246.95007184293,9210.156264257443,95563.96156792287,632.407715350153,512.6188192822183
0.7,0.9666666666666667,0.015,0.5091351588097972,0.923357705697356,0.0012404215965366957,0.0,469244.21522442525,9210.150734850291,95563.79183429577,632.4040282061044,512.6173249122589
0.7,1.0333333333333332,-0.005,0.4796343147900935,0.05679796898105616,7.630133688039584e-05,0.0,498108.53725659935,9272.162226543142,95563.8733111238,671.3053041018755,528.1484450042539
0.7,1.0333333333333332,0.005,0.4501334707703898,-0.9233577056973526,-0.0012404215965366914,0.0,530756.6373665663,9338.110496707772,95563.79183429577,715.3048666726017,545.1820596826343
0.7,1.0333333333333332,0.015,0.4796343147900935,0.05679796898105616,7.630133688039584e-05,0.0,498108.53725659935,9272.162226543142,95563.8733111238,671.3053041018755,528.1484450042539
0.7666666666666667,-0.03333333333333333,-0.005,0.48356376806719814,0.08228748017079036,-0.00019635377554583924,0.0,494292.6749233401,9264.034310005582,95608.74690318563,666.162630104725,526.1215601561253
0.7666666666666667,-0.03333333333333333,0.005,0.43190100838669254,-0.7701781202093234,0.0018377933244768275,0.0,553421.3676447488,9381.40989836238,95608.69019024131,745.8505000753254,556.7008171282841
0.7666666666666667,-0.03333333333333333,0.015,0.48356376806719814,0.08228748017079036,-0.00019635377554583924,0.0,494292.6749233401,9264.034310005582,95608.74690318563,666.162630104725,526.1215601561253
0.7666666666666667,0.03333333333333333,-0.005,0.5352265277477037,0.7701781202093233,-0.0018377933244768275,0.0,446579.22553296585,9158.584197527023,95608.69019024131,601.8583948033807,500.08419312021925
0.7666666666666667,0.03333333333333333,0.005,0.5352265277477037,0.769350465692687,-0.0017923328360975451,0.0,446581.5298114816,9158.589065232803,95608.84926242764,601.8615011587679,500.0854836540361
0.7666666666666667,0.03333333333333333,0.015,0.5352265277477037,0.7701781202093233,-0.0018377933244768275,0.0,446579.22553296585,9158.584197527023,95608.69019024131,601.8583948033807,500.08419312021925
0.7666666666666667,0.1,-0.005,0.5346440192392754,0.7755189390554649,0.0009282562888890263,0.0,447065.41744377837,9159.714731320886,95608.62135756956,602.5136344050336,500.3563383909308
0.7666666666666667,0.1,0.005,0.5346440192392754,0.7747107614152661,0.0009296447296481562,0.0,447067.7810839193,9159.719726339246,95608.78196416055,602.51682074812,500.3576614355564
0.7666666666666667,0.1,0.015,0.5346440192392754,0.7755189390554649,0.0009282562888890263,0.0,447065.41744377837,9159.714731320886,95608.62135756956,602.5136344050336,500.3563383909308
0.7666666666666667,0.16666666666666666,-0.005,0.5347586339613087,0.7752614070125711,-0.0005236239517129282,0.0,446969.88220340066,9159.49254551212,95608.67836682618,602.3848809813192,500.30287401269015
0.7666666666666667,0.16666666666666666,0.005,0.5347586339613087,0.7744441907043187,-0.0005123160275102813,0.0,446972.2321133846,9159.497506749216,95608.83995963358,602.3880488293139,500.3041895182935
0.7666666666666667,0.16666666666666666,0.015,0.5347586339613087,0.7752614070125711,-0.0005236239517129282,0.0,446969.88220340066,9159.49254551212,95608.67836682618,602.3848809813192,500.30287401269015
0.7666666666666667,0.23333333333333334,-0.005,0.5347822103160761,0.7753300591462505,0.00036320259164692657,0.0,446949.43526762904,9159.445497979408,95608.52557683473,602.3573243924699,500.2914304998228
0.7666666666666667,0.23333333333333334,0.005,0.5347822103160761,0.7745215823228411,0.0003792164027927685,0.0,446951.78001914785,9159.450469196398,95608.68016789817,602.3604852792926,500.2927431447029
0.7666666666666667,0.23333333333333334,0.015,0.5347822103160761,0.7753300591462505,0.00036320259164692657,0.0,446949.43526762904,9159.445497979408,95608.52557683473,602.3573243924699,500.2914304998228
0.7666666666666667,0.3,-0.005,0.5347739176000889,0.7750533203616418,-5.875357616980201e-05,0.0,446956.45083356707,9159.461751524464,95608.5424619715,602.3667796222918,500.29535703287786
0.7666666666666667,0.3,0.005,0.5347739176000889,0.7742410084653237,-5.1845560728852763e-05,0.0,446958.7922235431,9159.466713104108,95608.69761532209,602.369935982442,500.2966677876481
0.7666666666666667,0.3,0.015,0.5347739176000889,0.7750533203616418,-5.875357616980201e-05,0.0,446956.45083356707,9159.461751524464,95608.5424619715,602.3667796222918,500.29535703287786
0.7666666666666667,0.36666666666666664,-0.005,0.5348113391617718,0.7753220339146929,0.00041359349271175445,0.0,446924.82297308015,9159.388474077898,95608.46707803772,602.3241541925423,500.2776554575321
0.7666666666666667,0.36666666666666664,0.005,0.5348113391617718,0.7745229037953072,0.000419546007394556,0.0,446927.1665582686,9159.393440546042,95608.62241676473,602.3273134977306,500.27896748172117
0.7666666666666667,0.36666666666666664,0.015,0.5348113391617718,0.7753220339146929,0.00041359349271175445,0.0,446924.82297308015,9159.388474077898,95608.46707803772,602.3241541925423,500.2776554575321
0.7666666666666667,0.43333333333333335,-0.005,0.5347863999453111,0.775210565229886,6.779683374341105e-05,0.0,446945.8098802634,9159.43717668398,95608.49186412223,602.3524385506075,500.28940151331255
0.7666666666666667,0.43333333333333335,0.005,0.5347863999453111,0.7743976574104217,7.683820993904149e-05,0.0,446948.16278383747,9159.442139028159,95608.6554335386,602.355610428529,500.29071872788364
0.7666666666666667,0.43333333333333335,0.015,0.5347863999453111,0.775210565229886,6.779683374341105e-05,0.0,446945.8098802634,9159.43717668398,95608.49186412223,602.3524385506075,500.28940151331255
0.7666666666666667,0.5,-0.005,0.5348202836278406,0.7753314927111259,-3.573419523853996e-13,0.0,446916.99926991,9159.370527310803,95608.39032212381,602.3136101084206,500.27327659215507
0.7666666666666667,0.5,0.005,0.5348202836278406,0.7745368606670625,-3.8134980583936836e-13,0.0,446919.34590556344,9159.375492558986,95608.54836586931,602.3167735200661,500.27459033320685
0.7666666666666667,0.5,0.015,0.5348202836278406,0.7753314927111259,-3.573419523853996e-13,0.0,446916.99926991,9159.370527310803,95608.39032212381,602.3136101084206,500.27327659215507
0.7666666666666667,0.5666666666666667,-0.005,0.534786399945264,0.7752105652304379,-6.779683359017933e-05,0.0,446945.8098803036,9159.437176684072,95608.49186412244,602.3524385506616,500.28940151333506
0.7666666666666667,0.5666666666666667,0.005,0.534786399945264,0.7743976574109633,-7.683820982012753e-05,0.0,446948.1627838778,9159.442139028251,95608.65543353882,602.3556104285833,500.2907187279062
0.7666666666666667,0.5666666666666667,0.015,0.534786399945264,0.7752105652304379,-6.779683359017933e-05,0.0,446945.8098803036,9159.437176684072,95608.49186412244,602.3524385506616,500.28940151333506
0.7666666666666667,0.6333333333333333,-0.005,0.5348113391617239,0.7753220339142611,-0.0004135934932932872,0.0,446924.8229731217,9159.388474077994,95608.46707803801,602.3241541925983,500.27765545755534
0.7666666666666667,0.6333333333333333,0.005,0.5348113391617239,0.7745229037948769,-0.00041954600795542497,0.0,446927.1665583101,9159.393440546139,95608.62241676504,602.3273134977866,500.2789674817445
0.7666666666666667,0.6333333333333333,0.015,0.5348113391617239,0.7753220339142611,-0.0004135934932932872,0.0,446924.8229731217,9159.388474077994,95608.46707803801,602.3241541925983,500.27765545755534
0.7666666666666667,0.7,-0.005,0.5347739176001193,0.7750533203612506,5.87535766186281e-05,0.0,446956.4508335418,9159.461751524406,95608.54246197153,602.3667796222577,500.29535703286365
0.7666666666666667,0.7,0.005,0.5347739176001193,0.7742410084649171,5.184556119594513e-05,0.0,446958.79222351784,9159.46671310405,95608.69761532212,602.369935982408,500.29666778763396
0.7666666666666667,0.7,0.015,0.5347739176001193,0.7750533203612506,5.87535766186281e-05,0.0,446956.4508335418,9159.461751524406,95608.54246197153,602.3667796222577,500.29535703286365
0.7666666666666667,0.7666666666666667,-0.005,0.534782210316068,0.7753300591460774,-0.0003632025922601025,0.0,446949.43526763655,9159.445497979426,95608.52557683487,602.35732439248,500.2914304998271
0.7666666666666667,0.7666666666666667,0.005,0.534782210316068,0.77452158232264,-0.00037921640342821296,0.0,446951.78001915535,9159.450469196414,95608.68016789833,602.3604852793027,500.2927431447071
0.7666666666666667,0.7666666666666667,0.015,0.534782210316068,0.7753300591460774,-0.0003632025922601025,0.0,446949.43526763655,9159.445497979426,95608.52557683487,602.35732439248,500.2914304998271
0.7666666666666667,0.8333333333333334,-0.005,0.5347586339613072,0.7752614070125744,0.0005236239506455998,0.0,446969.8822034028,9159.492545512123,95608.67836682637,602.384880981322,500.30287401269135
0.7666666666666667,0.8333333333333334,0.005,0.5347586339613072,0.774444190704337,0.000512316026483511,0.0,446972.23211338674,9159.497506749221,95608.83995963375,602.3880488293169,500.3041895182947
0.7666666666666667,0.8333333333333334,0.015,0.5347586339613072,0.7752614070125744,0.0005236239506455998,0.0,446969.8822034028,9159.492545512123,95608.67836682637,602.384880981322,500.30287401269135
0.7666666666666667,0.9,-0.005,0.5346440192392823,0.7755189390559686,-0.0009282562889181882,0.0,447065.41744377173,9159.714731320872,95608.62135756937,602.5136344050247,500.356338390927
0.7666666666666667,0.9,0.005,0.5346440192392823,0.7747107614157943,-0.0009296447296944194,0.0,447067.78108391265,9159.719726339232,95608.78196416037,602.5168207481112,500.3576614355527
0.7666666666666667,0.9,0.015,0.5346440192392823,0.7755189390559686,-0.0009282562889181882,0.0,447065.41744377173,9159.714731320872,95608.62135756937,602.5136344050247,500.356338390927
0.7666666666666667,0.9666666666666667,-0.005,0.5352265277477046,0.7701781202086836,0.0018377933234565652,0.0,446579.2255329666,9158.584197527025,95608.69019024163,601.8583948033818,500.08419312021965
0.7666666666666667,0.9666666666666667,0.005,0.5352265277477046,0.769350465692102,0.0017923328350241154,0.0,446581.52981148224,9158.589065232805,95608.84926242793,601.8615011587686,500.08548365403647
0.7666666666666667,0.9666666666666667,0.015,0.5352265277477046,0.7701781202086836,0.0018377933234565652,0.0,446579.2255329666,9158.584197527025,95608.69019024163,601.8583948033818,500.08419312021965
0.7666666666666667,1.0333333333333332,-0.005,0.4835637680671996,0.0822874801707219,0.00019635377543683196,0.0,494292.6749233402,9264.034310005582,95608.74690318595,666.1626301047252,526.1215601561253
0.7666666666666667,1.0333333333333332,0.005,0.4319010083866945,-0.7701781202086809,-0.001837793323456559,0.0,553421.3676447478,9381.409898362379,95608.69019024164,745.8505000753241,556.7008171282836
0.7666666666666667,1.0333333333333332,0.015,0.4835637680671996,0.0822874801707219,0.00019635377543683196,0.0,494292.6749233402,9264.034310005582,95608.74690318595,666.1626301047252,526.1215601561253
0.8333333333333334,-0.03333333333333333,-0.005,0.4874854938012815,0.1273399067889246,-0.00011316764774538242,0.0,490121.55992530205,9255.348635256,95570.90397575624,660.5411749562932,523.8970022989623
0.8333333333333334,-0.03333333333333333,0.005,0.41896503747656794,-0.9059335108772113,0.0008051078960630013,0.0,570281.4548608025,9412.702017347572,95570.82553923392,768.5728362570285,565.1171426540877
0.8333333333333334,-0.03333333333333333,0.015,0.4874854938012815,0.1273399067889246,-0.00011316764774538242,0.0,490121.55992530205,9255.348635256,95570.90397575624,660.5411749562932,523.8970022989623
0.8333333333333334,0.03333333333333333,-0.005,0.556005950125995,0.9059335108772112,-0.0008051078960630013,0.0,429719.36585537205,9118.723802246552,95570.82553923392,579.1360586216775,490.5533763806743
0.8333333333333334,0.03333333333333333,0.005,0.556005950125995,0.9057310267937086,-0.000791439158426522,0.0,429720.92781467264,9118.727453274962,95570.8658796279,579.1381639353274,490.55426802588033
0.8333333333333334,0.03333333333333333,0.015,0.556005950125995,0.9059335108772112,-0.0008051078960630013,0.0,429719.36585537205,9118.723802246552,95570.82553923392,579.1360586216775,490.5533763806743
0.8333333333333334,0.1,-0.005,0.5559093197550514,0.9103247511361654,0.0004942449477851756,0.0,429793.93762792146,9118.904103530105,95570.80711735341,579.2365542887101,490.59593663018126
0.8333333333333334,0.1,0.005,0.5559093197550514,0.9101305565558688,0.0004996113855144811,0.0,429795.5381740554,9118.907851652857,95570.8460078887,579.2387115971907,490.5968502170236
0.8333333333333334,0.1,0.015,0.5559093197550514,0.9103247511361654,0.0004942449477851756,0.0,429793.93762792146,9118.904103530105,95570.80711735341,579.2365542887101,490.59593663018126
0.8333333333333334,0.16666666666666666,-0.005,0.5558944680621108,0.9109812989839139,-0.00029458013362080237,0.0,429805.29787617584,9118.931647993883,95570.7785102643,579.2518637906587,490.60241993114397
0.8333333333333334,0.16666666666666666,0.005,0.5558944680621108,0.91079006716647,-0.0002801859981090256,0.0,429806.89172818925,9118.935380603383,95570.81715148185,579.2540120739577,490.6033296839422
0.8333333333333334,0.16666666666666666,0.015,0.5558944680621108,0.9109812989839139,-0.00029458013362080237,0.0,429805.29787617584,9118.931647993883,95570.7785102643,579.2518637906587,490.60241993114397
0.8333333333333334,0.23333333333333334,-0.005,0.5559581231586422,0.910758943548371,9.49141431872565e-05,0.0,429755.62583783444,9118.811894879216,95570.67990884212,579.1849206157725,490.57407005901337
0.8333333333333334,0.23333333333333334,0.005,0.5559581231586422,0.9105814783837091,0.00010359102325161563,0.0,429757.2144198094,9118.815630718893,95570.71354159314,579.1870617796354,490.5749768492826
0.8333333333333334,0.23333333333333334,0.015,0.5559581231586422,0.910758943548371,9.49141431872565e-05,0.0,429755.62583783444,9118.811894879216,95570.67990884212,579.1849206157725,490.57407005901337
0.8333333333333334,0.3,-0.005,0.5559169932451705,0.9106905931108668,-7.846017580445464e-05,0.0,429787.52560816985,9118.888931052796,95570.70210172299,579.2279123038927,490.5922768659465
0.8333333333333334,0.3,0.005,0.5559169932451705,0.9105052901583126,-6.710705471747426e-05,0.0,429789.1137377011,9118.892662960645,95570.73656217905,579.230052867597,490.5931833684034
0.8333333333333334,0.3,0.015,0.5559169932451705,0.9106905931108668,-7.846017580445464e-05,0.0,429787.52560816985,9118.888931052796,95570.70210172299,579.2279123038927,490.5922768659465
0.8333333333333334,0.36666666666666664,-0.005,0.5559657407414206,0.910963381053286,-2.8983337302163532e-05,0.0,429749.27701354056,9118.796859258584,95570.5796828627,579.1763639978426,490.57044628512176
0.8333333333333334,0.36666666666666664,0.005,0.5559657407414206,0.9107958736138992,-2.2880995975893218e-05,0.0,429750.8602286905,9118.800592779013,95570.609896344,579.1784979166151,490.5713500137487
0.8333333333333334,0.36666666666666664,0.015,0.5559657407414206,0.910963381053286,-2.8983337302163532e-05,0.0,429749.27701354056,9118.796859258584,95570.5796828627,579.1763639978426,490.57044628512176
0.8333333333333334,0.43333333333333335,-0.005,0.5559293402445062,0.9104413671741206,3.947119643306687e-05,0.0,429777.7310570912,9118.865424583119,95570.64839626214,579.2147124061304,490.5866868342386
0.8333333333333334,0.43333333333333335,0.005,0.5559293402445062,0.9102761881976694,4.945385051541515e-05,0.0,429779.31592184963,9118.869155988015,95570.68049155256,579.2168485451198,490.5875914731926
0.8333333333333334,0.43333333333333335,0.015,0.5559293402445062,0.9104413671741206,3.947119643306687e-05,0.0,429777.7310570912,9118.865424583119,95570.64839626214,579.2147124061304,490.5866868342386
0.8333333333333334,0.5,-0.005,0.5559692543815272,0.9108910761740521,-2.1607138508944163e-13,0.0,429746.17083368107,9118.789624625939,95570.49159146012,579.1721778603836,490.5686734235551
0.8333333333333334,0.5,0.005,0.5559692543815272,0.9107211104947863,-2.3587493708019267e-13,0.0,429747.755816033,9118.79335711351,95570.52352365089,579.1743141638306,490.5695781653759
0.8333333333333334,0.5,0.015,0.5559692543815272,0.9108910761740521,-2.1607138508944163e-13,0.0,429746.17083368107,9118.789624625939,95570.49159146012,579.1721778603836,490.5686734235551
0.8333333333333334,0.5666666666666667,-0.005,0.5559293402444969,0.9104413671744472,-3.947119634988428e-05,0.0,429777.73105709924,9118.865424583139,95570.64839626232,579.2147124061412,490.5866868342432
0.8333333333333334,0.5666666666666667,0.005,0.5559293402444969,0.9102761881980042,-4.9453850455335355e-05,0.0,429779.31592185766,9118.869155988035,95570.68049155273,579.2168485451306,490.5875914731972
0.8333333333333334,0.5666666666666667,0.015,0.5559293402444969,0.9104413671744472,-3.947119634988428e-05,0.0,429777.73105709924,9118.865424583139,95570.64839626232,579.2147124061412,490.5866868342432
0.8333333333333334,0.6333333333333333,-0.005,0.5559657407413869,0.9109633810523494,2.8983336002804037e-05,0.0,429749.2770135675,9118.796859258648,95570.57968286291,579.1763639978789,490.57044628513717
0.8333333333333334,0.6333333333333333,0.005,0.5559657407413869,0.9107958736129682,2.288099468919442e-05,0.0,429750.86022871744,9118.800592779076,95570.6098963442,579.1784979166514,490.5713500137641
0.8333333333333334,0.6333333333333333,0.015,0.5559657407413869,0.9109633810523494,2.8983336002804037e-05,0.0,429749.2770135675,9118.796859258648,95570.57968286291,579.1763639978789,490.57044628513717
0.8333333333333334,0.7,-0.005,0.5559169932451893,0.9106905931103053,7.846017607584979e-05,0.0,429787.5256081556,9118.88893105276,95570.70210172303,579.2279123038735,490.59227686593835
0.8333333333333334,0.7,0.005,0.5559169932451893,0.910505290157765,6.710705499491402e-05,0.0,429789.1137376867,9118.89266296061,95570.73656217908,579.2300528675777,490.5931833683953
0.8333333333333334,0.7,0.015,0.5559169932451893,0.9106905931103053,7.846017607584979e-05,0.0,429787.5256081556,9118.88893105276,95570.70210172303,579.2279123038735,490.59227686593835
0.8333333333333334,0.7666666666666667,-0.005,0.5559581231586385,0.9107589435481322,-9.491414407515218e-05,0.0,429755.6258378381,9118.811894879223,95570.6799088423,579.1849206157774,490.57407005901547
0.8333333333333334,0.7666666666666667,0.005,0.5559581231586385,0.9105814783834613,-0.00010359102413563146,0.0,429757.2144198131,9118.8156307189,95570.71354159332,579.1870617796404,490.57497684928467
0.8333333333333334,0.7666666666666667,0.015,0.5559581231586385,0.9107589435481322,-9.491414407515218e-05,0.0,429755.6258378381,9118.811894879223,95570.6799088423,579.1849206157774,490.57407005901547
0.8333333333333334,0.8333333333333334,-0.005,0.5558944680621071,0.910981298984103,0.000294580133231695,0.0,429805.2978761787,9118.93164799389,95570.7785102643,579.2518637906626,490.60241993114556
0.8333333333333334,0.8333333333333334,0.005,0.5558944680621071,0.9107900671667011,0.00028018599776660617,0.0,429806.8917281922,9118.93538060339,95570.81715148187,579.2540120739617,490.6033296839439
0.8333333333333334,0.8333333333333334,0.015,0.5558944680621071,0.910981298984103,0.000294580133231695,0.0,429805.2978761787,9118.93164799389,95570.7785102643,579.2518637906626,490.60241993114556
0.8333333333333334,0.9,-0.005,0.5559093197550724,0.9103247511356509,-0.0004942449489187244,0.0,429793.93762790423,9118.904103530065,95570.80711735318,579.2365542886869,490.5959366301714
0.8333333333333334,0.9,0.005,0.5559093197550724,0.9101305565553697,-0.0004996113866540375,0.0,429795.53817403817,9118.907851652815,95570.84600788847,579.2387115971675,490.59685021701375
0.8333333333333334,0.9,0.015,0.5559093197550724,0.9103247511356509,-0.0004942449489187244,0.0,429793.93762790423,9118.904103530065,95570.80711735318,579.2365542886869,490.5959366301714
0.8333333333333334,0.9666666666666667,-0.005,0.5560059501259776,0.9059335108770247,0.000805107896589009,0.0,429719.3658553856,9118.723802246584,95570.82553923398,579.1360586216958,490.55337638068204
0.8333333333333334,0.9666666666666667,0.005,0.5560059501259776,0.9057310267935529,0.0007914391589195046,0.0,429720.92781468626,9118.727453274994,95570.86587962796,579.1381639353457,490.5542680258881
0.8333333333333334,0.9666666666666667,0.015,0.5560059501259776,0.9059335108770247,0.000805107896589009,0.0,429719.3658553856,9118.723802246584,95570.82553923398,579.1360586216958,490.55337638068204
0.8333333333333334,1.0333333333333332,-0.005,0.48748549380127804,0.12733990678887505,0.0001131676478192984,0.0,490121.5599253058,9255.348635256007,95570.9039757563,660.5411749562983,523.8970022989643
0.8333333333333334,1.0333333333333332,0.005,0.4189650374765784,-0.9059335108770216,-0.0008051078965890062,0.0,570281.4548607889,9412.702017347547,95570.82553923399,768.5728362570102,565.1171426540809
0.8333333333333334,1.0333333333333332,0.015,0.48748549380127804,0.12733990678887505,0.0001131676478192984,0.0,490121.5599253058,9255.348635256007,95570.9039757563,660.5411749562983,523.8970022989643
0.9,-0.03333333333333333,-0.005,0.4912952286715403,0.12579013056236696,-4.497837164675324e-05,0.0,486522.35017776384,9247.569005063137,95610.53505478389,655.6904882293587,521.9698378920598
0.9,-0.03333333333333333,0.005,0.41063400641099984,-0.7661604988435846,0.0002739535407427131,0.0,582091.533360154,9433.872121121842,95610.47893124298,784.4895415891663,570.9387833394492
0.9,-0.03333333333333333,0.015,0.4912952286715403,0.12579013056236696,-4.497837164675324e-05,0.0,486522.35017776384,9247.569005063137,95610.53505478389,655.6904882293587,521.9698378920598
0.9,0.03333333333333333,-0.005,0.5719564509320807,0.7661604988435847,-0.00027395354074271315,0.0,417909.0536418312,9089.651121634404,95610.47893124298,563.2193532895399,483.76534154367613
0.9,0.03333333333333333,0.005,0.5719564509320807,0.7663470903455409,-0.0002635642156638212,0.0,417909.9154424031,9089.653379232157,95610.44163768081,563.2205145531493,483.76584026481714
0.9,0.03333333333333333,0.015,0.5719564509320807,0.7661604988435847,-0.00027395354074271315,0.0,417909.0536418312,9089.651121634404,95610.47893124298,563.2193532895399,483.76534154367613
0.9,0.1,-0.005,0.5722438348169284,0.7706942493458853,0.0001986936107936596,0.0,417698.5233141103,9089.128102394767,95610.33763085432,562.9356149990261,483.6434706934389
0.9,0.1,0.005,0.5722438348169284,0.7708940468842407,0.0002109285736306823,0.0,417699.39870917186,9089.130413679299,95610.29427287739,562.936794569183,483.6439774042337
0.9,0.1,0.015,0.5722438348169284,0.7706942493458853,0.0001986936107936596,0.0,417698.5233141103,9089.128102394767,95610.33763085432,562.9356149990261,483.6434706934389
0.9,0.16666666666666666,-0.005,0.5721874767429994,0.7713706419567202,-1.667097734129565e-05,0.0,417739.8129188775,9089.230687297804,95610.36805388475,562.9912606638054,483.6673739575829
0.9,0.16666666666666666,0.005,0.5721874767429994,0.7715631614705465,1.0126113655692961e-05,0.0,417740.6932946968,9089.232996890405,95610.32916591306,562.992446953963,483.6678835299184
0.9,0.16666666666666666,0.015,0.5721874767429994,0.7713706419567202,-1.667097734129565e-05,0.0,417739.8129188775,9089.230687297804,95610.36805388475,562.9912606638054,483.6673739575829
0.9,0.23333333333333334,-0.005,0.5722492441069659,0.7714214076796367,0.00010643286469921462,0.0,417693.51433399157,9089.116400153976,95610.09397424602,562.92886359635,483.64057046690715
0.9,0.23333333333333334,0.005,0.5722492441069659,0.7716279945384101,0.00012715748020895764,0.0,417694.38901279203,9089.118707834712,95610.05120755736,562.9300421939391,483.6410767629499
0.9,0.23333333333333334,0.015,0.5722492441069659,0.7714214076796367,0.00010643286469921462,0.0,417693.51433399157,9089.116400153976,95610.09397424602,562.92886359635,483.64057046690715
0.9,0.3,-0.005,0.5722056734996491,0.7713840148671485,0.00010714814578527912,0.0,417725.6981694664,9089.1961715011,95610.17985794622,562.9722380765651,483.6592027094846
0.9,0.3,0.005,0.5722056734996491,0.7715856889324453,0.00012327202805326813,0.0,417726.5746129566,9089.198479802102,95610.13825414424,562.9734190575622,483.6597100098356
0.9,0.3,0.015,0.5722056734996491,0.7713840148671485,0.00010714814578527912,0.0,417725.6981694664,9089.1961715011,95610.17985794622,562.9722380765651,483.6592027094846
0.9,0.36666666666666664,-0.005,0.5722466557706415,0.7719168598852203,0.00017053049356278313,0.0,417694.7682786188,9089.11997282784,95609.94737708509,562.9305530334028,483.6412962066407
0.9,0.36666666666666664,0.005,0.5722466557706415,0.7721208379816162,0.00019564257489375312,0.0,417695.6447629462,9089.122280351765,95609.90610689363,562.9317340668904,483.6418035483226
0.9,0.36666666666666664,0.015,0.5722466557706415,0.7719168598852203,0.00017053049356278313,0.0,417694.7682786188,9089.11997282784,95609.94737708509,562.9305530334028,483.6412962066407
0.9,0.43333333333333335,-0.005,0.572213907295149,0.7716699054032405,-1.1198765513576335e-05,0.0,417718.6893891362,9089.179450056328,95609.95156222959,562.9627919837123,483.6551450414563
0.9,0.43333333333333335,0.005,0.572213907295149,0.7718769646505583,-5.1382469797762655e-06,0.0,417719.56524075224,9089.181757876455,95609.90964768858,562.9639721613582,483.6556520009743
0.9,0.43333333333333335,0.015,0.572213907295149,0.7716699054032405,-1.1198765513576335e-05,0.0,417718.6893891362,9089.179450056328,95609.95156222959,562.9627919837123,483.6551450414563
0.9,0.5,-0.005,0.5722470996598916,0.7719185791043905,-2.702193899067277e-13,0.0,417694.19811001385,9089.118725596918,95609.89236458093,562.9297846103333,483.6409661115213
0.9,0.5,0.005,0.5722470996598916,0.772115168593197,-2.9319124790125533e-13,0.0,417695.0719945855,9089.12103265857,95609.84916607641,562.9309621478013,483.64147195174905
0.9,0.5,0.015,0.5722470996598916,0.7719185791043905,-2.702193899067277e-13,0.0,417694.19811001385,9089.118725596918,95609.89236458093,562.9297846103333,483.6409661115213
0.9,0.5666666666666667,-0.005,0.5722139072951561,0.7716699054032264,1.1198765698946515e-05,0.0,417718.6893891319,9089.179450056317,95609.95156222978,562.9627919837066,483.65514504145386
0.9,0.5666666666666667,0.005,0.5722139072951561,0.7718769646505506,5.1382471384550675e-06,0.0,417719.5652407478,9089.181757876442,95609.90964768875,562.9639721613522,483.65565200097177
0.9,0.5666666666666667,0.015,0.5722139072951561,0.7716699054032264,1.1198765698946515e-05,0.0,417718.6893891319,9089.179450056317,95609.95156222978,562.9627919837066,483.65514504145386
0.9,0.6333333333333333,-0.005,0.572246655770615,0.7719168598850965,-0.0001705304943777585,0.0,417694.76827863907,9089.119972827892,95609.94737708532,562.9305530334301,483.6412962066524
0.9,0.6333333333333333,0.005,0.572246655770615,0.7721208379814942,-0.00019564257567884503,0.0,417695.6447629664,9089.122280351814,95609.90610689382,562.9317340669177,483.6418035483344
0.9,0.6333333333333333,0.015,0.572246655770615,0.7719168598850965,-0.0001705304943777585,0.0,417694.76827863907,9089.119972827892,95609.94737708532,562.9305530334301,483.6412962066524
0.9,0.7,-0.005,0.5722056734996595,0.7713840148671777,-0.00010714814523042984,0.0,417725.69816945854,9089.196171501082,95610.17985794616,562.9722380765545,483.65920270948016
0.9,0.7,0.005,0.5722056734996595,0.7715856889324832,-0.00012327202749734645,0.0,417726.57461294875,9089.198479802082,95610.13825414417,562.9734190575516,483.6597100098311
0.9,0.7,0.015,0.5722056734996595,0.7713840148671777,-0.00010714814523042984,0.0,417725.69816945854,9089.196171501082,95610.17985794616,562.9722380765545,483.65920270948016
0.9,0.7666666666666667,-0.005,0.5722492441069567,0.7714214076788675,-0.00010643286587731839,0.0,417693.51433399937,9089.116400153996,95610.09397424627,562.9288635963605,483.6405704669117
0.9,0.7666666666666667,0.005,0.5722492441069567,0.7716279945376218,-0.00012715748138384148,0.0,417694.3890127999,9089.11870783473,95610.05120755761,562.9300421939497,483.6410767629544
0.9,0.7666666666666667,0.015,0.5722492441069567,0.7714214076788675,-0.00010643286587731839,0.0,417693.51433399937,9089.116400153996,95610.09397424627,562.9288635963605,483.6405704669117
0.9,0.8333333333333334,-0.005,0.5721874767430017,0.7713706419560233,1.6670977527396303e-05,0.0,417739.81291887537,9089.230687297799,95610.36805388465,562.9912606638024,483.66737395758173
0.9,0.8333333333333334,0.005,0.5721874767430017,0.7715631614698634,-1.0126113415634597e-05,0.0,417740.69329469465,9089.2329968904,95610.32916591296,562.9924469539601,483.66788352991716
0.9,0.8333333333333334,0.015,0.5721874767430017,0.7713706419560233,1.6670977527396303e-05,0.0,417739.81291887537,9089.230687297799,95610.36805388465,562.9912606638024,483.66737395758173
0.9,0.9,-0.005,0.572243834816954,0.7706942493453138,-0.00019869361164952853,0.0,417698.5233140906,9089.12810239472,95610.33763085408,562.9356149989997,483.64347069342756
0.9,0.9,0.005,0.572243834816954,0.770894046883645,-0.00021092857450742266,0.0,417699.3987091522,9089.130413679251,95610.29427287716,562.9367945691564,483.6439774042223
0.9,0.9,0.015,0.572243834816954,0.7706942493453138,-0.00019869361164952853,0.0,417698.5233140906,9089.12810239472,95610.33763085408,562.9356149989997,483.64347069342756
0.9,0.9666666666666667,-0.005,0.5719564509320637,0.7661604988435873,0.00027395354029599974,0.0,417909.05364184384,9089.651121634437,95610.47893124302,563.2193532895568,483.7653415436834
0.9,0.9666666666666667,0.005,0.5719564509320637,0.766347090345546,0.00026356421518617084,0.0,417909.9154424157,9089.653379232188,95610.44163768085,563.2205145531663,483.7658402648245
0.9,0.9666666666666667,0.015,0.5719564509320637,0.7661604988435873,0.00027395354029599974,0.0,417909.05364184384,9089.651121634437,95610.47893124302,563.2193532895568,483.7653415436834
0.9,1.0333333333333332,-0.005,0.4912952286715364,0.125790130562349,4.497837157340416e-05,0.0,486522.35017776786,9247.569005063146,95610.5350547839,655.6904882293642,521.9698378920618
0.9,1.0333333333333332,0.005,0.41063400641100906,-0.7661604988435846,-0.00027395354029599876,0.0,582091.5333601412,9433.87212112182,95610.47893124301,784.489541589149,570.9387833394427
0.9,1.0333333333333332,0.015,0.4912952286715364,0.125790130562349,4.497837157340416e-05,0.0,486522.35017776786,9247.569005063146,95610.5350547839,655.6904882293642,521.9698378920618
0.9666666666666667,-0.03333333333333333,-0.005,0.49295182134533955,0.1594585310889429,5.8424709095299454e-05,0.0,484677.59935386584,9243.75100862419,95569.2050456306,653.2042946635477,520.9793167857985
0.9666666666666667,-0.03333333333333333,0.005,0.4066566470597821,-0.9108848420667742,-0.00033374308388295007,0.0,587529.8827558635,9443.660526814003,95569.12575084639,791.8186898924662,573.5996007879692
0.9666666666666667,-0.03333333333333333,0.015,0.49295182134533955,0.1594585310889429,5.8424709095299454e-05,0.0,484677.59935386584,9243.75100862419,95569.2050456306,653.2042946635477,520.9793167857985
0.9666666666666667,0.03333333333333333,-0.005,0.579246995630897,0.9108848420667742,0.00033374308388295007,0.0,412470.9469554437,9076.172938299102,95569.12575084639,555.8902049862401,480.60742605153587
0.9666666666666667,0.03333333333333333,0.005,0.579246995630897,0.9114262161651029,0.0003337505660517079,0.0,412471.4007993485,9076.17437231682,95569.03164282824,555.8908159709149,480.60769017176017
0.9666666666666667,0.03333333333333333,0.015,0.579246995630897,0.9108848420667742,0.00033374308388295007,0.0,412470.9469554437,9076.172938299102,95569.12575084639,555.8902049862401,480.60742605153587
0.9666666666666667,0.1,-0.005,0.5797164091893435,0.9155102717622671,-2.569647829427039e-05,0.0,412136.34921005147,9075.330338507776,95568.98679347993,555.4392589360137,480.41244870745425
0.9666666666666667,0.1,0.005,0.5797164091893435,0.9160486588628998,-1.4678901012675843e-05,0.0,412136.8130509076,9075.331800626383,95568.89204940264,555.4398833939821,480.4127187615535
0.9666666666666667,0.1,0.015,0.5797164091893435,0.9155102717622671,-2.569647829427039e-05,0.0,412136.34921005147,9075.330338507776,95568.98679347993,555.4392589360137,480.41244870745425
0.9666666666666667,0.16666666666666666,-0.005,0.5796652887790853,0.9159828085279496,0.0003271197536078697,0.0,412172.8612013507,9075.42224538102,95569.02460979135,555.4884658881998,480.4337283599735
0.9666666666666667,0.16666666666666666,0.005,0.5796652887790853,0.9165230946532724,0.000347618474505152,0.0,412173.3271225569,9075.423709447059,95568.93089194012,555.4890931471763,480.4339996133857
0.9666666666666667,0.16666666666666666,0.015,0.5796652887790853,0.9159828085279496,0.0003271197536078697,0.0,412172.8612013507,9075.42224538102,95569.02460979135,555.4884658881998,480.4337283599735
0.9666666666666667,0.23333333333333334,-0.005,0.5797122347546647,0.916005396525574,0.00014502976466686693,0.0,412138.5103378968,9075.33637120591,95568.79788622801,555.4421708961495,480.4137080171298
0.9666666666666667,0.23333333333333334,0.005,0.5797122347546647,0.9165380578808169,0.00016238376217139706,0.0,412138.9766803771,9075.337832364554,95568.70548382339,555.4427987322885,480.4139795314459
0.9666666666666667,0.23333333333333334,0.015,0.5797122347546647,0.916005396525574,0.00014502976466686693,0.0,412138.5103378968,9075.33637120591,95568.79788622801,555.4421708961495,480.4137080171298
0.9666666666666667,0.3,-0.005,0.5796780579974126,0.9158581631475217,0.00031351041733773926,0.0,412163.0984524365,9075.398136270955,95568.86490139812,555.4753086985171,480.4280385972574
0.9666666666666667,0.3,0.005,0.5796780579974126,0.9163953786843458,0.00032181176526191907,0.0,412163.5658719804,9075.399599078162,95568.77281630653,555.4759379807055,480.4283107288149
0.9666666666666667,0.3,0.015,0.5796780579974126,0.9158581631475217,0.00031351041733773926,0.0,412163.0984524365,9075.398136270955,95568.86490139812,555.4753086985171,480.4280385972574
0.9666666666666667,0.36666666666666664,-0.005,0.5797083055545862,0.9162740396871083,0.00028084558194312097,0.0,412140.9872720372,9075.342851391215,95568.72135514638,555.4455087505927,480.4151515054935
0.9666666666666667,0.36666666666666664,0.005,0.5797083055545862,0.916797676755637,0.0002920078206870935,0.0,412141.4590714089,9075.344312804946,95568.6333037718,555.4461439519894,480.4154262041661
0.9666666666666667,0.36666666666666664,0.015,0.5797083055545862,0.9162740396871083,0.00028084558194312097,0.0,412140.9872720372,9075.342851391215,95568.72135514638,555.4455087505927,480.4151515054935
0.9666666666666667,0.43333333333333335,-0.005,0.5796838837861257,0.9158811040848535,8.926540632183653e-06,0.0,412158.5290173362,9075.38693882142,95568.76208535655,555.4691504019374,480.4253754486882
0.9666666666666667,0.43333333333333335,0.005,0.5796838837861257,0.9164009117998895,1.1205412005609622e-05,0.0,412159.0026606129,9075.388401228474,95568.67519726911,555.4697880933924,480.4256512183403
0.9666666666666667,0.43333333333333335,0.015,0.5796838837861257,0.9158811040848535,8.926540632183653e-06,0.0,412158.5290173362,9075.38693882142,95568.76208535655,555.4691504019374,480.4253754486882
0.9666666666666667,0.5,-0.005,0.5797080097433951,0.9162894216536868,-2.9812422211706913e-13,0.0,412141.09808760724,9075.343195733034,95568.70040385767,555.4456580787803,480.4152160838526
0.9666666666666667,0.5,0.005,0.5797080097433951,0.9168079376779189,-3.0814355841719485e-13,0.0,412141.56615288084,9075.34465702261,95568.60936562245,555.4462882540207,480.4154886088819
0.9666666666666667,0.5,0.015,0.5797080097433951,0.9162894216536868,-2.9812422211706913e-13,0.0,412141.09808760724,9075.343195733034,95568.70040385767,555.4456580787803,480.4152160838526
0.9666666666666667,0.5666666666666667,-0.005,0.5796838837861326,0.9158811040849685,-8.926541048842544e-06,0.0,412158.52901733166,9075.38693882141,95568.76208535662,555.4691504019313,480.4253754486856
0.9666666666666667,0.5666666666666667,0.005,0.5796838837861326,0.9164009118000296,-1.1205412446992543e-05,0.0,412159.00266060844,9075.388401228463,95568.67519726921,555.4697880933863,480.42565121833775
0.9666666666666667,0.5666666666666667,0.015,0.5796838837861326,0.9158811040849685,-8.926541048842544e-06,0.0,412158.52901733166,9075.38693882141,95568.76208535662,555.4691504019313,480.4253754486856
0.9666666666666667,0.6333333333333333,-0.005,0.5797083055545688,0.9162740396871107,-0.0002808455825202021,0.0,412140.9872720505,9075.342851391248,95568.72135514661,555.4455087506107,480.4151515055013
0.9666666666666667,0.6333333333333333,0.005,0.5797083055545688,0.9167976767556417,-0.000292007821249961,0.0,412141.4590714223,9075.344312804978,95568.63330377203,555.4461439520073,480.41542620417397
0.9666666666666667,0.6333333333333333,0.015,0.5797083055545688,0.9162740396871107,-0.0002808455825202021,0.0,412140.9872720505,9075.342851391248,95568.72135514661,555.4455087506107,480.4151515055013
0.9666666666666667,0.7,-0.005,0.5796780579974212,0.9158581631474206,-0.00031351041712550555,0.0,412163.09845243004,9075.398136270938,95568.86490139806,555.4753086985085,480.42803859725365
0.9666666666666667,0.7,0.005,0.5796780579974212,0.9163953786842514,-0.0003218117650596698,0.0,412163.5658719739,9075.399599078146,95568.77281630645,555.4759379806967,480.42831072881114
0.9666666666666667,0.7,0.015,0.5796780579974212,0.9158581631474206,-0.00031351041712550555,0.0,412163.09845243004,9075.398136270938,95568.86490139806,555.4753086985085,480.42803859725365
0.9666666666666667,0.7666666666666667,-0.005,0.5797122347546639,0.9160053965246167,-0.00014502976582487747,0.0,412138.51033789886,9075.336371205914,95568.79788622835,555.4421708961522,480.413708017131
0.9666666666666667,0.7666666666666667,0.005,0.5797122347546639,0.9165380578798525,-0.0001623837633162249,0.0,412138.976680379,9075.337832364557,95568.70548382371,555.4427987322911,480.413979531447
0.9666666666666667,0.7666666666666667,0.015,0.5797122347546639,0.9160053965246167,-0.00014502976582487747,0.0,412138.51033789886,9075.336371205914,95568.79788622835,555.4421708961522,480.413708017131
0.9666666666666667,0.8333333333333334,-0.005,0.5796652887790855,0.9159828085272387,-0.0003271197536970824,0.0,412172.86120134976,9075.422245381016,95569.02460979116,555.4884658881986,480.433728359973
0.9666666666666667,0.8333333333333334,0.005,0.5796652887790855,0.9165230946525799,-0.00034761847454844547,0.0,412173.3271225558,9075.423709447057,95568.9308919399,555.4890931471748,480.433999613385
0.9666666666666667,0.8333333333333334,0.015,0.5796652887790855,0.9159828085272387,-0.0003271197536970824,0.0,412172.86120134976,9075.422245381016,95569.02460979116,555.4884658881986,480.433728359973
0.9666666666666667,0.9,-0.005,0.5797164091893663,0.9155102717612155,2.569647778502452e-05,0.0,412136.34921003494,9075.330338507736,95568.98679347987,555.4392589359915,480.41244870744464
0.9666666666666667,0.9,0.005,0.5797164091893663,0.9160486588618256,1.4678900477552511e-05,0.0,412136.8130508912,9075.331800626342,95568.89204940258,555.4398833939599,480.4127187615439
0.9666666666666667,0.9,0.015,0.5797164091893663,0.9155102717612155,2.569647778502452e-05,0.0,412136.34921003494,9075.330338507736,95568.98679347987,555.4392589359915,480.41244870744464
0.9666666666666667,0.9666666666666667,-0.005,0.5792469956308827,0.910884842066862,-0.00033374308470351114,0.0,412470.946955454,9076.172938299127,95569.1257508464,555.890204986254,480.6074260515418
0.9666666666666667,0.9666666666666667,0.005,0.5792469956308827,0.9114262161651994,-0.00033375056687222983,0.0,412471.40079935873,9076.174372316846,95569.03164282824,555.8908159709288,480.60769017176614
0.9666666666666667,0.9666666666666667,0.015,0.5792469956308827,0.910884842066862,-0.00033374308470351114,0.0,412470.946955454,9076.172938299127,95569.1257508464,555.890204986254,480.6074260515418
0.9666666666666667,1.0333333333333332,-0.005,0.492951821345336,0.15945853108894054,-5.842470923893951e-05,0.0,484677.5993538693,9243.751008624196,95569.20504563062,653.2042946635523,520.9793167858003
0.9666666666666667,1.0333333333333332,0.005,0.4066566470597894,-0.9108848420668588,0.00033374308470350995,0.0,587529.8827558528,9443.660526813985,95569.1257508464,791.8186898924517,573.5996007879638
0.9666666666666667,1.0333333333333332,0.015,0.492951821345336,0.15945853108894054,-5.842470923893951e-05,0.0,484677.5993538693,9243.751008624196,95569.20504563062,653.2042946635523,520.9793167858003
1.0333333333333332,-0.03333333333333333,-0.005,0.5242594701941736,0.38955176445401946,0.0003879175130174169,0.0,455791.66395515547,9179.880887938678,95581.34204607844,614.2743774660263,505.2160818151806
1.0333333333333332,-0.03333333333333333,0.005,0.49676570747581206,0.0856046389671908,0.00041950223824857146,0.0,481048.4680435991,9235.886935693006,95587.42527177962,648.3132943119055,519.0251824839359
1.0333333333333332,-0.03333333333333333,0.015,0.5242594701941736,0.38955176445401946,0.0003879175130174169,0.0,455791.66395515547,9179.880887938678,95581.34204607844,614.2743774660263,505.2160818151806
1.0333333333333332,0.03333333333333333,-0.005,0.5830608817613695,0.8430468172650358,0.0006395787695999603,0.0,409851.2234963986,9069.497703988449,95587.35744026946,552.3596605555605,479.0787890880231
1.0333333333333332,0.03333333333333333,0.005,0.586874767891842,0.7760904389982132,0.0009414397085086124,0.0,407265.5468734288,9062.86687573872,95605.58807032034,548.8749942247989,477.5652181642717
1.0333333333333332,0.03333333333333333,0.015,0.5830608817613695,0.8430468172650358,0.0006395787695999603,0.0,409851.2234963986,9069.497703988449,95587.35744026946,552.3596605555605,479.0787890880231
1.0333333333333332,0.1,-0.005,0.5836214824472268,0.847726690923488,-0.00013864217761677534,0.0,409456.99090877594,9068.49839364595,95587.23029674983,551.8283444588881,478.8483201281563
1.0333333333333332,0.1,0.005,0.5875265557051101,0.7808441106392832,-0.0002500865673822,0.0,406813.2474759607,9061.712915882934,95605.47274166628,548.2654213169362,477.29995586173413
1.0333333333333332,0.1,0.015,0.5836214824472268,0.847726690923488,-0.00013864217761677534,0.0,409456.99090877594,9068.49839364595,95587.23029674983,551.8283444588881,478.8483201281563
1.0333333333333332,0.16666666666666666,-0.005,0.5835729003644441,0.8481502083080581,0.0005001660502050439,0.0,409491.1859466014,9068.585065356227,95587.25518519996,551.8744289313858,478.8683145809184
1.0333333333333332,0.16666666666666666,0.005,0.5874805119498029,0.7812199174961644,0.0006709104845570345,0.0,406845.18234241114,9061.794420735036,95605.48470081859,548.3084598246714,477.31868937466453
1.0333333333333332,0.16666666666666666,0.015,0.5835729003644441,0.8481502083080581,0.0005001660502050439,0.0,409491.1859466014,9068.585065356227,95587.25518519996,551.8744289313858,478.8683145809184
1.0333333333333332,0.23333333333333334,-0.005,0.5836123835452145,0.8482100568919535,0.00016445717257290533,0.0,409462.5641433679,9068.513123782446,95587.03968273872,551.835855004318,478.85157875002795
1.0333333333333332,0.23333333333333334,0.005,0.5875125323357642,0.7813147597320497,0.00018362666463451918,0.0,406822.14347678056,9061.73622775002,95605.28042053056,548.2774100409524,477.30517430698
1.0333333333333332,0.23333333333333334,0.015,0.5836123835452145,0.8482100568919535,0.00016445717257290533,0.0,409462.5641433679,9068.513123782446,95587.03968273872,551.835855004318,478.85157875002795
1.0333333333333332,0.3,-0.005,0.583582882207678,0.8480155670404781,0.00041738190103742944,0.0,409483.49627887027,9068.566059490806,95587.09375430028,551.8640656517279,478.863818386403
1.0333333333333332,0.3,0.005,0.5874877064179433,0.7810747582898189,0.0005198726888901991,0.0,406839.512308305,9061.780450083255,95605.32154707596,548.3008184222113,477.31536332994483
1.0333333333333332,0.3,0.015,0.583582882207678,0.8480155670404781,0.00041738190103742944,0.0,409483.49627887027,9068.566059490806,95587.09375430028,551.8640656517279,478.863818386403
1.0333333333333332,0.36666666666666664,-0.005,0.5836076347371382,0.8484834376179019,0.0003363716305306179,0.0,409465.5907970989,9068.52103311518,95586.96516784883,551.8399337398521,478.853348393413
1.0333333333333332,0.36666666666666664,0.005,0.58750696391969,0.7815926343132574,0.0003911606703234586,0.0,406825.70541616745,9061.745547463333,95605.20792198552,548.2822102056169,477.30726370404005
1.0333333333333332,0.36666666666666664,0.015,0.5836076347371382,0.8484834376179019,0.0003363716305306179,0.0,409465.5907970989,9068.52103311518,95586.96516784883,551.8399337398521,478.853348393413
1.0333333333333332,0.43333333333333335,-0.005,0.5835872797512884,0.8480848032873018,1.905649418901686e-05,0.0,409480.0435033009,9068.557577322537,95587.00447512596,551.8594122363663,478.8617994499613
1.0333333333333332,0.43333333333333335,0.005,0.5874906757164513,0.7811893405495332,2.9051846777943605e-05,0.0,406837.148156653,9061.77464848,95605.24580620452,548.2976321135574,477.3139764304261
1.0333333333333332,0.43333333333333335,0.015,0.5835872797512884,0.8480848032873018,1.905649418901686e-05,0.0,409480.0435033009,9068.557577322537,95587.00447512596,551.8594122363663,478.8617994499613
1.0333333333333332,0.5,-0.005,0.5836069385074493,0.8485327283361327,-3.1216984406554606e-13,0.0,409466.02106211154,9068.52215997663,95586.95376710247,551.840513555547,478.85359995785865
1.0333333333333332,0.5,0.005,0.5875058672715034,0.7816752931309613,-3.2602905432741035e-13,0.0,406826.44731457485,9061.747447422695,95605.20607284078,548.2832099817289,477.30769888155794
1.0333333333333332,0.5,0.015,0.5836069385074493,0.8485327283361327,-3.1216984406554606e-13,0.0,409466.02106211154,9068.52215997663,95586.95376710247,551.840513555547,478.85359995785865
1.0333333333333332,0.5666666666666667,-0.005,0.5835872797512954,0.8480848032873461,-1.9056494908703522e-05,0.0,409480.0435032964,9068.557577322526,95587.00447512603,551.8594122363602,478.86179944995865
1.0333333333333332,0.5666666666666667,0.005,0.5874906757164583,0.7811893405495074,-2.9051847796631574e-05,0.0,406837.1481566482,9061.774648479988,95605.24580620453,548.2976321135509,477.31397643042334
1.0333333333333332,0.5666666666666667,0.015,0.5835872797512954,0.8480848032873461,-1.9056494908703522e-05,0.0,409480.0435032964,9068.557577322526,95587.00447512603,551.8594122363602,478.86179944995865
1.0333333333333332,0.6333333333333333,-0.005,0.5836076347371252,0.8484834376179377,-0.0003363716309879577,0.0,409465.59079710883,9068.521033115205,95586.96516784906,551.8399337398655,478.8533483934188
1.0333333333333332,0.6333333333333333,0.005,0.5875069639196816,0.7815926343133273,-0.0003911606706626455,0.0,406825.70541617414,9061.74554746335,95605.20792198576,548.282210205626,477.307263704044
1.0333333333333332,0.6333333333333333,0.015,0.5836076347371252,0.8484834376179377,-0.0003363716309879577,0.0,409465.59079710883,9068.521033115205,95586.96516784906,551.8399337398655,478.8533483934188
1.0333333333333332,0.7,-0.005,0.5835828822076858,0.8480155670403442,-0.00041738190099764946,0.0,409483.4962788644,9068.566059490791,95587.09375430018,551.8640656517199,478.86381838639954
1.0333333333333332,0.7,0.005,0.5874877064179503,0.7810747582896526,-0.0005198726890205809,0.0,406839.5123082999,9061.78045008324,95605.32154707586,548.3008184222043,477.31536332994176
1.0333333333333332,0.7,0.015,0.5835828822076858,0.8480155670403442,-0.00041738190099764946,0.0,409483.4962788644,9068.566059490791,95587.09375430018,551.8640656517199,478.86381838639954
1.0333333333333332,0.7666666666666667,-0.005,0.5836123835452177,0.8482100568910327,-0.00016445717372080224,0.0,409462.5641433673,9068.513123782443,95587.03968273908,551.8358550043172,478.8515787500276
1.0333333333333332,0.7666666666666667,0.005,0.5875125323357715,0.7813147597311656,-0.0001836266657724365,0.0,406822.1434767772,9061.73622775001,95605.28042053092,548.2774100409479,477.305174306978
1.0333333333333332,0.7666666666666667,0.015,0.5836123835452177,0.8482100568910327,-0.00016445717372080224,0.0,409462.5641433673,9068.513123782443,95587.03968273908,551.8358550043172,478.8515787500276
1.0333333333333332,0.8333333333333334,-0.005,0.5835729003644434,0.8481502083072621,-0.0005001660504328346,0.0,409491.18594660115,9068.585065356227,95587.25518519976,551.8744289313854,478.86831458091825
1.0333333333333332,0.8333333333333334,0.005,0.5874805119498014,0.7812199174952839,-0.0006709104849215606,0.0,406845.1823424115,9061.794420735037,95605.48470081836,548.3084598246719,477.3186893746647
1.0333333333333332,0.8333333333333334,0.015,0.5835729003644434,0.8481502083072621,-0.0005001660504328346,0.0,409491.18594660115,9068.585065356227,95587.25518519976,551.8744289313854,478.86831458091825
1.0333333333333332,0.9,-0.005,0.5836214824472479,0.8477266909224876,0.0001386421772820002,0.0,409456.99090876075,9068.498393645912,95587.23029674978,551.8283444588676,478.84832012814735
1.0333333333333332,0.9,0.005,0.5875265557051293,0.7808441106383335,0.0002500865672195772,0.0,406813.247475947,9061.7129158829,95605.47274166625,548.2654213169178,477.2999558617261
1.0333333333333332,0.9,0.015,0.5836214824472479,0.8477266909224876,0.0001386421772820002,0.0,409456.99090876075,9068.498393645912,95587.23029674978,551.8283444588676,478.84832012814735
1.0333333333333332,0.9666666666666667,-0.005,0.5830608817613566,0.8430468172651177,-0.0006395787706086685,0.0,409851.2234964078,9069.497703988472,95587.3574402695,552.3596605555729,479.07878908802843
1.0333333333333332,0.9666666666666667,0.005,0.5868747678918306,0.7760904389982892,-0.0009414397097030209,0.0,407265.54687343683,9062.86687573874,95605.58807032036,548.8749942248097,477.5652181642764
1.0333333333333332,0.9666666666666667,0.015,0.5830608817613566,0.8430468172651177,-0.0006395787706086685,0.0,409851.2234964078,9069.497703988472,95587.3574402695,552.3596605555729,479.07878908802843
1.0333333333333332,1.0333333333333332,-0.005,0.5242594701941675,0.38955176445404455,-0.00038791751355314347,0.0,455791.66395516077,9179.88088793869,95581.34204607845,614.2743774660335,505.21608181518354
1.0333333333333332,1.0333333333333332,0.005,0.49676570747580995,0.08560463896718566,-0.0004195022386182336,0.0,481048.46804360114,9235.88693569301,95587.42527177963,648.3132943119082,519.025182483937
1.0333333333333332,1.0333333333333332,0.015,0.5242594701941675,0.38955176445404455,-0.00038791751355314347,0.0,455791.66395516077,9179.88088793869,95581.34204607845,614.2743774660335,505.21608181518354
