# Time [s], Iter[-]
0.02949042838886917,92300
# x [m], y [m], z [m], rho [kg/m3], u [m/s], v [m/s], w [m/s], E [J/kg], s [J/(kg·K)], P [Pa], T [K], sos [m/s]
-2.5357142857142856,-0.01,-0.005,284.3071043131398,8.310800504719424,0.0010719381266704583,0.0,244857.49090829602,6232.461803989174,20115809.00976643,374.51743776892215,301.99617955947696
-2.5357142857142856,-0.01,0.005,284.3071043131398,9.999,0.0032158143800113757,0.0,243083.71625751836,6227.666833496775,19968797.436284084,371.78036675197944,300.89062254757044
-2.5357142857142856,-0.01,0.015,284.3071043131398,8.310800504719424,0.0010719381266704583,0.0,244857.49090829602,6232.461803989174,20115809.00976643,374.51743776892215,301.99617955947696
-2.5357142857142856,0.01,-0.005,284.3071043131398,9.999,0.0,0.0,243083.71625751836,6227.666833510683,19968797.436708935,371.7803667598894,300.8906225507713
-2.5357142857142856,0.01,0.005,284.3071043131398,15.063598485841725,0.0032158143800113757,0.0,237762.39230518535,6213.020174621918,19526357.69165744,363.5429948697819,297.5386015285078
-2.5357142857142856,0.01,0.015,284.3071043131398,9.999,0.0,0.0,243083.71625751836,6227.666833510683,19968797.436708935,371.7803667598894,300.8906225507713
-2.5357142857142856,0.03,-0.005,284.2826120000496,9.991,0.0,0.0,243105.02848752358,6227.740646321109,19968834.728062354,371.8130914206532,300.90386467940823
-2.5357142857142856,0.03,0.005,284.2826120000496,15.055507765071502,0.009628672740402687,0.0,237783.5890306084,6213.095088480989,19526427.0456237,363.5756068445202,297.55194672273785
-2.5357142857142856,0.03,0.015,284.2826120000496,9.991,0.0,0.0,243105.02848752358,6227.740646321109,19968834.728062354,371.8130914206532,300.90386467940823
-2.5357142857142856,0.05,-0.005,284.2337054719614,9.975,0.0,0.0,243147.59691002688,6227.888057884702,19968909.266009588,371.8784547252025,300.9303123853715
-2.5357142857142856,0.05,0.005,284.2337054719614,15.039316588176224,0.01597977170512636,0.0,237825.92989014948,6213.244708000093,19526565.88531219,363.6407502677201,297.5786023671806
-2.5357142857142856,0.05,0.015,284.2337054719614,9.975,0.0,0.0,243147.59691002688,6227.888057884702,19968909.266009588,371.8784547252025,300.9303123853715
-2.5357142857142856,0.07,-0.005,284.16042086966246,9.951,-1.5628122993618642e-18,0.0,243211.41116738642,6228.108993407151,19969020.901026964,371.9764402415317,300.9699555396925
-2.5357142857142856,0.07,0.005,284.16042086966246,15.01502441914752,0.02223083538276671,0.0,237889.40450333766,6213.468956493888,19526774.009097904,363.73840867338436,297.6185581490444
-2.5357142857142856,0.07,0.015,284.16042086966246,9.951,-1.5628122993618642e-18,0.0,243211.41116738642,6228.108993407151,19969020.901026964,371.9764402415317,300.9699555396925
-2.5357142857142856,0.09,-0.005,284.0628111418851,9.919000000000002,0.0,0.0,243296.4567276129,6228.403344328667,19969169.40619239,372.10702485822367,301.0227795808515
-2.5357142857142856,0.09,0.005,284.0628111418851,14.982631234110988,0.0283439556579337,0.0,237973.99807890132,6213.767721979281,19527051.094430655,363.86855853653566,297.6717990899928
-2.5357142857142856,0.09,0.015,284.0628111418851,9.919000000000002,0.0,0.0,243296.4567276129,6228.403344328667,19969169.40619239,372.10702485822367,301.0227795808515
-2.5357142857142856,0.11000000000000001,-0.005,283.94094655705885,9.879,-3.1280405500474945e-18,0.0,243402.71436727027,6228.770966631999,19969354.479118723,372.2701779934184,301.0887652041834
-2.5357142857142856,0.11000000000000001,0.005,283.94094655705885,14.942137088402886,0.034281604369823165,0.0,238079.6909909349,6214.140855732061,19527396.707140647,364.03116863475867,297.7383052948661
-2.5357142857142856,0.11000000000000001,0.015,283.94094655705885,9.879,-3.1280405500474945e-18,0.0,243402.71436727027,6228.770966631999,19969354.479118723,372.2701779934184,301.0887652041834
-2.5357142857142856,0.13,-0.005,283.79491456793244,9.831000000000001,0.0,0.0,243530.16018880662,6229.211681056074,19969575.74240205,372.4658616213244,301.16788838519665
-2.5357142857142856,0.13,0.005,283.79491456793244,14.893542114498727,0.04000672848447697,0.0,238206.45878310254,6214.5881724732835,19527810.301047515,364.226200054591,297.81805196755596
-2.5357142857142856,0.13,0.015,283.79491456793244,9.831000000000001,0.0,0.0,243530.16018880662,6229.211681056074,19969575.74240205,372.4658616213244,301.16788838519665
-2.5357142857142856,0.15,-0.005,283.62481964779903,9.775,0.0,0.0,243678.76563760694,6229.725273346443,19969832.744110055,372.6940302983056,301.2601204057701
-2.5357142857142856,0.15,0.005,283.62481964779903,14.836846537782238,0.045482850205804684,0.0,238354.27216462023,6215.109450572031,19528291.216994338,364.4536061849209,297.9110094248059
-2.5357142857142856,0.15,0.015,283.62481964779903,9.775,0.0,0.0,243678.76563760694,6229.725273346443,19969832.744110055,372.6940302983056,301.2601204057701
-2.5357142857142856,0.17000000000000004,-0.005,283.43078308838665,9.711,0.0,0.0,243848.49752838732,6230.31149457476,19970124.9583589,372.9546312032576,301.3654278891312
-2.5357142857142856,0.17000000000000004,0.005,283.43078308838665,14.772050697831885,0.050674168496166766,0.0,238523.09701090184,6215.704432306973,19528838.68165864,364.7133327173953,298.0171431160877
-2.5357142857142856,0.17000000000000004,0.015,283.43078308838665,9.711,0.0,0.0,243848.49752838732,6230.31149457476,19970124.9583589,372.9546312032576,301.3654278891312
-2.5357142857142856,0.19,-0.005,283.2129427556535,9.639,0.0,0.0,244039.31808494404,6230.970061540144,19970451.7859894,373.24760419841374,301.4837728460303
-2.5357142857142856,0.19,0.005,283.2129427556535,14.699155072297739,0.05554566181190452,0.0,238712.89437360963,6216.372824202083,19529451.806225546,365.0053176611664,298.1364136524986
-2.5357142857142856,0.19,0.015,283.2129427556535,9.639,0.0,0.0,244039.31808494404,6230.970061540144,19970451.7859894,373.24760419841374,301.4837728460303
-2.5357142857142856,0.20999999999999996,-0.005,282.97145280060454,9.559000000000001,0.0,0.0,244251.18499651912,6231.7006572626515,19970812.555339236,373.5728819155702,301.61511273404386
-2.5357142857142856,0.20999999999999996,0.005,282.97145280060454,14.618160304012607,0.0600631923061932,0.0,238923.62050321553,6217.114297446639,19530129.58491695,365.3294913767234,298.2687768465515
-2.5357142857142856,0.20999999999999996,0.015,282.97145280060454,9.559000000000001,0.0,0.0,244251.18499651912,6231.7006572626515,19970812.555339236,373.5728819155702,301.61511273404386
-2.5357142857142856,0.23000000000000004,-0.005,282.7064833194513,9.471,0.0,0.0,244484.0514968195,6232.502931588148,19971206.52312299,373.93038987696553,301.75940053362393
-2.5357142857142856,0.23000000000000004,0.005,282.7064833194513,14.529067228051229,0.06419361231264159,0.0,239155.22689094127,6217.928488421732,19530870.893475898,365.6857766394019,298.41418376709356
-2.5357142857142856,0.23000000000000004,0.015,282.7064833194513,9.471,0.0,0.0,244484.0514968195,6232.502931588148,19971206.52312299,373.93038987696553,301.75940053362393
-2.5357142857142856,0.25,-0.005,282.4182199601049,9.375,6.289811953844028e-18,0.0,244737.8664692846,6233.376501915413,19971632.875401426,374.3200466563135,301.91658484297704
-2.5357142857142856,0.25,0.005,282.4182199601049,14.43187690325797,0.06790487357241752,0.0,239407.6603324571,6218.814999340988,19531674.48749462,366.0740887361202,298.572580810683
-2.5357142857142856,0.25,0.015,282.4182199601049,9.375,6.289811953844028e-18,0.0,244737.8664692846,6233.376501915413,19971632.875401426,374.3200466563135,301.91658484297704
-2.5357142857142856,0.27,-0.005,282.106863469132,9.271,-6.29675384409743e-18,0.0,245012.5745853455,6234.320954066402,19972090.728657294,374.74176409030457,302.0866099957611
-2.5357142857142856,0.27,0.005,282.106863469132,14.326590643292,0.07116613977651658,0.0,239680.86302136444,6219.7733990307515,19532539.000731546,366.4943356077428,298.7439097943354
-2.5357142857142856,0.27,0.015,282.106863469132,9.271,-6.29675384409743e-18,0.0,245012.5745853455,6234.320954066402,19972090.728657294,374.74176409030457,302.0866099957611
-2.5357142857142856,0.29,-0.005,281.7726291752867,9.159,0.0,0.0,245308.11648058257,6235.335843314143,19972579.13096173,375.1954475480831,302.26941620441914
-2.5357142857142856,0.29,0.005,281.7726291752867,14.213210050920198,0.07394790315754354,0.0,239974.77267633934,6220.803223861654,19533462.943326905,366.9464180429325,298.9281080718383
-2.5357142857142856,0.29,0.015,281.7726291752867,9.159,0.0,0.0,245308.11648058257,6235.335843314143,19972579.13096173,375.1954475480831,302.26941620441914
-2.5357142857142856,0.31,-0.005,281.41574640308914,9.039,0.0,0.0,245624.4289767528,6236.420695592364,19973097.06325356,375.6809962708927,302.4649397338073
-2.5357142857142856,0.31,0.005,281.41574640308914,14.091737048828312,0.07622210654411954,0.0,240289.32271168628,6221.903978861495,19534444.70011144,367.4302299385647,299.12510867954865
-2.5357142857142856,0.31,0.015,281.41574640308914,9.039,0.0,0.0,245624.4289767528,6236.420695592364,19973097.06325356,375.6809962708927,302.4649397338073
-2.5357142857142856,0.33,-0.005,281.0364578136689,8.911,0.0,0.0,245961.44535392485,6237.575008898178,19973643.440686643,376.19830378837486,302.6731131074265
-2.5357142857142856,0.33,0.005,281.0364578136689,13.962173918470977,0.07796227107268262,0.0,240624.44245241192,6223.075139012172,19535482.528708473,367.9456586281642,299.3348405119829
-2.5357142857142856,0.33,0.015,281.0364578136689,8.911,0.0,0.0,245961.44535392485,6237.575008898178,19973643.440686643,376.19830378837486,302.6731131074265
-2.5357142857142856,0.3499999999999999,-0.005,280.63501866520795,8.775,6.329778076260683e-18,0.0,246319.0956826675,6238.798254917318,19974217.11409,376.747258426733,302.89386535202414
-2.5357142857142856,0.3499999999999999,0.005,280.63501866520795,13.82452333389219,0.07914363022084031,0.0,240980.05740724457,6224.31615077091,19536574.55779465,368.49258529920246,299.55722853535167
-2.5357142857142856,0.3499999999999999,0.015,280.63501866520795,8.775,6.329778076260683e-18,0.0,246319.0956826675,6238.798254917318,19974217.11409,376.747258426733,302.89386535202414
-2.5357142857142856,0.36999999999999994,-0.005,280.2116959888656,8.631,0.0,0.0,246697.30722278496,6240.0898808893435,19974816.87152134,377.3277439186976,303.1271222841402
-2.5357142857142856,0.36999999999999994,0.005,280.2116959888656,13.67878839453438,0.07974327262451565,0.0,241356.0896049959,6225.626433830581,19537718.785421845,369.0708855074324,299.7921940419608
-2.5357142857142856,0.36999999999999994,0.015,280.2116959888656,8.631,0.0,0.0,246697.30722278496,6240.0898808893435,19974816.87152134,377.3277439186976,303.1271222841402
-2.5357142857142856,0.39000000000000007,-0.005,279.76676767505245,8.479,0.0,0.0,247096.00489641505,6241.449311734101,19975441.439895965,377.93964012724666,303.37280684291727
-2.5357142857142856,0.39000000000000007,0.005,279.76676767505245,13.524972661040229,0.07974029430713887,0.0,241752.4580008914,6227.0053831376135,19538913.077299356,369.68042979832796,300.03965494910443
-2.5357142857142856,0.39000000000000007,0.015,279.76676767505245,8.479,0.0,0.0,247096.00489641505,6241.449311734101,19975441.439895965,377.93964012724666,303.37280684291727
-2.5357142857142856,0.41,-0.005,279.3005214658873,8.319000000000003,0.0,0.0,247515.1118430852,6242.875952458943,19976089.48668701,378.5828238947021,303.630839473284
-2.5357142857142856,0.41,0.005,279.3005214658873,13.363080194118648,0.07911596004459188,0.0,242169.07896056428,6228.452371187852,19540155.16505857,370.3210844474142,300.2995261467045
-2.5357142857142856,0.41,0.015,279.3005214658873,8.319000000000003,0.0,0.0,247515.1118430852,6242.875952458943,19976089.48668701,378.5828238947021,303.630839473284
-2.5357142857142856,0.43,-0.005,278.8132538467993,8.151,6.3711364382528084e-18,0.0,247954.55006770938,6244.369190876661,19976759.621721856,379.25717003400115,303.90113856561885
-2.5357142857142856,0.43,0.005,278.8132538467993,13.193115587738745,0.07785387551950841,0.0,242605.866834978,6229.966750637574,19541442.644741368,370.9927123399787,300.57171990139295
-2.5357142857142856,0.43,0.015,278.8132538467993,8.151,6.3711364382528084e-18,0.0,247954.55006770938,6244.369190876661,19976759.621721856,379.25717003400115,303.90113856561885
-2.5357142857142856,0.45,-0.005,278.3052688293193,7.975,0.0,0.0,248414.24119420705,6245.92840066849,19977450.399124227,379.96255248154415,304.1836209589437
-2.5357142857142856,0.45,0.005,278.3052688293193,13.015083979096318,0.07594017768263232,0.0,243062.73464364442,6231.547857278009,19542772.975978553,371.6951740170845,300.85614632722974
-2.5357142857142856,0.45,0.015,278.3052688293193,7.975,0.0,0.0,248414.24119420705,6245.92840066849,19977450.399124227,379.96255248154415,304.1836209589437
-2.5357142857142856,0.4699999999999999,-0.005,277.7768766338608,7.7909999999999995,0.0,0.0,248894.1073192124,6247.552944766694,19978160.31914138,380.6988456031541,304.47820250344256
-2.5357142857142856,0.4699999999999999,0.005,277.7768766338608,12.82899111264221,0.07336373656123746,0.0,243539.5948399472,6233.195013289112,19544143.479848415,372.4283288462707,301.1527139053983
-2.5357142857142856,0.4699999999999999,0.015,277.7768766338608,7.7909999999999995,0.0,0.0,248894.1073192124,6247.552944766694,19978160.31914138,380.6988456031541,304.47820250344256
-2.5357142857142856,0.48999999999999994,-0.005,277.22839225235,7.599000000000001,0.0,0.0,249394.07199371763,6249.2421791381885,19978887.830171365,381.46592569574364,304.78479869846694
-2.5357142857142856,0.48999999999999994,0.005,277.22839225235,12.634843362004244,0.07011636774656534,0.0,244036.3602122309,6234.907530928903,19545551.33796103,373.19203640100886,301.4613300860601
-2.5357142857142856,0.48999999999999994,0.015,277.22839225235,7.599000000000001,0.0,0.0,249394.07199371763,6249.2421791381885,19978887.830171365,381.46592569574364,304.78479869846694
-2.5357142857142856,0.51,-0.005,276.6601338914199,7.398999999999999,0.0,0.0,249914.0613372323,6250.995456974412,19979631.330863837,382.2636726916982,305.10332540779723
-2.5357142857142856,0.51,0.005,276.6601338914199,12.432647743736023,0.06619306666811674,0.0,244552.94491628197,6236.684716638229,19546993.59188632,373.9861580415103,301.78190196831474
-2.5357142857142856,0.51,0.015,276.6601338914199,7.398999999999999,0.0,0.0,249914.0613372323,6250.995456974412,19979631.330863837,382.2636726916982,305.10332540779723
-2.5357142857142856,0.53,-0.005,276.07242129503777,7.191,0.0,0.0,250454.00529158761,6252.812133299964,19980389.17219861,383.0919720768807,305.43369965539364
-2.5357142857142856,0.53,0.005,276.07242129503777,12.222411951546524,0.061592262140129285,0.0,245089.2656390421,6238.525875553255,19548467.142230514,374.8105586960963,302.11433705683174
-2.5357142857142856,0.53,0.015,276.07242129503777,7.191,0.0,0.0,250454.00529158761,6252.812133299964,19980389.17219861,383.0919720768807,305.43369965539364
-2.5357142857142856,0.55,-0.005,275.4655739419116,6.975,3.224281464494513e-18,0.0,251013.83902692288,6254.691570028429,19981159.65957703,383.95071704143663,305.7758405080599
-2.5357142857142856,0.55,0.005,275.4655739419116,12.004144399701868,0.05631608315181519,0.0,245645.24290903404,6240.430316463333,19549968.747669857,375.6651088670802,302.4585441036185
-2.5357142857142856,0.55,0.015,275.4655739419116,6.975,3.224281464494513e-18,0.0,251013.83902692288,6254.691570028429,19981159.65957703,383.95071704143663,305.7758405080599
-2.5357142857142856,0.57,-0.005,274.83990910039336,6.751,0.0,0.0,251593.5045266002,6256.633141538537,19981941.05511454,384.83981090431377,306.129670059959
-2.5357142857142856,0.57,0.005,274.83990910039336,11.77785420898494,0.05037065035677072,0.0,246220.8025984503,6242.397357339405,19551495.025682513,376.54968693116075,302.81443406175333
-2.5357142857142856,0.57,0.015,274.83990910039336,6.751,0.0,0.0,251593.5045266002,6256.633141538537,19981941.05511454,384.83981090431377,306.129670059959
-2.5357142857142856,0.59,-0.005,274.1957397456516,6.518999999999999,0.0,0.0,252192.9523509712,6258.636240757683,19982731.57970619,385.75916981138135,306.4951145173893
-2.5357142857142856,0.59,0.005,274.1957397456516,11.543551277372488,0.043766384172382496,0.0,246815.87757950602,6244.426331315635,19553042.451440956,377.4641816744787,303.1819211254258
-2.5357142857142856,0.59,0.015,274.1957397456516,6.518999999999999,0.0,0.0,252192.9523509712,6258.636240757683,19982731.57970619,385.75916981138135,306.4951145173893
-2.5357142857142856,0.61,-0.005,273.5333722916771,6.279000000000001,0.0,0.0,252812.1436400978,6260.700285931036,19983529.415346783,386.7087257990883,306.87210541868296
-2.5357142857142856,0.61,0.005,273.5333722916771,11.301246270737417,0.03651833103984365,0.0,247430.40963920904,6246.516593428487,19554607.359104093,378.40849522473576,303.5609239199238
-2.5357142857142856,0.61,0.015,273.5333722916771,6.279000000000001,0.0,0.0,252812.1436400978,6260.700285931036,19983529.415346783,386.7087257990883,306.87210541868296
-2.5357142857142856,0.63,-0.005,272.8531040701894,6.030999999999999,0.0,0.0,253451.05242447995,6262.8247282889315,19984332.70718841,387.68843032929385,307.2605810290629
-2.5357142857142856,0.63,0.005,272.8531040701894,11.050950714702871,0.02864650150170824,0.0,248064.35167342282,6248.667528195922,19556185.94111562,379.3825464090558,303.9513668509074
-2.5357142857142856,0.63,0.015,272.8531040701894,6.030999999999999,0.0,0.0,253451.05242447995,6262.8247282889315,19984332.70718841,387.68843032929385,307.2605810290629
-2.5357142857142856,0.65,-0.005,272.1552201394013,5.7749999999999995,0.0,0.0,254109.6686555824,6265.009061946077,19985139.565870192,388.6982589252107,307.6604881572516
-2.5357142857142856,0.65,0.005,272.1552201394013,10.792677004114612,0.020176228550637457,0.0,248717.67062093978,6250.8785595286145,19557774.250769623,380.3862752456821,304.35318189387306
-2.5357142857142856,0.65,0.015,272.1552201394013,5.7749999999999995,0.0,0.0,254109.6686555824,6265.009061946077,19985139.565870192,388.6982589252107,307.6604881572516
-2.5357142857142856,0.67,-0.005,271.43998429031967,5.510999999999999,0.0,0.0,254788.00675019145,6267.252851873267,19985948.065991208,389.73822424211744,308.0717872873221
-2.5357142857142856,0.67,0.005,271.43998429031967,10.526440090297038,0.011138391960853491,0.0,249390.3555851934,6253.1491781227805,19559368.183327075,381.4196553447112,304.76631352542023
-2.5357142857142856,0.67,0.015,271.43998429031967,5.510999999999999,0.0,0.0,254788.00675019145,6267.252851873267,19985948.065991208,389.73822424211744,308.0717872873221
-2.5357142857142856,0.69,-0.005,270.7077877062599,5.239000000000001,0.0,0.0,255485.96569924778,6269.555271736396,19986756.248522002,390.80816206911976,308.4943680422196
-2.5357142857142856,0.69,0.005,270.7077877062599,10.252254568269496,0.0015700451919979678,0.0,250082.28130105193,6255.478480476025,19560963.51352075,382.4824850998753,305.1906353554335
-2.5357142857142856,0.69,0.015,270.7077877062599,5.239000000000001,0.0,0.0,255485.96569924778,6269.555271736396,19986756.248522002,390.80816206911976,308.4943680422196
-2.5357142857142856,0.71,-0.005,270.0271629561903,4.959,8.2230467481256765e-19,0.0,256138.77332909155,6271.702774206557,19987560.24052988,391.80897731422266,308.88912496319386
-2.5357142857142856,0.71,0.005,270.0271629561903,9.96959164193549,-0.008485880190702828,0.0,250729.98126737325,6257.652739228923,19562551.06357758,383.4776747957105,305.58741857867915
-2.5357142857142856,0.71,0.015,270.0271629561903,4.959,8.2230467481256765e-19,0.0,256138.77332909155,6271.702774206557,19987560.24052988,391.80897731422266,308.88912496319386
-2.5357142857142856,0.73,-0.005,269.7199559685964,4.671000000000001,0.0,0.0,256439.24584104877,6272.687798918189,19988350.3338234,392.2707458831176,309.0710928305582
-2.5357142857142856,0.73,0.005,269.7199559685964,9.675878673274047,-0.01899729967867664,0.0,251032.57555863788,6258.6639104467695,19564106.85759574,383.94498102125885,305.7735564350475
-2.5357142857142856,0.73,0.015,269.7199559685964,4.671000000000001,0.0,0.0,256439.24584104877,6272.687798918189,19988350.3338234,392.2707458831176,309.0710928305582
-2.5357142857142856,0.75,-0.005,269.4955462310022,4.375,0.0,0.0,256661.49567718303,6273.414784317085,19989133.907897655,392.6127801735835,309.2058083037527
-2.5357142857142856,0.75,0.005,269.4955462310022,9.37341527237584,-0.0300416897655882,0.0,251258.50955476813,6259.416843883909,19565650.42341825,384.2950096806177,305.91290599123704
-2.5357142857142856,0.75,0.015,269.4955462310022,4.375,0.0,0.0,256661.49567718303,6273.414784317085,19989133.907897655,392.6127801735835,309.2058083037527
-2.5357142857142856,0.77,-0.005,269.3241920322924,4.071000000000001,0.0,0.0,256833.47576446112,6273.9761046418735,19989910.138720024,392.87783025357163,309.31016200951046
-2.5357142857142856,0.77,0.005,269.3241920322924,9.062454226758875,-0.04159940191810661,0.0,251435.13807120454,6260.003911305938,19567180.87825243,384.56959107267056,306.02217489993046
-2.5357142857142856,0.77,0.015,269.3241920322924,4.071000000000001,0.0,0.0,256833.47576446112,6273.9761046418735,19989910.138720024,392.87783025357163,309.31016200951046
-2.5357142857142856,0.79,-0.005,269.20254593076237,3.758999999999998,3.2992941470433993e-18,0.0,256958.1689003523,6274.381867913043,19990677.39686303,393.0704478906273,309.38597602505513
-2.5357142857142856,0.79,0.005,269.20254593076237,8.743034065478334,-0.053637352102905426,0.0,251565.35919342178,6260.435176807524,19568695.309883256,384.77314587138756,306.1031537954665
-2.5357142857142856,0.79,0.015,269.20254593076237,3.758999999999998,3.2992941470433993e-18,0.0,256958.1689003523,6274.381867913043,19990677.39686303,393.0704478906273,309.38597602505513
-2.5357142857142856,0.81,-0.005,269.1121714695472,3.4389999999999983,6.600804252535327e-18,0.0,257053.03818246312,6274.689539690487,19991434.19781492,393.2173357693591,309.44377839246096
-2.5357142857142856,0.81,0.005,269.1121714695472,8.415326652688327,-0.06611979042652467,0.0,251666.25083132702,6260.7680698790855,19570191.18252546,384.93178434045376,306.1662490660989
-2.5357142857142856,0.81,0.015,269.1121714695472,3.4389999999999983,6.600804252535327e-18,0.0,257053.03818246312,6274.689539690487,19991434.19781492,393.2173357693591,309.44377839246096
-2.5357142857142856,0.83,-0.005,269.04321738549027,3.111,0.0,0.0,257127.41878720943,6274.929814966024,19992178.728604145,393.3327626091415,309.4891928405924
-2.5357142857142856,0.83,0.005,269.04321738549027,8.079432912702408,-0.0790038381659737,0.0,251746.93012436517,6261.033234560061,19571665.192732476,385.05943967499377,306.2170119762165
-2.5357142857142856,0.83,0.015,269.04321738549027,3.111,0.0,0.0,257127.41878720943,6274.929814966024,19992178.728604145,393.3327626091415,309.4891928405924
-2.5357142857142856,0.85,-0.005,268.99053737179617,2.7750000000000004,0.0,0.0,257186.17928607189,6275.118697599711,19992908.987924263,393.4241640554852,309.52514982076
-2.5357142857142856,0.85,0.005,268.99053737179617,7.735414815620647,-0.0922416550630395,0.0,251812.13910875923,6261.246615214269,19573113.596174195,385.1633526261244,306.2583273728344
-2.5357142857142856,0.85,0.015,268.99053737179617,2.7750000000000004,0.0,0.0,257186.17928607189,6275.118697599711,19992908.987924263,393.4241640554852,309.52514982076
-2.5357142857142856,0.87,-0.005,268.9507419540885,2.4310000000000005,0.0,0.0,257232.5222196323,6275.266707819743,19993622.86520472,393.49642685268486,309.55357477299606
-2.5357142857142856,0.87,0.005,268.9507419540885,7.383320394496744,-0.1057816969764742,0.0,251864.9873847373,6261.418667658908,19574532.393622022,385.2482667164449,306.2920847564677
-2.5357142857142856,0.87,0.015,268.9507419540885,2.4310000000000005,0.0,0.0,257232.5222196323,6275.266707819743,19993622.86520472,393.49642685268486,309.55357477299606
-2.5357142857142856,0.89,-0.005,268.921297556577,2.0789999999999993,0.0,0.0,257268.8390063723,6275.381694518241,19994318.165950593,393.55319663887934,309.5759036370935
-2.5357142857142856,0.89,0.005,268.921297556577,7.023192133658292,-0.11956944578762796,0.0,251907.78911374795,6261.557172014498,19575917.372319493,385.3177085145493,306.3196884039956
-2.5357142857142856,0.89,0.015,268.921297556577,2.0789999999999993,0.0,0.0,257268.8390063723,6275.381694518241,19994318.165950593,393.55319663887934,309.5759036370935
-2.5357142857142856,0.91,-0.005,268.9001746594434,1.718999999999999,1.321201640410361e-17,0.0,257297.04328052356,6275.46993277228,19994992.627654374,393.5973878689752,309.59328395071907
-2.5357142857142856,0.91,0.005,268.9001746594434,6.655067558350146,-0.13354748819542006,0.0,251942.39029427548,6261.668332938051,19577264.20277291,385.3744882693743,306.34225694383537
-2.5357142857142856,0.91,0.015,268.9001746594434,1.718999999999999,1.321201640410361e-17,0.0,257297.04328052356,6275.46993277228,19994992.627654374,393.5973878689752,309.59328395071907
-2.5357142857142856,0.93,-0.005,268.8857461648976,1.3509999999999989,1.3212725360702448e-17,0.0,257318.666247256,6275.536439450083,19995643.927067805,393.63132968405927,309.6066325294779
-2.5357142857142856,0.93,0.005,268.8857461648976,6.278979157079554,-0.1476546969658239,0.0,251970.26238515458,6261.75709611828,19578568.472525988,385.42084312265183,306.36068061198836
-2.5357142857142856,0.93,0.015,268.8857461648976,1.3509999999999989,1.3212725360702448e-17,0.0,257318.666247256,6275.536439450083,19995643.927067805,393.63132968405927,309.6066325294779
-2.5357142857142856,0.95,-0.005,268.87666668026833,0.9749999999999998,0.0,0.0,257334.970926972,6275.585349504156,19996269.678317394,393.6569406763836,309.6167043956102
-2.5357142857142856,0.95,0.005,268.87666668026833,5.894960564078934,-0.16182656261394587,0.0,251992.6126306724,6261.827520648953,19579825.56695629,385.45860581301315,306.3756885187541
-2.5357142857142856,0.95,0.015,268.87666668026833,0.9749999999999998,0.0,0.0,257334.970926972,6275.585349504156,19996269.678317394,393.6569406763836,309.6167043956102
-2.5357142857142856,0.97,-0.005,268.8717752188679,0.5910000000000011,0.0,0.0,257347.04461008942,6275.620219982357,19996867.44164683,393.67587032188936,309.6241485219481
-2.5357142857142856,0.97,0.005,268.8717752188679,5.503044502329593,-0.17599587445346931,0.0,252010.47544864262,6261.883085436718,19581030.749648806,385.4893445016924,306.387904355968
-2.5357142857142856,0.97,0.015,268.8717752188679,0.5910000000000011,0.0,0.0,257347.04461008942,6275.620219982357,19996867.44164683,393.67587032188936,309.6241485219481
-2.5357142857142856,0.99,-0.005,268.8698943366123,0.19899999999999973,0.0,0.0,257355.99242064063,6275.644663319895,19997434.865122892,393.68979508374247,309.6296243521078
-2.5357142857142856,0.99,0.005,268.8698943366123,5.103124307302448,-0.19005818440197889,0.0,252024.93783892467,6261.927417466996,19582182.14623571,385.5147086834469,306.3979839480191
-2.5357142857142856,0.99,0.015,268.8698943366123,0.19899999999999973,0.0,0.0,257355.99242064063,6275.644663319895,19997434.865122892,393.68979508374247,309.6296243521078
-2.5357142857142856,1.01,-0.005,268.8699492464071,1.7010420482145285,-0.06335275396563135,0.0,259090.6662509914,6280.032430649676,20132117.992793288,396.34122300158924,310.67052383828474
-2.5357142857142856,1.01,0.005,268.8699767013045,4.904124246446795,-0.19005818440197889,0.0,257292.4764252085,6275.452701762018,19991571.304552045,393.5742387224042,309.5841795639657
-2.5357142857142856,1.01,0.015,268.8699492464071,1.7010420482145285,-0.06335275396563135,0.0,259090.6662509914,6280.032430649676,20132117.992793288,396.34122300158924,310.67052383828474
-2.4642857142857144,-0.01,-0.005,284.3071043131398,4.934401514158276,0.0,0.0,248405.04020985137,6241.925001889699,20409129.64336678,379.9785003633933,304.19000452689556
-2.4642857142857144,-0.01,0.005,284.3071043131398,4.934401514158276,0.0032158143800113757,0.0,248405.04020985137,6241.925001876091,20409129.64294193,379.9785003554834,304.19000452372944
-2.4642857142857144,-0.01,0.015,284.3071043131398,4.934401514158276,0.0,0.0,248405.04020985137,6241.925001889699,20409129.64336678,379.9785003633933,304.19000452689556
-2.4642857142857144,0.01,-0.005,284.3071043131398,4.934401514158276,-0.0032158143800113757,0.0,248405.04020985137,6241.925001876091,20409129.64294193,379.9785003554834,304.19000452372944
-2.4642857142857144,0.01,0.005,284.3071043131398,4.934386825556369,-0.0032157639881392804,0.0,248404.94835979573,6241.92467815237,20409130.981100008,379.97835995891603,304.18994832681784
-2.4642857142857144,0.01,0.015,284.3071043131398,4.934401514158276,-0.0032158143800113757,0.0,248405.04020985137,6241.925001876091,20409129.64294193,379.9785003554834,304.19000452372944
-2.4642857142857144,0.03,-0.005,284.2826120000496,4.926492234928499,-0.009628672740402687,0.0,248426.46794443871,6241.997769403344,20409135.121968456,380.0113389819841,304.20314864388587
-2.4642857142857144,0.03,0.005,284.2826120000496,4.926477609302396,-0.00962861467444098,0.0,248426.37622602916,6241.997446227198,20409136.451962803,380.01119878615043,304.20309252974715
-2.4642857142857144,0.03,0.015,284.2826120000496,4.926492234928499,-0.009628672740402687,0.0,248426.46794443871,6241.997769403344,20409135.121968456,380.0113389819841,304.20314864388587
-2.4642857142857144,0.05,-0.005,284.2337054719614,4.910683411823776,-0.01597977170512636,0.0,248469.26392990423,6242.143085030285,20409145.86640046,380.0769248812818,304.2293986188859
-2.4642857142857144,0.05,0.005,284.2337054719614,4.910668911958748,-0.015979675777876547,0.0,248469.1724885557,6242.142762945979,20409147.185436722,380.0767851079847,304.22934267869687
-2.4642857142857144,0.05,0.015,284.2337054719614,4.910683411823776,-0.01597977170512636,0.0,248469.26392990423,6242.143085030285,20409145.86640046,380.0769248812818,304.2293986188859
-2.4642857142857144,0.07,-0.005,284.16042086966246,4.88697558085248,-0.022230835382766715,0.0,248533.41783143513,6242.360875763935,20409161.779239792,380.1752416696963,304.26874450046967
-2.4642857142857144,0.07,0.005,284.16042086966246,4.886961268882103,-0.02223070291356582,0.0,248533.32680536612,6242.360555315078,20409163.081903484,380.17510252974387,304.2686888209594
-2.4642857142857144,0.07,0.015,284.16042086966246,4.88697558085248,-0.022230835382766715,0.0,248533.41783143513,6242.360875763935,20409161.779239792,380.1752416696963,304.26874450046967
-2.4642857142857144,0.09,-0.005,284.0628111418851,4.855368765889015,-0.0283439556579337,0.0,248618.91537632444,6242.651036286944,20409182.729172293,380.30626665849906,304.3211721313395
-2.4642857142857144,0.09,0.005,284.0628111418851,4.855354703000902,-0.028343788465911252,0.0,248618.8249039101,6242.650718016185,20409184.010130435,380.3061283629595,304.32111679927135
-2.4642857142857144,0.09,0.015,284.0628111418851,4.855368765889015,-0.0283439556579337,0.0,248618.91537632444,6242.651036286944,20409182.729172293,380.30626665849906,304.3211721313395
-2.4642857142857144,0.11000000000000001,-0.005,283.94094655705885,4.815862911597113,-0.03428160436982317,0.0,248725.73774360566,6243.0134270390245,20409208.54547574,380.4699699168417,304.3866627791255
-2.4642857142857144,0.11000000000000001,0.005,283.94094655705885,4.815849157727176,-0.034281404767779085,0.0,248725.64796342896,6243.013111487748,20409209.799501527,380.4698326771281,304.38660788130767
-2.4642857142857144,0.11000000000000001,0.015,283.94094655705885,4.815862911597113,-0.03428160436982317,0.0,248725.73774360566,6243.0134270390245,20409208.54547574,380.4699699168417,304.3866627791255
-2.4642857142857144,0.13,-0.005,283.79491456793244,4.768457885501274,-0.04000672848447697,0.0,248853.86159451076,6243.447874456582,20409239.01929753,380.66631431819434,304.46519316693707
-2.4642857142857144,0.13,0.005,283.79491456793244,4.768444499037411,-0.04000649925278901,0.0,248853.77264541594,6243.447562164616,20409240.24129541,380.6661783461527,304.4651387902349
-2.4642857142857144,0.13,0.015,283.79491456793244,4.768457885501274,-0.04000672848447697,0.0,248853.86159451076,6243.447874456582,20409239.01929753,380.66631431819434,304.46519316693707
-2.4642857142857144,0.15,-0.005,283.62481964779903,4.713153462217764,-0.045482850205804684,0.0,249003.25911059364,6243.954171268241,20409273.905570503,380.895255598601,304.55673551151256
-2.4642857142857144,0.15,0.005,283.62481964779903,4.713140499714228,-0.045482594560624055,0.0,249003.1711317393,6243.953862773563,20409275.090600323,380.8951211065974,304.5566817428602
-2.4642857142857144,0.15,0.015,283.62481964779903,4.713153462217764,-0.045482850205804684,0.0,249003.25911059364,6243.954171268241,20409273.905570503,380.895255598601,304.55673551151256
-2.4642857142857144,0.17000000000000004,-0.005,283.43078308838665,4.649949302168117,-0.050674168496166766,0.0,249173.89804587277,6244.532076868998,20409312.925322156,381.15674243637375,304.6612575727537
-2.4642857142857144,0.17000000000000004,0.005,283.43078308838665,4.649936818072568,-0.050673890052212525,0.0,249173.8111767832,6244.531772707459,20409314.0686222,381.15660963737804,304.6612044991647
-2.4642857142857144,0.17000000000000004,0.015,283.43078308838665,4.649949302168117,-0.050674168496166766,0.0,249173.89804587277,6244.532076868998,20409312.925322156,381.15674243637375,304.6612575727537
-2.4642857142857144,0.19,-0.005,283.2129427556535,4.578844927702261,-0.05554566181190452,0.0,249365.74179627845,6245.181317783649,20409355.76831625,381.4507165582238,304.77872271656287
-2.4642857142857144,0.19,0.005,283.2129427556535,4.578832974097135,-0.055545364540152235,0.0,249365.65617689502,6245.181018488696,20409356.865325104,381.45058566589364,304.7786704251411
-2.4642857142857144,0.19,0.015,283.2129427556535,4.578844927702261,-0.05554566181190452,0.0,249365.74179627845,6245.181317783649,20409355.76831625,381.4507165582238,304.77872271656287
-2.4642857142857144,0.20999999999999996,-0.005,282.97145280060454,4.499839695987394,-0.0600631923061932,0.0,249578.74948982272,6245.901588229737,20409402.09602662,381.7771128770595,304.9090899929718
-2.4642857142857144,0.20999999999999996,0.005,282.97145280060454,4.499828322347215,-0.0600628804867752,0.0,249578.6652605535,6245.901294332152,20409403.14240356,381.77698410582025,304.9090385709204
-2.4642857142857144,0.20999999999999996,0.015,282.97145280060454,4.499839695987394,-0.0600631923061932,0.0,249578.74948982272,6245.901588229737,20409402.09602662,381.7771128770595,304.9090899929718
-2.4642857142857144,0.23000000000000004,-0.005,282.7064833194513,4.412932771948772,-0.06419361231264159,0.0,249812.87610269774,6246.692550796627,20409451.5448703,382.13585966938274,305.052314232601
-2.4642857142857144,0.23000000000000004,0.005,282.7064833194513,4.412922024914794,-0.06419329048332972,0.0,249812.79340446665,6246.692262824279,20409452.536514305,382.1357332345069,305.0522637672316
-2.4642857142857144,0.23000000000000004,0.015,282.7064833194513,4.412932771948772,-0.06419361231264159,0.0,249812.87610269774,6246.692550796627,20409451.5448703,382.13585966938274,305.052314232601
-2.4642857142857144,0.25,-0.005,282.4182199601049,4.318123096742029,-0.06790487357241752,0.0,250068.07260611217,6247.553837254439,20409503.72977127,382.52687879967004,305.2083461642433
-2.4642857142857144,0.25,0.005,282.4182199601049,4.318113019915462,-0.06790454647312108,0.0,250067.99158040682,6247.553555732042,20409504.662838385,382.5267549173538,305.20829674298426
-2.4642857142857144,0.25,0.015,282.4182199601049,4.318123096742029,-0.06790487357241752,0.0,250068.07260611217,6247.553837254439,20409503.72977127,382.52687879967004,305.2083461642433
-2.4642857142857144,0.27,-0.005,282.106863469132,4.215409356708002,-0.07116613977651658,0.0,250344.2861493265,6248.485049509795,20409558.24794866,382.95008600004974,305.3771325566958
-2.4642857142857144,0.27,0.005,282.106863469132,4.215399990462848,-0.07116581229028346,0.0,250344.2069382465,6248.484774958684,20409559.118867695,382.94996488748916,305.3770842671005
-2.4642857142857144,0.27,0.015,282.106863469132,4.215409356708002,-0.07116613977651658,0.0,250344.2861493265,6248.485049509795,20409558.24794866,382.95008600004974,305.3771325566958
-2.4642857142857144,0.29,-0.005,281.7726291752867,4.104789949079803,-0.07394790315754354,0.0,250641.46028482585,6249.485760725155,20409614.682985086,383.4053912143786,305.55861638824075
-2.4642857142857144,0.29,0.005,281.7726291752867,4.104781330396034,-0.07394758024859326,0.0,250641.3830311294,6249.485493663083,20409615.488471605,383.40527308984343,305.5585693179946
-2.4642857142857144,0.29,0.015,281.7726291752867,4.104789949079803,-0.07394790315754354,0.0,250641.46028482585,6249.485760725155,20409614.682985086,383.4053912143786,305.55861638824075
-2.4642857142857144,0.31,-0.005,281.41574640308914,3.9862629511716867,-0.07622210654411954,0.0,250959.53524181928,6250.555516620528,20409672.60903147,383.8926990161372,305.75273704725487
-2.4642857142857144,0.31,0.005,281.41574640308914,3.986255113489568,-0.0762217931935148,0.0,250959.46008897087,6250.5552575614765,20409673.346099976,383.89258409904505,305.75269128418336
-2.4642857142857144,0.31,0.015,281.41574640308914,3.9862629511716867,-0.07622210654411954,0.0,250959.53524181928,6250.555516620528,20409672.60903147,383.8926990161372,305.75273704725487
-2.4642857142857144,0.33,-0.005,281.0364578136689,3.859826081529022,-0.07796227107268262,0.0,251298.4482554378,6251.693836976812,20409731.59534958,384.4119091114886,305.9594305681431
-2.4642857142857144,0.33,0.005,281.0364578136689,3.8598190546247726,-0.07796197221229567,0.0,251298.37534765597,6251.6935864308225,20409732.261323944,384.41179762247856,305.9593862002194
-2.4642857142857144,0.33,0.015,281.0364578136689,3.859826081529022,-0.07796227107268262,0.0,251298.4482554378,6251.693836976812,20409731.59534958,384.4119091114886,305.9594305681431
-2.4642857142857144,0.35,-0.005,280.63501866520795,3.7254766661078107,-0.0791436302208403,0.0,251658.13395809036,6252.900217360261,20409791.210927192,384.96291693729137,306.1786299061142
-2.4642857142857144,0.35,0.005,280.63501866520795,3.7254704759909925,-0.0791433506663363,0.0,251658.06344039596,6252.899975833286,20409791.80344918,384.96280909829807,306.1785870214673
-2.4642857142857144,0.35,0.015,280.63501866520795,3.7254766661078107,-0.0791436302208403,0.0,251658.13395809036,6252.900217360261,20409791.210927192,384.96291693729137,306.1786299061142
-2.4642857142857144,0.37,-0.005,280.2116959888656,3.583211605465621,-0.07974327262451565,0.0,252038.52484057404,6254.174131088015,20409851.029222604,385.5456143657115,306.41026525499365
-2.4642857142857144,0.37,0.005,280.2116959888656,3.583206274298466,-0.07974301700821798,0.0,252038.45685884095,6254.1738990817985,20409851.54625873,385.54551040004196,306.4102239419177
-2.4642857142857144,0.37,0.015,280.2116959888656,3.583211605465621,-0.07974327262451565,0.0,252038.52484057404,6254.174131088015,20409851.029222604,385.5456143657115,306.41026525499365
-2.4642857142857144,0.39,-0.005,279.76676767505245,3.43302733895977,-0.07974029430713887,0.0,252439.55179193872,6255.515031458498,20409910.633100003,386.1598905292205,306.6542644130484
-2.4642857142857144,0.39,0.005,279.76676767505245,3.4330228849977704,-0.07974006701163835,0.0,252439.48649294564,6255.5148094704755,20409911.072946507,386.1597906616321,306.65422476001277
-2.4642857142857144,0.39,0.015,279.76676767505245,3.43302733895977,-0.07974029430713887,0.0,252439.55179193872,6255.515031458498,20409910.633100003,386.1598905292205,306.6542644130484
-2.4642857142857144,0.4099999999999999,-0.005,279.3005214658873,3.274919805881353,-0.07911596004459188,0.0,252861.14472560614,6256.9223542654145,20409969.619926345,386.805632777443,306.9105532008005
-2.4642857142857144,0.4099999999999999,0.005,279.3005214658873,3.2749162434350914,-0.07911576513800202,0.0,252861.08225709235,6256.922142788647,20409969.981212493,386.80553723422713,306.91051529646234
-2.4642857142857144,0.4099999999999999,0.015,279.3005214658873,3.274919805881353,-0.07911596004459188,0.0,252861.14472560614,6256.9223542654145,20409969.619926345,386.805632777443,306.9105532008005
-2.4642857142857144,0.42999999999999994,-0.005,278.8132538467993,3.108884412261256,-0.0778538755195084,0.0,253303.23330044074,6258.395520618583,20410027.60664592,387.4827277791102,307.17905593543645
-2.4642857142857144,0.42999999999999994,0.005,278.8132538467993,3.1088817516789926,-0.07785371669341233,0.0,253303.17381116503,6258.395320141712,20410027.888335638,387.48263678817926,307.1790198686548
-2.4642857142857144,0.42999999999999994,0.015,278.8132538467993,3.108884412261256,-0.0778538755195084,0.0,253303.23330044074,6258.395520618583,20410027.60664592,387.4827277791102,307.17905593543645
-2.4642857142857144,0.45000000000000007,-0.005,278.3052688293193,2.9349160209036818,-0.07594017768263232,0.0,253765.74774476967,6259.9339400930685,20410084.23447978,388.191062781276,307.4596959658993
-2.4642857142857144,0.45000000000000007,0.005,278.3052688293193,2.9349142685748286,-0.07594005819403181,0.0,253765.69138457393,6259.93375110032,20410084.435871653,388.1909765722582,307.4596618257523
-2.4642857142857144,0.45000000000000007,0.015,278.3052688293193,2.9349160209036818,-0.07594017768263232,0.0,253765.74774476967,6259.9339400930685,20410084.23447978,388.191062781276,307.4596959658993
-2.4642857142857144,0.47,-0.005,277.7768766338608,2.753008887357791,-0.07336373656123746,0.0,254248.6197984776,6261.5370142353595,20410139.174676936,388.93052704930767,307.75239627715337
-2.4642857142857144,0.47,0.005,277.7768766338608,2.7530080457349553,-0.07336365917968975,0.0,254248.56671835697,6261.536837206562,20410139.295402747,388.93044585365016,307.75236415295933
-2.4642857142857144,0.47,0.015,277.7768766338608,2.753008887357791,-0.07336373656123746,0.0,254248.6197984776,6261.5370142353595,20410139.174676936,388.93052704930767,307.75239627715337
-2.4642857142857144,0.49,-0.005,277.22839225235,2.5631566379957578,-0.07011636774656534,0.0,254751.78377520427,6263.2041404388965,20410192.133480493,389.70101349026595,308.05708016372705
-2.4642857142857144,0.49,0.005,277.22839225235,2.5631567056353197,-0.070116334707637,0.0,254751.73412738333,6263.203975849558,20410192.1735023,389.7009375413474,308.0570501450686
-2.4642857142857144,0.49,0.015,277.22839225235,2.5631566379957578,-0.07011636774656534,0.0,254751.78377520427,6263.2041404388965,20410192.133480493,389.70101349026595,308.05708016372705
-2.4642857142857144,0.51,-0.005,276.6601338914199,2.365352256263976,-0.06619306666811674,0.0,255275.17775818257,6264.934716217605,20410242.856910486,390.5024204805871,308.37367197979324
-2.4642857142857144,0.51,0.005,276.6601338914199,2.365353227884175,-0.0661930796344999,0.0,255275.1316962001,6264.934564539011,20410242.816516396,390.50235001384254,308.37364415654736
-2.4642857142857144,0.51,0.015,276.6601338914199,2.365352256263976,-0.06619306666811674,0.0,255275.17775818257,6264.934716217605,20410242.856910486,390.5024204805871,308.37367197979324
-2.4642857142857144,0.53,-0.005,276.07242129503777,2.159588048453476,-0.061592262140129285,0.0,255818.74494413318,6266.72814390849,20410291.135844406,391.334653920233,308.7020979734164
-2.4642857142857144,0.53,0.005,276.07242129503777,2.159589915009911,-0.0615923221719729,0.0,255818.70262293622,6266.728005607857,20410291.015643124,391.3345891732928,308.7020724357891
-2.4642857142857144,0.53,0.015,276.07242129503777,2.159588048453476,-0.061592262140129285,0.0,255818.74494413318,6266.72814390849,20410291.135844406,391.334653920233,308.7020979734164
-2.4642857142857144,0.55,-0.005,275.4655739419116,1.9458556002981315,-0.05631608315181519,0.0,256382.43514481172,6268.583835823252,20410336.81116715,392.19762952791217,309.0422872094732
-2.4642857142857144,0.55,0.005,275.4655739419116,1.9458583490741646,-0.05631619068765092,0.0,256382.39672086062,6268.583711363923,20410336.612081397,392.19757074075676,309.042264048041
-2.4642857142857144,0.55,0.015,275.4655739419116,1.9458556002981315,-0.05631608315181519,0.0,256382.43514481172,6268.583835823252,20410336.81116715,392.19762952791217,309.0422872094732
-2.4642857142857144,0.57,-0.005,274.83990910039336,1.724145791015061,-0.05037065035677072,0.0,256966.2064547502,6270.5012198739705,20410379.777679794,393.0912753902374,309.3941725849515
-2.4642857142857144,0.57,0.005,274.83990910039336,1.724149405727519,-0.05037080520639137,0.0,256966.17208613534,6270.501109715654,20410379.500938673,393.0912228053703,309.39415189070945
-2.4642857142857144,0.57,0.015,274.83990910039336,1.724145791015061,-0.05037065035677072,0.0,256966.2064547502,6270.5012198739705,20410379.777679794,393.0912753902374,309.3941725849515
-2.4642857142857144,0.59,-0.005,274.1957397456516,1.4944487226275118,-0.043766384172382496,0.0,257570.02712243638,6272.479745756088,20410419.989335068,394.01553482225603,309.7576919577332
-2.4642857142857144,0.59,0.005,274.1957397456516,1.4944531835464514,-0.043766585523204234,0.0,257569.9969690092,6272.479650355157,20410419.636465516,394.0154886848981,309.75767382215145
-2.4642857142857144,0.59,0.015,274.1957397456516,1.4944487226275118,-0.043766384172382496,0.0,257570.02712243638,6272.479745756088,20410419.989335068,394.01553482225603,309.7576919577332
-2.4642857142857144,0.61,-0.005,273.5333722916771,1.256753729262583,-0.03651833103984365,0.0,258193.87764098664,6274.518891750564,20410457.46265657,394.97036956339105,310.13278939656396
-2.4642857142857144,0.61,0.005,273.5333722916771,1.256759013348499,-0.036518577478972546,0.0,258193.85186450553,6274.518811560406,20410457.035473887,394.97033012169703,310.1327739116519
-2.4642857142857144,0.61,0.015,273.5333722916771,1.256753729262583,-0.03651833103984365,0.0,258193.87764098664,6274.518891750564,20410457.46265657,394.97036956339105,310.13278939656396
-2.4642857142857144,0.63,-0.005,272.8531040701894,1.0110492852971265,-0.02864650150170824,0.0,258837.75317553707,6276.618172477764,20410492.2815567,395.95576348859487,310.51941662080327
-2.4642857142857144,0.63,0.005,272.8531040701894,1.0110553663629323,-0.028646791057039114,0.0,258837.73193983064,6276.61810794918,20410491.782154303,395.9557309938965,310.51940387918427
-2.4642857142857144,0.63,0.015,272.8531040701894,1.0110492852971265,-0.02864650150170824,0.0,258837.75317553707,6276.618172477764,20410492.2815567,395.95576348859487,310.51941662080327
-2.4642857142857144,0.65,-0.005,272.1552201394013,0.7573229958853868,-0.020176228550637457,0.0,259501.6666902251,6278.777148789676,20410524.59951195,396.9717273893373,310.91753484451357
-2.4642857142857144,0.65,0.005,272.1552201394013,0.7573298448453082,-0.020176558760408077,0.0,259501.65016137183,6278.777100371354,20410524.03024971,396.97170209641155,310.91752493950816
-2.4642857142857144,0.65,0.015,272.1552201394013,0.7573229958853868,-0.020176228550637457,0.0,259501.6666902251,6278.777148789676,20410524.59951195,396.9717273893373,310.91753484451357
-2.4642857142857144,0.6700000000000002,-0.005,271.43998429031967,0.4955599097029603,-0.011138391960853491,0.0,260185.6579151895,6280.9954562601415,20410554.65420486,398.0183126895345,311.32712009610174
-2.4642857142857144,0.6700000000000002,0.005,271.43998429031967,0.4955674954382195,-0.011138759998920174,0.0,260185.64626380228,6280.995424405946,20410554.017695334,398.0182948600908,311.327113123069
-2.4642857142857144,0.6700000000000002,0.015,271.43998429031967,0.4955599097029603,-0.011138391960853491,0.0,260185.6579151895,6280.9954562601415,20410554.65420486,398.0183126895345,311.32712009610174
-2.4642857142857144,0.69,-0.005,270.7077877062599,0.2257454317305058,-0.0015700451919979678,0.0,260889.6500974437,6283.272341939833,20410582.736149874,399.09539230330574,311.74807754253965
-2.4642857142857144,0.69,0.005,270.7077877062599,0.22575371545737566,-0.0015704475060409609,0.0,260889.64351625182,6283.272327165067,20410582.035280198,399.0953822328787,311.7480736093493
-2.4642857142857144,0.69,0.015,270.7077877062599,0.2257454317305058,-0.0015700451919979678,0.0,260889.6500974437,6283.272341939833,20410582.736149874,399.09539230330574,311.74807754253965
-2.4642857142857144,0.71,-0.005,270.0271629561903,-0.051591641935492254,0.00848588019070283,0.0,261547.56539080993,6285.394428272702,20410610.19130879,400.10187382449345,312.14092986625144
-2.4642857142857144,0.71,0.005,270.0271629561903,-0.051582687708491705,0.008485447741482325,0.0,261547.56328058805,6285.3944285297985,20410609.429200165,400.1018705970979,312.14092860731927
-2.4642857142857144,0.71,0.015,270.0271629561903,-0.051591641935492254,0.00848588019070283,0.0,261547.56539080993,6285.394428272702,20410610.19130879,400.10187382449345,312.14092986625144
-2.4642857142857144,0.73,-0.005,269.7199559685964,-0.33387867327404464,0.01899729967867664,0.0,261845.9161234597,6286.354607875582,20410641.250437137,400.5581918240378,312.3188782152354
-2.4642857142857144,0.73,0.005,269.7199559685964,-0.3338690579570353,0.01899684101529972,0.0,261845.91429359224,6286.354609587309,20410640.4304355,400.55818902972595,312.3188771258601
-2.4642857142857144,0.73,0.015,269.7199559685964,-0.33387867327404464,0.01899729967867664,0.0,261845.9161234597,6286.354607875582,20410641.250437137,400.5581918240378,312.3188782152354
-2.4642857142857144,0.75,-0.005,269.4955462310022,-0.6234152723758414,0.0300416897655882,0.0,262064.48179959797,6287.0569348772,20410671.450751573,400.89232982340747,312.44911628432703
-2.4642857142857144,0.75,0.005,269.4955462310022,-0.623405036128003,0.030041209064457026,0.0,262064.48002781474,6287.056937294164,20410670.57636604,400.89232712280955,312.4491152319255
-2.4642857142857144,0.75,0.015,269.4955462310022,-0.6234152723758414,0.0300416897655882,0.0,262064.48179959797,6287.0569348772,20410671.450751573,400.89232982340747,312.44911628432703
-2.4642857142857144,0.77,-0.005,269.3241920322924,-0.9204542267588754,0.04159940191810661,0.0,262231.8134577177,6287.593786442509,20410700.04302417,401.14795370327147,312.5487150064111
-2.4642857142857144,0.77,0.005,269.3241920322924,-0.920443412390551,0.041598902999043806,0.0,262231.8116002251,6287.593789068398,20410699.117943957,401.1479508770348,312.5487139054001
-2.4642857142857144,0.77,0.015,269.3241920322924,-0.9204542267588754,0.04159940191810661,0.0,262231.8134577177,6287.593786442509,20410700.04302417,401.14795370327147,312.5487150064111
-2.4642857142857144,0.79,-0.005,269.20254593076237,-1.2250340654783372,0.053637352102905426,0.0,262350.9786072828,6287.975312505505,20410726.673135504,401.3297456564181,312.6195272902672
-2.4642857142857144,0.79,0.005,269.20254593076237,-1.2250227182661155,0.05363683841306903,0.0,262350.976598888,6287.975315095731,20410725.701205973,401.3297426053867,312.6195261019526
-2.4642857142857144,0.79,0.015,269.20254593076237,-1.2250340654783372,0.053637352102905426,0.0,262350.9786072828,6287.975312505505,20410726.673135504,401.3297456564181,312.6195272902672
-2.4642857142857144,0.81,-0.005,269.1121714695472,-1.5373266526883311,0.06611979042652469,0.0,262439.82553359924,6288.259013185934,20410750.905558754,401.46499809468804,312.67220092330314
-2.4642857142857144,0.81,0.005,269.1121714695472,-1.5373148194234063,0.06611926497811156,0.0,262439.82333429524,6288.259015575901,20410749.89076438,401.46499475818865,312.6721996240235
-2.4642857142857144,0.81,0.015,269.1121714695472,-1.5373266526883311,0.06611979042652469,0.0,262439.82553359924,6288.259013185934,20410750.905558754,401.46499809468804,312.67220092330314
-2.4642857142857144,0.8299999999999998,-0.005,269.04321738549027,-1.857432912702408,0.0790038381659737,0.0,262507.90745005367,6288.475632102859,20410772.408874035,401.56831366670144,312.71243086786643
-2.4642857142857144,0.8299999999999998,0.005,269.04321738549027,-1.8574206414960437,0.07900330351496583,0.0,262507.90503781574,6288.475634184672,20410771.355319384,401.5683100115171,312.7124294446695
-2.4642857142857144,0.8299999999999998,0.015,269.04321738549027,-1.857432912702408,0.0790038381659737,0.0,262507.90745005367,6288.475632102859,20410772.408874035,401.56831366670144,312.71243086786643
-2.4642857142857144,0.8499999999999999,-0.005,268.99053737179617,-2.1854148156206463,0.0922416550630395,0.0,262560.21946338454,6288.6412298432115,20410790.912541784,401.6473219244,312.74319232032434
-2.4642857142857144,0.8499999999999999,0.005,268.99053737179617,-2.1854021557243097,0.09224111329719599,0.0,262560.21683222504,6288.641231559456,20410789.824431397,401.64731794178897,312.7431907697918
-2.4642857142857144,0.8499999999999999,0.015,268.99053737179617,-2.1854148156206463,0.0922416550630395,0.0,262560.21946338454,6288.6412298432115,20410790.912541784,401.6473219244,312.74319232032434
-2.4642857142857144,0.8699999999999999,-0.005,268.9507419540885,-2.521320394496744,0.1057816969764742,0.0,262600.0570545273,6288.76638804492,20410806.180963207,401.7070520705492,312.76644593253565
-2.4642857142857144,0.8699999999999999,0.005,268.9507419540885,-2.5213073960808954,0.10578114972211715,0.0,262600.0542115033,6288.766389379167,20410805.062581155,401.70704777166196,312.7664442589931
-2.4642857142857144,0.8699999999999999,0.015,268.9507419540885,-2.521320394496744,0.1057816969764742,0.0,262600.0570545273,6288.76638804492,20410806.180963207,401.7070520705492,312.76644593253565
-2.4642857142857144,0.8900000000000001,-0.005,268.921297556577,-2.865192133658293,0.11956944578762796,0.0,262629.8888989967,6288.859021163869,20410818.02284054,401.7512681469048,312.78365863076317
-2.4642857142857144,0.8900000000000001,0.005,268.921297556577,-2.865178848171046,0.11956889440130641,0.0,262629.8858614397,6288.859022131845,20410816.87854132,401.7512635585392,312.7836568446259
-2.4642857142857144,0.8900000000000001,0.015,268.921297556577,-2.865192133658293,0.11956944578762796,0.0,262629.8888989967,6288.859021163869,20410818.02284054,401.7512681469048,312.78365863076317
-2.4642857142857144,0.9100000000000001,-0.005,268.9001746594434,-3.217067558350149,0.13354748819542006,0.0,262651.6962667717,6288.925471462218,20410826.228335574,401.78298823723463,312.7960062334497
-2.4642857142857144,0.9100000000000001,0.005,268.9001746594434,-3.2170540374550156,0.13354693385749122,0.0,262651.69305959373,6288.925472103605,20410825.062495418,401.78298339771385,312.79600434961833
-2.4642857142857144,0.9100000000000001,0.015,268.9001746594434,-3.217067558350149,0.13354748819542006,0.0,262651.6962667717,6288.925471462218,20410826.228335574,401.78298823723463,312.7960062334497
-2.4642857142857144,0.9300000000000002,-0.005,268.8857461648976,-3.576979157079557,0.14765469696582392,0.0,262667.0701093574,6288.970823788748,20410830.550696682,401.80463299562894,312.80443155632173
-2.4642857142857144,0.9300000000000002,0.005,268.8857461648976,-3.5769654519419842,0.14765414051182313,0.0,262667.0667631807,6288.970824161279,20410829.367704313,401.8046279519401,312.80442959306885
-2.4642857142857144,0.9300000000000002,0.015,268.8857461648976,-3.576979157079557,0.14765469696582392,0.0,262667.0701093574,6288.970823788748,20410830.550696682,401.80463299562894,312.80443155632173
-2.4642857142857144,0.95,-0.005,268.87666668026833,-3.9449605640789343,0.16182656261394587,0.0,262677.3292232716,6288.999285508546,20410830.817865055,401.81820637958657,312.80971494338115
-2.4642857142857144,0.95,0.005,268.87666668026833,-3.9449467257081956,0.16182600445942677,0.0,262677.325772675,6288.9992856824765,20410829.622110635,401.8182011846929,312.809712921306
-2.4642857142857144,0.95,0.015,268.87666668026833,-3.9449605640789343,0.16182656261394587,0.0,262677.3292232716,6288.999285508546,20410830.817865055,401.81820637958657,312.80971494338115
-2.4642857142857144,0.97,-0.005,268.8717752188679,-4.321044502329591,0.17599587445346931,0.0,262683.61377153615,6289.014488288747,20410826.871897284,401.8254387209076,312.8125300677473
-2.4642857142857144,0.97,0.005,268.8717752188679,-4.3210305817062435,0.17599531469687665,0.0,262683.6102531748,6289.014488340954,20410825.667759422,401.8254334308686,312.81252800865605
-2.4642857142857144,0.97,0.015,268.8717752188679,-4.321044502329591,0.17599587445346931,0.0,262683.61377153615,6289.014488288747,20410826.871897284,401.8254387209076,312.8125300677473
-2.4642857142857144,0.99,-0.005,268.8698943366123,-4.705124307302448,0.19005818440197889,0.0,262687.0470023566,6289.020033730718,20410815.976537652,401.8280351201286,312.8135406868111
-2.4642857142857144,0.99,0.005,268.8698943366123,-4.705110349758087,0.19005765147576453,0.0,262687.04344421625,6289.020033734345,20410814.76578454,401.82802977768665,312.8135386073293
-2.4642857142857144,0.99,0.015,268.8698943366123,-4.705124307302448,0.19005818440197889,0.0,262687.0470023566,6289.020033730718,20410815.976537652,401.8280351201286,312.8135406868111
-2.4642857142857144,1.01,-0.005,268.8699767013045,1.4388613657045214e-06,-5.812118042127748e-08,0.0,262623.5293766491,6288.889483070125,20406748.19133985,401.74782971549644,312.78232013161914
-2.4642857142857144,1.01,0.005,268.87005906599666,4.705124307302448,-0.19005818440197889,0.0,262560.0117897898,6288.703698484215,20400957.385734983,401.63370325250304,312.7378901773794
-2.4642857142857144,1.01,0.015,268.8699767013045,1.4388613657045214e-06,-5.812118042127748e-08,0.0,262623.5293766491,6288.889483070125,20406748.19133985,401.74782971549644,312.78232013161914
-2.392857142857143,-0.01,-0.005,276.69144439744457,4.93550613469742,0.0,0.0,255268.92596540984,6264.8733395212985,20411299.112727217,390.478507815991,308.3642301060769
-2.392857142857143,-0.01,0.005,276.69144439744457,4.93550613469742,0.004026361934201343,0.0,255268.92596540984,6264.873339500539,20411299.11207905,390.4785078035912,308.3642301011808
-2.392857142857143,-0.01,0.015,276.69144439744457,4.93550613469742,0.0,0.0,255268.92596540984,6264.8733395212985,20411299.112727217,390.478507815991,308.3642301060769
-2.392857142857143,0.01,-0.005,276.6914443974446,4.93550613469742,-0.004026361934201343,0.0,255268.92596540984,6264.873339500539,20411299.11207905,390.4785078035912,308.3642301011808
-2.392857142857143,0.01,0.005,276.6914443974446,4.935491031206773,-0.00402623855333834,0.0,255268.85226842717,6264.873083358901,20411300.528314788,390.47839517980947,308.36418563119383
-2.392857142857143,0.01,0.015,276.6914443974446,4.93550613469742,-0.004026361934201343,0.0,255268.92596540984,6264.873339500539,20411299.11207905,390.4785078035912,308.3642301011808
-2.392857142857143,0.03,-0.005,276.6724622417841,4.92756459706632,-0.012056422223870497,0.0,255286.3537919499,6264.931031005156,20411295.461027484,390.5052277993403,308.37478042572224
-2.392857142857143,0.03,0.005,276.6724622417841,4.927549557933844,-0.012056152926547067,0.0,255286.28024395995,6264.93077545073,20411296.868596476,390.5051154028154,308.37473604698704
-2.392857142857143,0.03,0.015,276.6724622417841,4.92756459706632,-0.012056422223870497,0.0,255286.3537919499,6264.931031005156,20411295.461027484,390.5052277993403,308.37478042572224
-2.392857142857143,0.05,-0.005,276.63460632959544,4.911705217194806,-0.0200124886921928,0.0,255321.115024727,6265.04609097957,20411288.00464084,390.5585228865,308.3958227817814
-2.392857142857143,0.05,0.005,276.63460632959544,4.911690306640519,-0.020012041282567002,0.0,255321.0417895542,6265.045836595171,20411289.40060973,390.55841096718433,308.39577859448315
-2.392857142857143,0.05,0.015,276.63460632959544,4.911705217194806,-0.0200124886921928,0.0,255321.115024727,6265.04609097957,20411288.00464084,390.5585228865,308.3958227817814
-2.392857142857143,0.07,-0.005,276.57796828696246,4.887929550044232,-0.027848363356920158,0.0,255373.13999415003,6265.218264578599,20411276.767499823,390.6382859049133,308.42731271792115
-2.392857142857143,0.07,0.005,276.57796828696246,4.887914831622232,-0.0278477400511202,0.0,255373.0672274739,6265.218011945563,20411278.146139175,390.6381747003134,308.4272688172852
-2.392857142857143,0.07,0.015,276.57796828696246,4.887929550044232,-0.027848363356920158,0.0,255373.13999415003,6265.218264578599,20411276.767499823,390.6382859049133,308.42731271792115
-2.392857142857143,0.09,-0.005,276.502684257681,4.856237915444095,-0.03551849121234641,0.0,255442.3253498114,6265.447173609277,20411261.797298327,390.7443578951551,308.4691842900834
-2.392857142857143,0.09,0.005,276.502684257681,4.856223451728337,-0.03551769507749846,0.0,255442.253207111,6265.446923306762,20411263.152967524,390.74424764249187,308.4691407711549
-2.392857142857143,0.09,0.015,276.502684257681,4.856237915444095,-0.03551849121234641,0.0,255442.3253498114,6265.447173609277,20411261.797298327,390.7443578951551,308.4691842900834
-2.392857142857143,0.10999999999999999,-0.005,276.4089368062955,4.816630576498869,-0.04297807450014128,0.0,255528.53196964244,6265.73231004273,20411243.158615064,390.87652489105227,308.52134882895257
-2.392857142857143,0.10999999999999999,0.005,276.4089368062955,4.816616428764065,-0.042977109448861205,0.0,255528.46060610915,6265.7320626469445,20411244.485789232,390.87641582713405,308.5213057865244
-2.392857142857143,0.10999999999999999,0.015,276.4089368062955,4.816630576498869,-0.04297807450014128,0.0,255528.53196964244,6265.73231004273,20411243.158615064,390.87652489105227,308.52134882895257
-2.392857142857143,0.13,-0.005,276.29695609834016,4.769107779159713,-0.0501832631451995,0.0,255631.58354439982,6266.073031854532,20411220.932130404,391.0345157538466,308.5836941304633
-2.392857142857143,0.13,0.005,276.29695609834016,4.769094007074137,-0.05018213390895274,0.0,255631.51311483447,6266.0727879379265,20411222.225427695,391.03440811491816,308.5836516589945
-2.392857142857143,0.13,0.015,276.29695609834016,4.769107779159713,-0.0501832631451995,0.0,255631.58354439982,6266.073031854532,20411220.932130404,391.0345157538466,308.5836941304633
-2.392857142857143,0.15,-0.005,276.1670214071685,4.713669751956221,-0.057091346129094334,0.0,255751.26477887237,6266.4685577349455,20411195.214084983,391.2179994202943,308.65608342728524
-2.392857142857143,0.15,0.005,276.1670214071685,4.713656413284952,-0.05709005822633498,0.0,255751.19543755756,6266.468317865328,20411196.46829293,391.21789344184765,308.6560416208058
-2.392857142857143,0.15,0.015,276.1670214071685,4.713669751956221,-0.057091346129094334,0.0,255751.26477887237,6266.4685577349455,20411195.214084983,391.2179994202943,308.65608342728524
-2.392857142857143,0.17,-0.005,276.01946298052377,4.650316698917551,-0.06366093876551744,0.0,255887.31917158896,6266.917960552428,20411166.11567691,391.4265815059895,308.7383541188003
-2.392857142857143,0.17,0.005,276.01946298052377,4.650303849239335,-0.06365949846503816,0.0,255887.25107213098,6266.917725291999,20411167.325777493,391.42647742252734,308.7383130707974
-2.392857142857143,0.17,0.015,276.01946298052377,4.650316698917551,-0.06366093876551744,0.0,255887.31917158896,6266.917960552428,20411166.11567691,391.4265815059895,308.7383541188003
-2.392857142857143,0.19,-0.005,275.8546643062395,4.5790487921770975,-0.06985216472373648,0.0,256039.44633152228,6267.420159442439,20411133.762379285,391.65980020037284,308.83031623533714
-2.392857142857143,0.19,0.005,275.8546643062395,4.579036484616092,-0.06985057900380746,0.0,256039.37962665534,6267.419929346733,20411134.923572704,391.6596982451145,308.8302760386196
-2.392857142857143,0.19,0.015,275.8546643062395,4.5790487921770975,-0.06985216472373648,0.0,256039.44633152228,6267.420159442439,20411133.762379285,391.65980020037284,308.83031623533714
-2.392857142857143,0.21,-0.005,275.67306481894184,4.499866162590539,-0.07562683197857445,0.0,256207.29878729666,6267.973910385467,20411098.29318864,391.9171213853792,308.93175061082695
-2.392857142857143,0.21,0.005,275.67306481894184,4.499854447564781,-0.07562510848242342,0.0,256207.2336286417,6267.973686002155,20411099.400915537,391.9170217898959,308.93171135736327
-2.392857142857143,0.21,0.015,275.67306481894184,4.499866162590539,-0.07562683197857445,0.0,256207.29878729666,6267.973910385467,20411098.29318864,391.9171213853792,308.93175061082695
-2.392857142857143,0.23000000000000004,-0.005,275.4751631015573,4.4127688960868925,-0.08094860251731183,0.0,256390.47823167325,6268.577795098399,20411059.85976206,392.19793289013137,309.04240673051174
-2.392857142857143,0.23000000000000004,0.005,275.4751631015573,4.412757821074845,-0.08094674950550344,0.0,256390.4147694419,6268.577576965948,20411060.9097241,392.19783588389765,309.04236851123613
-2.392857142857143,0.23000000000000004,0.015,275.4751631015573,4.4127688960868925,-0.08094860251731183,0.0,256390.47823167325,6268.577795098399,20411059.85976206,392.19793289013137,309.04240673051174
-2.392857142857143,0.25,-0.005,275.26152064343023,4.317757023691496,-0.08578315514025896,0.0,256588.53113710711,6269.230208041553,20411018.62553499,392.5015377835523,309.1620002163761
-2.392857142857143,0.25,0.005,275.26152064343023,4.317746633018318,-0.0857811814406254,0.0,256588.46951974084,6269.229996687705,20411019.61371368,392.5014435933971,309.1619631209564
-2.392857142857143,0.25,0.015,275.26152064343023,4.317757023691496,-0.08578315514025896,0.0,256588.53113710711,6269.230208041553,20411018.62553499,392.5015377835523,309.1620002163761
-2.392857142857143,0.27,-0.005,275.03276623242294,4.214830517311265,-0.09009834086548062,0.0,256800.94366055672,6269.929341289012,20410974.764748365,392.82714657965164,309.29020990248944
-2.392857142857143,0.27,0.005,275.03276623242294,4.2148208519555785,-0.09009625582124957,0.0,256800.8840342889,6269.929137229049,20410975.687422,392.8270554290911,309.2901740190508
-2.392857142857143,0.27,0.015,275.03276623242294,4.214830517311265,-0.09009834086548062,0.0,256800.94366055672,6269.929341289012,20410974.764748365,392.82714657965164,309.29020990248944
-2.392857142857143,0.29,-0.005,274.7896010689643,4.103989280900238,-0.09386433038712315,0.0,257027.13574644126,6270.673166980526,20410928.461469747,393.17386821619675,309.42667444712583
-2.392857142857143,0.29,0.005,274.7896010689643,4.103980378322217,-0.09386214380379143,0.0,257027.07825476737,6270.672970715266,20410929.315228444,393.17378032462614,309.42663986192053
-2.392857142857143,0.29,0.015,274.7896010689643,4.103989280900238,-0.09386433038712315,0.0,257027.13574644126,6270.673166980526,20410928.461469747,393.17386821619675,309.42667444712583
-2.392857142857143,0.31,-0.005,274.5328047098705,3.9852331541898547,-0.09705375394939214,0.0,257266.45431424046,6271.459417003617,20410879.908479217,393.5406996330288,309.5709884151807
-2.392857142857143,0.31,0.005,274.5328047098705,3.985225048181755,-0.09705147604095242,0.0,257266.39909728066,6271.459229017112,20410880.690237906,393.54061521474836,309.57095521219566
-2.392857142857143,0.31,0.015,274.5328047098705,3.9852331541898547,-0.09705375394939214,0.0,257266.45431424046,6271.459417003617,20410879.908479217,393.5406996330288,309.5709884151807
-2.392857142857143,0.33,-0.005,274.2632419644349,3.858561897921305,-0.0996418322882902,0.0,257518.16540685497,6272.285559519862,20410829.306275483,393.92651376071956,309.7226977584969
-2.392857142857143,0.33,0.005,274.2632419644349,3.858554618480305,-0.09963947362332196,0.0,257518.11260058792,6272.285380276718,20410830.013284884,393.92643302376325,309.72266601898673
-2.392857142857143,0.33,0.015,274.2632419644349,3.858561897921305,-0.0996418322882902,0.0,257518.16540685497,6272.285559519862,20410829.306275483,393.92651376071956,309.7226977584969
-2.392857142857143,0.35,-0.005,273.981870894544,3.723975194332855,-0.10160649810787062,0.0,257781.44514095594,6273.1487718410535,20410776.86193877,394.3300456764779,309.88129460075356
-2.392857142857143,0.35,0.005,273.981870894544,3.7239687675569435,-0.10160406955596595,0.0,257781.3948763023,6273.148601783324,20410777.4917943,394.32996882121154,309.8812644026862
-2.392857142857143,0.35,0.015,273.981870894544,3.723975194332855,-0.10160649810787062,0.0,257781.44514095594,6273.1487718410535,20410776.86193877,394.3300456764779,309.88129460075356
-2.392857142857143,0.37,-0.005,273.6897520915783,3.581472651909278,-0.10292850934390287,0.0,258055.3692839734,6274.045909106029,20410722.787938293,394.7498766591501,310.046211223904
-2.392857142857143,0.37,0.005,273.6897520915783,3.581467099916698,-0.10292602202289085,0.0,258055.32168569922,6274.045748649577,20410723.33858686,394.749803876593,310.04618264130215
-2.392857142857143,0.37,0.015,273.6897520915783,3.581472651909278,-0.10292850934390287,0.0,258055.3692839734,6274.045909106029,20410722.787938293,394.7498766591501,310.046211223904
-2.392857142857143,0.39,-0.005,273.3880594378278,3.4310538021226273,-0.10359155306411257,0.0,258338.901249199,6274.973468101431,20410667.301006846,395.18441582440073,310.21681313332533
-2.392857142857143,0.39,0.005,273.3880594378278,3.431049142993467,-0.10358901828836095,0.0,258338.85643460805,6274.973317631672,20410667.77075163,395.18434729422376,310.2167862354858
-2.392857142857143,0.39,0.015,273.3880594378278,3.4310538021226273,-0.10359155306411257,0.0,258338.901249199,6274.973468101431,20410667.301006846,395.18441582440073,310.21681313332533
-2.392857142857143,0.41,-0.005,273.07809259248774,3.272718088912826,-0.10358233799795478,0.0,258630.87826780468,6275.927545464589,20410610.621042445,395.6318789710907,310.3923910592149
-2.392857142857143,0.41,0.005,273.07809259248774,3.2727143366531948,-0.10357976722789902,0.0,258630.83634517953,6275.927405331503,20410611.008545596,395.63181485922973,310.3923659097822
-2.392857142857143,0.41,0.015,273.07809259248774,3.272718088912826,-0.10358233799795478,0.0,258630.87826780468,6275.927545464589,20410610.621042445,395.6318789710907,310.3923910592149
-2.392857142857143,0.43,-0.005,272.76129149443847,3.10646487215992,-0.10289067611985728,0.0,258929.99544668858,6276.903789343758,20410552.9698884,396.09026419345076,310.5721517216716
-2.392857142857143,0.43,0.005,272.76129149443847,3.1064620366883533,-0.10288808091285834,0.0,258929.95651343453,6276.903659856008,20410553.274171762,396.0902046492646,310.57212837753974
-2.392857142857143,0.43,0.015,272.76129149443847,3.10646487215992,-0.10289067611985728,0.0,258929.99544668858,6276.903789343758,20410552.9698884,396.09026419345076,310.5721517216716
-2.392857142857143,0.45,-0.005,272.43925322389856,2.932293491170331,-0.10150956022102033,0.0,259234.78737294071,6277.897343432855,20410494.569621466,396.5573237399676,310.75520715770887
-2.392857142857143,0.45,0.005,272.43925322389856,2.9322915783277534,-0.10150695218373788,0.0,259234.7515133765,6277.897224850859,20410494.790065344,396.5572688928549,310.7551856677181
-2.392857142857143,0.45,0.015,272.43925322389856,2.932293491170331,-0.10150956022102033,0.0,259234.78737294071,6277.897343432855,20410494.569621466,396.5573237399676,310.75520715770887
-2.392857142857143,0.47,-0.005,272.1137516097568,2.750203184566102,-0.09943522644145228,0.0,259543.6069115382,6278.902782229187,20410435.64195029,397.03053157936426,310.94056239976123
-2.392857142857143,0.47,0.005,272.1137516097568,2.7502021961446266,-0.09943261718353016,0.0,259543.57419426952,6278.902674756938,20410435.778290346,397.03048153474185,310.94054280315305
-2.392857142857143,0.47,0.015,272.1137516097568,2.750203184566102,-0.09943522644145228,0.0,259543.6069115382,6278.902782229187,20410435.64195029,397.03053157936426,310.94056239976123
-2.392857142857143,0.48999999999999994,-0.005,271.78676008384986,2.5601931175519006,-0.09666720106723893,0.0,259854.6006971115,6279.914035905265,20410376.40675754,397.50704590883225,311.1271012058922
-2.392857142857143,0.48999999999999994,0.005,271.78676008384986,2.560193051343736,-0.09666460215586542,0.0,259854.57117190716,6279.913939680654,20410376.459079903,397.50700074335236,311.12708353047566
-2.392857142857143,0.48999999999999994,0.015,271.78676008384986,2.5601931175519006,-0.09666720106723893,0.0,259854.6006971115,6279.914035905265,20410376.40675754,397.50704590883225,311.1271012058922
-2.392857142857143,0.51,-0.005,271.46047834017514,2.362262426980163,-0.09320834115483508,0.0,260165.68080969364,6280.924303112055,20410317.08048088,397.9836658247394,311.31356953443094
-2.392857142857143,0.51,0.005,271.46047834017514,2.362263276845474,-0.09320576406976556,0.0,260165.65450377262,6280.9242181954105,20410317.049215533,397.98362558060455,311.31355379440606
-2.392857142857143,0.51,0.015,271.46047834017514,2.362262426980163,-0.09320834115483508,0.0,260165.68080969364,6280.924303112055,20410317.08048088,397.9836658247394,311.31356953443094
-2.392857142857143,0.53,-0.005,271.137363455938,2.1564102125771054,-0.08906486449585307,0.0,260474.49204431346,6281.92594974424,20410257.874811895,398.45678125333416,311.4985564050589
-2.392857142857143,0.53,0.005,271.137363455938,2.156411968532174,-0.08906232058462712,0.0,260474.46895793232,6281.9258761047295,20410257.760724492,398.45674593154195,311.49854259843283
-2.392857142857143,0.53,0.015,271.137363455938,2.1564102125771054,-0.08906486449585307,0.0,260474.49204431346,6281.92594974424,20410257.874811895,398.45678125333416,311.4985564050589
-2.392857142857143,0.55,-0.005,270.8201662992591,1.9426354977649247,-0.08424636103893678,0.0,260778.374042007,6282.910391198968,20410198.99564387,398.9223150208381,311.680471699089
-2.392857142857143,0.55,0.005,270.8201662992591,1.942638146085476,-0.08424386147171,0.0,260778.354143216,6282.910328698458,20410198.79982607,398.92228457315355,311.68045980460664
-2.392857142857143,0.55,0.015,270.8201662992591,1.9426354977649247,-0.08424636103893678,0.0,260778.374042007,6282.910391198968,20410198.99564387,398.9223150208381,311.680471699089
-2.392857142857143,0.57,-0.005,270.51197418368423,1.7209373364076677,-0.07876579829268861,0.0,261074.3174393599,6283.867955253382,20410140.64085152,399.3756557729806,311.8575203798138
-2.392857142857143,0.57,0.005,270.51197418368423,1.7209408597493958,-0.07876335401595941,0.0,261074.30065777272,6283.867903627243,20410140.36470996,399.37563009239943,311.8575103533107
-2.392857142857143,0.57,0.015,270.51197418368423,1.7209373364076677,-0.07876579829268861,0.0,261074.3174393599,6283.867955253382,20410140.64085152,399.3756557729806,311.8575203798138
-2.392857142857143,0.59,-0.005,270.21626088248547,1.4913146979859153,-0.0726395077150986,0.0,261358.91315220448,6284.787722428804,20410082.999674723,399.8115803922891,312.02767258142313
-2.392857142857143,0.59,0.005,270.21626088248547,1.4913190755188224,-0.072637129403185,0.0,261358.89937159765,6284.787681263075,20410082.64491874,399.8115593017104,312.02766435149107
-2.392857142857143,0.59,0.015,270.21626088248547,1.4913146979859153,-0.0726395077150986,0.0,261358.91315220448,6284.787722428804,20410082.999674723,399.8115803922891,312.02767258142313
-2.392857142857143,0.61,-0.005,269.93694541353943,1.253766562550912,-0.06588715932677959,0.0,261628.29362198358,6285.657339707482,20410026.25039696,400.2241641196855,312.18862883070847
-2.392857142857143,0.61,0.005,269.93694541353943,1.2537717701113011,-0.0658848573293934,0.0,261628.2826715086,6285.657308411678,20410025.81902531,400.22414735846206,312.18862229354266
-2.392857142857143,0.61,0.015,269.93694541353943,1.253766562550912,-0.06588715932677959,0.0,261628.29362198358,6285.657339707482,20410026.25039696,400.2241641196855,312.18862883070847
-2.392857142857143,0.63,-0.005,269.67846121262323,1.008291773373946,-0.05853171523605059,0.0,261878.0648432659,6286.462803204042,20409970.559638053,400.60667657418475,312.3377796443957
-2.392857142857143,0.63,0.005,269.67846121262323,1.0082977836290938,-0.058529499518452606,0.0,261878.0564870194,6286.462780978749,20409970.0539247,400.60666378216104,312.33777465766866
-2.392857142857143,0.63,0.015,269.67846121262323,1.008291773373946,-0.05853171523605059,0.0,261878.0648432659,6286.462803204042,20409970.559638053,400.60667657418475,312.3377796443957
-2.392857142857143,0.65,-0.005,269.44583769658345,0.7548892507381789,-0.05059939582924768,0.0,262103.2276608188,6287.188204157814,20409916.077863052,400.95146135699827,312.4721585238565
-2.392857142857143,0.65,0.005,269.44583769658345,0.7548960333772751,-0.050597275895898255,0.0,262103.22158547223,6287.188189956042,20409915.500342928,400.95145205558026,312.472154899435
-2.392857142857143,0.65,0.015,269.44583769658345,0.7548892507381789,-0.05059939582924768,0.0,262103.2276608188,6287.188204157814,20409916.077863052,400.95146135699827,312.4721585238565
-2.392857142857143,0.67,-0.005,269.24479680240756,0.4935572312445981,-0.04211970995449554,0.0,262298.0865364316,6287.815431298813,20409862.93124393,401.2497964887657,312.5883871665351
-2.392857142857143,0.67,0.005,269.24479680240756,0.49356475294630775,-0.04211769470622424,0.0,262298.0823365793,6287.81542377988,20409862.284702223,401.2497900585006,312.5883846618283
-2.392857142857143,0.67,0.015,269.24479680240756,0.4935572312445981,-0.04211970995449554,0.0,262298.0865364316,6287.815431298813,20409862.93124393,401.2497964887657,312.5883871665351
-2.392857142857143,0.69,-0.005,269.08192232361944,0.22429706810890748,-0.03312546696531619,0.0,262456.09066798416,6288.323650787979,20409811.230016757,401.4916513593707,312.6825799060975
-2.392857142857143,0.69,0.005,269.08192232361944,0.22430529173713099,-0.033123564947299684,0.0,262456.0878268468,6288.323648256602,20409810.51743523,401.49164701042105,312.68257821261176
-2.392857142857143,0.69,0.015,269.08192232361944,0.22429706810890748,-0.03312546696531619,0.0,262456.09066798416,6288.323650787979,20409811.230016757,401.4916513593707,312.6825799060975
-2.392857142857143,0.7099999999999999,-0.005,268.9734380954731,-0.05246345358669073,-0.023648253263093007,0.0,262561.2908024218,6288.661861506182,20409762.25949039,401.6526178454685,312.7452541513278
-2.392857142857143,0.7099999999999999,0.005,268.9734380954731,-0.05245455675610179,-0.023646472831297533,0.0,262561.288582828,6288.661861562013,20409761.48408699,401.6526144508277,312.74525282971587
-2.392857142857143,0.7099999999999999,0.015,268.9734380954731,-0.05246345358669073,-0.023648253263093007,0.0,262561.2908024218,6288.661861506182,20409762.25949039,401.6526178454685,312.7452541513278
-2.392857142857143,0.73,-0.005,268.9336655752772,-0.33455890021704926,-0.013696167616895277,0.0,262599.6418731429,6288.785139094268,20409720.848174702,401.7112020982253,312.7680615203722
-2.392857142857143,0.73,0.005,268.9336655752772,-0.3345493423851115,-0.013694516136060226,0.0,262599.639515068,6288.785139265405,20409720.0133629,401.7111984958909,312.76806011800267
-2.392857142857143,0.73,0.015,268.9336655752772,-0.33455890021704926,-0.013696167616895277,0.0,262599.6418731429,6288.785139094268,20409720.848174702,401.7112020982253,312.7680615203722
-2.392857142857143,0.7500000000000001,-0.005,268.90778478079113,-0.6238736556135541,-0.00319136859502661,0.0,262624.56718453625,6288.865020262698,20409683.052319676,401.74911958929385,312.7828222493225
-2.392857142857143,0.7500000000000001,0.005,268.90778478079113,-0.623863475321118,-0.003189852169417079,0.0,262624.56467283465,6288.865020468634,20409682.161663517,401.7491157567463,312.7828207574026
-2.392857142857143,0.7500000000000001,0.015,268.90778478079113,-0.6238736556135541,-0.00319136859502661,0.0,262624.56718453625,6288.865020262698,20409683.052319676,401.74911958929385,312.7828222493225
-2.392857142857143,0.77,-0.005,268.89056265178874,-0.9206139790822214,0.00784845017473567,0.0,262641.1726222925,6288.91788073338,20409648.548395615,401.7741711350961,312.79257407038256
-2.392857142857143,0.77,0.005,268.89056265178874,-0.9206032180092927,0.007849825930793435,0.0,262641.1699545962,6288.917880933029,20409647.605633378,401.7741670693312,312.792572487726
-2.392857142857143,0.77,0.015,268.89056265178874,-0.9206139790822214,0.00784845017473567,0.0,262641.1726222925,6288.91788073338,20409648.548395615,401.7741711350961,312.79257407038256
-2.392857142857143,0.7900000000000001,-0.005,268.87926571016527,-1.2248029726637946,0.01939168373579568,0.0,262652.13206393376,6288.9522822109175,20409617.358856637,401.7904369128411,312.798905690683
-2.392857142857143,0.7900000000000001,0.005,268.87926571016527,-1.2247916748523056,0.019392913755130928,0.0,262652.12924602,6288.952282387874,20409616.367879406,401.79043262327446,312.7989040209422
-2.392857142857143,0.7900000000000001,0.015,268.87926571016527,-1.2248029726637946,0.01939168373579568,0.0,262652.13206393376,6288.9522822109175,20409617.358856637,401.7904369128411,312.798905690683
-2.392857142857143,0.81,-0.005,268.8714240883851,-1.536588993909669,0.031403592729014176,0.0,262659.8628448051,6288.975960070878,20409589.40186327,401.8016040645033,312.8032525444504
-2.392857142857143,0.81,0.005,268.8714240883851,-1.5365772050307904,0.03140467249348156,0.0,262659.8598853011,6288.975960216549,20409588.366701305,401.8015995648667,312.8032507929629
-2.392857142857143,0.81,0.015,268.8714240883851,-1.536588993909669,0.031403592729014176,0.0,262659.8628448051,6288.975960070878,20409589.40186327,401.8016040645033,312.8032525444504
-2.392857142857143,0.83,-0.005,268.8659274137583,-1.8560564419716803,0.043841404607306886,0.0,262665.45630050846,6288.992392946328,20409564.66790255,401.8093309256879,312.80626021747383
-2.392857142857143,0.83,0.005,268.8659274137583,-1.856044209097915,0.04384233017773733,0.0,262665.4532102913,6288.99239305813,20409563.59270815,401.80932623310485,312.8062583908993
-2.392857142857143,0.83,0.015,268.8659274137583,-1.8560564419716803,0.043841404607306886,0.0,262665.45630050846,6288.992392946328,20409564.66790255,401.8093309256879,312.80626021747383
-2.392857142857143,0.8500000000000001,-0.005,268.8621295111382,-2.1832541341070186,0.05665647559321482,0.0,262669.5511931095,6289.003606178904,20409543.17764591,401.81458319643355,312.8083046421228
-2.392857142857143,0.8500000000000001,0.005,268.8621295111382,-2.1832415055287933,0.05665724363268793,0.0,262669.547984763,6289.00360625865,20409542.066675812,401.8145783305824,312.80830274811655
-2.392857142857143,0.8500000000000001,0.015,268.8621295111382,-2.1832541341070186,0.05665647559321482,0.0,262669.5511931095,6289.003606178904,20409543.17764591,401.81458319643355,312.8083046421228
-2.392857142857143,0.87,-0.005,268.85958053475,-2.518218175761536,0.06979559108950852,0.0,262672.59490184375,6289.011010220893,20409524.957146123,401.8180334910024,312.8096476477314
-2.392857142857143,0.87,0.005,268.85958053475,-2.5182052008399234,0.06979619891155041,0.0,262672.5915891118,6289.011010273184,20409523.81474516,401.8180284732746,312.8096456946164
-2.392857142857143,0.87,0.015,268.85958053475,-2.518218175761536,0.06979559108950852,0.0,262672.59490184375,6289.011010220893,20409524.957146123,401.8180334910024,312.8096476477314
-2.392857142857143,0.89,-0.005,268.8579439591689,-2.860982583284901,0.08320171982171956,0.0,262674.9244627147,6289.015660680287,20409510.038281143,401.820185289729,312.81048521902517
-2.392857142857143,0.89,0.005,268.8579439591689,-2.860969314563904,0.08320216563210858,0.0,262674.92106005526,6289.01566071118,20409508.86886819,401.82018014253214,312.8104832155206
-2.392857142857143,0.89,0.015,268.8579439591689,-2.860982583284901,0.08320171982171956,0.0,262674.9244627147,6289.015660680287,20409510.038281143,401.820185289729,312.81048521902517
-2.392857142857143,0.91,-0.005,268.8569600471939,-3.2115719062946506,0.0968140606663348,0.0,262676.8018531657,6289.018371896076,20409498.43200623,401.8214269538589,312.8109685263267
-2.392857142857143,0.91,0.005,268.8569600471939,-3.2115583936141556,0.09681434318061023,0.0,262676.79837519943,6289.018371911891,20409497.240015358,401.82142169979124,312.81096648122667
-2.392857142857143,0.91,0.015,268.8569600471939,-3.2115719062946506,0.0968140606663348,0.0,262676.8018531657,6289.018371896076,20409498.43200623,401.8214269538589,312.8109685263267
-2.392857142857143,0.93,-0.005,268.85642541143295,-3.5700010297596667,0.11056728410981141,0.0,262678.4333246748,6289.019779467441,20409490.081610233,401.82206132324853,312.8112154489788
-2.392857142857143,0.93,0.005,268.85642541143295,-3.5699873228097845,0.11056740235939391,0.0,262678.42978604516,6289.019779473983,20409488.87152402,401.82205598487303,312.8112133710644
-2.392857142857143,0.93,0.015,268.85642541143295,-3.5700010297596667,0.11056728410981141,0.0,262678.4333246748,6289.019779467441,20409490.081610233,401.82206132324853,312.8112154489788
-2.392857142857143,0.9500000000000001,-0.005,268.8561817254998,-3.9362917653259695,0.1243919833894373,0.0,262679.9820630797,6289.020379578835,20409484.98646721,401.8223250082585,312.81131808597024
-2.392857142857143,0.9500000000000001,0.005,268.8561817254998,-3.9362779144232842,0.12439193686932715,0.0,262679.9784781946,6289.020379580744,20409483.762795474,401.8223196076999,312.8113159838523
-2.392857142857143,0.9500000000000001,0.015,268.8561817254998,-3.9362917653259695,0.1243919833894373,0.0,262679.9820630797,6289.020379578835,20409484.98646721,401.8223250082585,312.81131808597024
-2.392857142857143,0.97,-0.005,268.8561074772582,-4.310465603664021,0.13821514262545445,0.0,262681.5753275873,6289.020552608592,20409483.13245058,401.8223993372598,312.8113470178518
-2.392857142857143,0.97,0.005,268.8561074772582,-4.310451660060857,0.1382149313587648,0.0,262681.57171042846,6289.02055260889,20409481.89971124,401.82239389590575,312.81134489985476
-2.392857142857143,0.97,0.015,268.8561074772582,-4.310465603664021,0.13821514262545445,0.0,262681.5753275873,6289.020552608592,20409483.13245058,401.8223993372598,312.8113470178518
-2.392857142857143,0.99,-0.005,268.8560891836996,-4.692176414491657,0.15191889860291674,0.0,262683.29901725857,6289.020574118883,20409482.02117621,401.8224046895668,312.81134910118806
-2.392857142857143,0.99,0.005,268.8560891836996,-4.692162416350003,0.1519185520192227,0.0,262683.295373751,6289.0205741191585,20409480.7812493,401.8223992164752,312.8113469708375
-2.392857142857143,0.99,0.015,268.8560891836996,-4.692176414491657,0.15191889860291674,0.0,262683.29901725857,6289.020574118883,20409482.02117621,401.8224046895668,312.81134910118806
-2.392857142857143,1.01,-0.005,268.8563011174914,3.6986910873928833e-06,-1.1975276005462542e-07,0.0,262683.35750940384,6289.047994737064,20410358.886759903,401.8393516844045,312.817945493478
-2.392857142857143,1.01,0.005,268.85651305128323,4.692176414491657,-0.15191889860291677,0.0,262683.4160014569,6289.020567413837,20409523.287090197,401.8225836459151,312.8114187582926
-2.392857142857143,1.01,0.015,268.8563011174914,3.6986910873928833e-06,-1.1975276005462542e-07,0.0,262683.35750940384,6289.047994737064,20410358.886759903,401.8393516844045,312.817945493478
-2.3214285714285716,-0.01,-0.005,272.19911212976456,4.941097014386234,0.0,0.0,259506.3604321267,6278.728517064796,20413243.699544944,396.9606726569297,310.9132056519785
-2.3214285714285716,-0.01,0.005,272.19911212976456,4.941097014386234,0.004465309840068701,0.0,259506.3604321267,6278.728517039681,20413243.698760685,396.96067264167885,310.91320564600596
-2.3214285714285716,-0.01,0.015,272.19911212976456,4.941097014386234,0.0,0.0,259506.3604321267,6278.728517064796,20413243.699544944,396.9606726569297,310.9132056519785
-2.3214285714285716,0.01,-0.005,272.19911212976456,4.941097014386234,-0.004465309840068701,0.0,259506.3604321267,6278.728517039681,20413243.698760685,396.96067264167885,310.91320564600596
-2.3214285714285716,0.01,0.005,272.19911212976456,4.941081644504478,-0.004465062714696383,0.0,259506.3171475298,6278.7283630883,20413245.17317777,396.9606065433283,310.913179760758
-2.3214285714285716,0.01,0.015,272.19911212976456,4.941097014386234,-0.004465309840068701,0.0,259506.3604321267,6278.728517039681,20413243.698760685,396.96067264167885,310.91320564600596
-2.3214285714285716,0.029999999999999995,-0.005,272.18765737879295,4.933108593594487,-0.013370895238447382,0.0,259517.0887048697,6278.763591833889,20413231.68853964,396.9771444071367,310.9196562047497
-2.3214285714285716,0.029999999999999995,0.005,272.18765737879295,4.933093287800406,-0.013370260371018981,0.0,259517.0455490771,6278.763438387567,20413233.154051665,396.97707850516406,310.9196303969421
-2.3214285714285716,0.029999999999999995,0.015,272.18765737879295,4.933108593594487,-0.013370895238447382,0.0,259517.0887048697,6278.763591833889,20413231.68853964,396.9771444071367,310.9196562047497
-2.3214285714285716,0.05,-0.005,272.1648560563367,4.917169519012858,-0.02219498573822315,0.0,259538.44387949997,6278.833407721502,20413207.56035759,397.0099322921813,310.9324959709672
-2.3214285714285716,0.05,0.005,272.1648560563367,4.917154341294778,-0.02219393114072484,0.0,259538.40099674647,6278.833255279948,20413209.014035314,397.00986680657604,310.9324703272718
-2.3214285714285716,0.05,0.015,272.1648560563367,4.917169519012858,-0.02219498573822315,0.0,259538.44387949997,6278.833407721502,20413207.56035759,397.0099322921813,310.9324959709672
-2.3214285714285716,0.07,-0.005,272.1308263553216,4.893282792426079,-0.03088638368651116,0.0,259570.32039533474,6278.937611112375,20413171.42794437,397.05887421723975,310.95166068790957
-2.3214285714285716,0.07,0.005,272.1308263553216,4.893267806119498,-0.030884914749288794,0.0,259570.27792037715,6278.93746017126,20413172.863942504,397.05880935350564,310.95163528930004
-2.3214285714285716,0.07,0.015,272.1308263553216,4.893282792426079,-0.03088638368651116,0.0,259570.32039533474,6278.937611112375,20413171.42794437,397.05887421723975,310.95166068790957
-2.3214285714285716,0.09000000000000001,-0.005,272.08574391795764,4.861449619563498,-0.039394624492089685,0.0,259612.56150083986,6279.075676992753,20413123.474942923,397.12372952009093,310.97705495812056
-2.3214285714285716,0.09000000000000001,0.005,272.08574391795764,4.861434887040883,-0.039392748686858714,0.0,259612.51956695676,6279.075528041755,20413124.88750599,397.123665481491,310.97702988465534
-2.3214285714285716,0.09000000000000001,0.015,272.08574391795764,4.861449619563498,-0.039394624492089685,0.0,259612.56150083986,6279.075676992753,20413123.474942923,397.12372952009093,310.97705495812056
-2.3214285714285716,0.11,-0.005,272.02984320381654,4.821671328436355,-0.047670070042374814,0.0,259664.95759962517,6279.246903935385,20413063.944641348,397.20417641114756,311.00855127598766
-2.3214285714285716,0.11,0.005,272.02984320381654,4.821656910790798,-0.04766779688807901,0.0,259664.91633809617,6279.246757456134,20413065.32813108,397.2041133979138,311.00852660648957
-2.3214285714285716,0.11,0.015,272.02984320381654,4.821671328436355,-0.047670070042374814,0.0,259664.95759962517,6279.246903935385,20413063.944641348,397.20417641114756,311.00855127598766
-2.3214285714285716,0.13,-0.005,271.9634180053134,4.773949453251352,-0.0556641254498069,0.0,259727.245473976,6279.450412011722,20412993.138247754,397.29981078500333,311.04598960083877
-2.3214285714285716,0.13,0.005,271.9634180053134,4.773935409995913,-0.055661466446564764,0.0,259727.2050135375,6279.4502684756735,20412994.48717068,397.29974899351004,311.0459654125603
-2.3214285714285716,0.13,0.015,271.9634180053134,4.773949453251352,-0.0556641254498069,0.0,259727.245473976,6279.450412011722,20412993.138247754,397.29981078500333,311.04598960083877
-2.3214285714285716,0.15,-0.005,271.8868220503029,4.71828573861321,-0.06332944908518842,0.0,259799.10735592936,6279.68514031474,20412911.412636064,397.41014479935495,311.08917684810564
-2.3214285714285716,0.15,0.005,271.8868220503029,4.718272127387853,-0.06332641763518213,0.0,259799.06782219815,6279.685000180964,20412912.721670195,397.41008442124354,311.0891532163766
-2.3214285714285716,0.15,0.015,271.8868220503029,4.71828573861321,-0.06332944908518842,0.0,259799.10735592936,6279.68514031474,20412911.412636064,397.41014479935495,311.08917684810564
-2.3214285714285716,0.17,-0.005,271.80046969287235,4.654682136164938,-0.07062015693860671,0.0,259880.169848978,6279.949844096653,20412819.17765949,397.5346052254754,311.1378862998601
-2.3214285714285716,0.17,0.005,271.80046969287235,4.654669012457562,-0.07061676825451449,0.0,259880.13136383521,6279.949707809526,20412820.441679683,397.5345464467168,311.13786329771244
-2.3214285714285716,0.17,0.015,271.80046969287235,4.654682136164938,-0.07062015693860671,0.0,259880.169848978,6279.949844096653,20412819.17765949,397.5346052254754,311.1378862998601
-2.3214285714285716,0.19,-0.005,271.70483667763006,4.583140800180803,-0.07749202042984751,0.0,259970.00271900027,6280.2430915760115,20412716.893131725,397.6725315986411,311.1918569454125
-2.3214285714285716,0.19,0.005,271.70483667763006,4.583128217062773,-0.07748829143201662,0.0,259969.9653999302,6280.242959562782,20412718.10723372,397.67247459852956,311.1918346431791
-2.3214285714285716,0.19,0.015,271.70483667763006,4.583140800180803,-0.07749202042984751,0.0,259970.00271900027,6280.2430915760115,20412716.893131725,397.6725315986411,311.1918569454125
-2.3214285714285716,0.21000000000000002,-0.005,271.6004609490677,4.503664080951647,-0.0839026564688903,0.0,260068.1175858827,6280.563260509916,20412605.06548912,397.82317421666613,311.25079277025657
-2.3214285714285716,0.21000000000000002,0.005,271.6004609490677,4.503652088829315,-0.08389860567223961,0.0,260068.08154525913,6280.56313317813,20412606.22501203,397.82311916673206,311.2507712351408
-2.3214285714285716,0.21000000000000002,0.015,271.6004609490677,4.503664080951647,-0.0839026564688903,0.0,260068.1175858827,6280.563260509916,20412605.06548912,397.82317421666613,311.25079277025657
-2.3214285714285716,0.23,-0.005,271.4879434742993,4.416254527506166,-0.08981170947834281,0.0,260173.96655130788,6280.908534638358,20412484.244125918,397.9856920407305,311.31436201385173
-2.3214285714285716,0.23,0.005,271.4879434742993,4.416243173889945,-0.08980735687012144,0.0,260173.93189562284,6280.908412373142,20412485.344673023,397.9856391035644,311.31434130946343
-2.3214285714285716,0.23,0.015,271.4879434742993,4.416254527506166,-0.08981170947834281,0.0,260173.96655130788,6280.908534638358,20412484.244125918,397.9856920407305,311.31436201385173
-2.3214285714285716,0.25,-0.005,271.36794903364347,4.320914880858997,-0.09518102471668796,0.0,260286.94081400978,6281.276900156322,20412355.017508026,398.1591505771234,311.38219642609926
-2.3214285714285716,0.25,0.005,271.36794903364347,4.320904210152266,-0.09517639162650664,0.0,260286.90764303866,6281.276783317487,20412356.054965775,398.15909990510215,311.3821766119549
-2.3214285714285716,0.25,0.015,271.36794903364347,4.320914880858997,-0.09518102471668796,0.0,260286.94081400978,6281.276900156322,20412355.017508026,398.1591505771234,311.38219642609926
-2.3214285714285716,0.27,-0.005,271.2412069265924,4.217648075859197,-0.09997481240585962,0.0,260406.36933087977,6281.6661423901,20412218.009072784,398.3425198290939,311.45389055627305
-2.3214285714285716,0.27,0.005,271.2412069265924,4.21763812916656,-0.09996992136924546,0.0,260406.33773677767,6281.666031309078,20412218.979627937,398.3424715630014,311.45387168725705
-2.3214285714285716,0.27,0.015,271.2412069265924,4.217648075859197,-0.09997481240585962,0.0,260406.36933087977,6281.6661423901,20412218.009072784,398.3425198290939,311.45389055627305
-2.3214285714285716,0.29,-0.005,271.10851152026277,4.1064572347844575,-0.10415980177645519,0.0,260531.51760462884,6282.073842923384,20412073.873009957,398.5346724423909,311.5290011213489
-2.3214285714285716,0.29,0.005,271.10851152026277,4.1064480497407105,-0.10415467639313908,0.0,260531.4876709549,6282.073737899958,20412074.77316473,398.53462670992735,311.5289832471337
-2.3214285714285716,0.29,0.015,271.10851152026277,4.1064572347844575,-0.10415980177645519,0.0,260531.51760462884,6282.073842923384,20412073.873009957,398.5346724423909,311.5290011213489
-2.3214285714285716,0.31,-0.005,270.9707225528323,3.987345681834771,-0.10770538576062635,0.0,260661.58669241454,6282.497377460849,20411923.289818447,398.7343821887334,311.6070465084352
-2.3214285714285716,0.31,0.005,270.9707225528323,3.9873372924557686,-0.10770005054891485,0.0,260661.5584930809,6282.497278759695,20411924.11640364,398.7343391029091,311.6070296728582
-2.3214285714285716,0.31,0.015,270.9707225528323,3.987345681834771,-0.10770538576062635,0.0,260661.58669241454,6282.497377460849,20411923.289818447,398.7343821887334,311.6070465084352
-2.3214285714285716,0.33,-0.005,270.82876507501453,3.860316924882551,-0.11058375465565035,0.0,260795.71256576705,6282.933914826375,20411766.96197677,398.9403229869414,311.68750648733936
-2.3214285714285716,0.33,0.005,270.82876507501453,3.8603093614374107,-0.11057823490416326,0.0,260795.68616391267,6282.933822673407,20411767.71216285,398.94028264435457,311.68749072773835
-2.3214285714285716,0.33,0.015,270.82876507501453,3.860316924882551,-0.11058375465565035,0.0,260795.71256576705,6282.933914826375,20411766.96197677,398.9403229869414,311.68750648733936
-2.3214285714285716,0.35,-0.005,270.68362889012104,3.725374662041299,-0.112770018531809,0.0,260932.96596912484,6283.380417547694,20411605.60945758,399.15106868671177,311.76982221876835
-2.3214285714285716,0.35,0.005,270.68362889012104,3.725367950946883,-0.11276434014982599,0.0,260932.94141591535,6283.380332126212,20411606.28076364,399.15103116571294,311.76980756527456
-2.3214285714285716,0.35,0.015,270.68362889012104,3.725374662041299,-0.112770018531809,0.0,260932.96596912484,6283.380417547694,20411605.60945758,399.15106868671177,311.76982221876835
-2.3214285714285716,0.37,-0.005,270.5363673091924,3.5825227947720877,-0.11424232015828772,0.0,261072.35297432734,6283.833644633597,20411439.965216566,399.36509391707085,311.8533966733183
-2.3214285714285716,0.37,0.005,270.5363673091924,3.5825169585105403,-0.11423650952600332,0.0,261072.3303076874,6283.833566080267,20411440.55551724,399.36505927582306,311.8533831481114
-2.3214285714285716,0.37,0.015,270.5363673091924,3.5825227947720877,-0.11424232015828772,0.0,261072.35297432734,6283.833644633597,20411439.965216566,399.36509391707085,311.8533966733183
-2.3214285714285716,0.38999999999999996,-0.005,270.38809499488025,3.4317654228554315,-0.11498193695002677,0.0,261212.81647394304,6284.290157290941,20411270.770881694,399.5807763711953,311.9375956031391
-2.3214285714285716,0.38999999999999996,0.005,270.38809499488025,3.4317604799123442,-0.11497602076981327,0.0,261212.79571723135,6284.29008569164,20411271.27841198,399.58074464564606,311.9375832196708
-2.3214285714285716,0.38999999999999996,0.015,270.38809499488025,3.4317654228554315,-0.11498193695002677,0.0,261212.81647394304,6284.290157290941,20411270.770881694,399.5807763711953,311.9375956031391
-2.3214285714285716,0.41,-0.005,270.2399846029949,3.273106827441544,-0.11497336997609531,0.0,261353.23891819632,6284.746328525607,20411098.772565387,399.7964009937607,312.0217492445526
-2.3214285714285716,0.41,0.005,270.2399846029949,3.273102792265683,-0.11496737512578845,0.0,261353.2200788405,6284.7462639111745,20411099.195923448,399.79637219555156,312.0217380067479
-2.3214285714285716,0.41,0.015,270.2399846029949,3.273106827441544,-0.11497336997609531,0.0,261353.23891819632,6284.746328525607,20411098.772565387,399.7964009937607,312.0217492445526
-2.3214285714285716,0.43,-0.005,270.0932618660224,3.1065514749074654,-0.11420442137861847,0.0,261492.44666564083,6285.198357777226,20410924.716708805,400.01016663687653,312.1051549684159
-2.3214285714285716,0.43,0.005,270.0932618660224,3.1065483578916617,-0.11419837476784736,0.0,261492.42973375725,6285.198300119205,20410925.054856833,400.0101407512299,312.10514486986773
-2.3214285714285716,0.43,0.015,270.0932618660224,3.1065514749074654,-0.11420442137861847,0.0,261492.44666564083,6285.198357777226,20410924.716708805,400.01016663687653,312.1051549684159
-2.3214285714285716,0.45,-0.005,269.9491986654236,2.932104121239271,-0.11266626932187468,0.0,261629.21641064255,6285.64229203533,20410749.345544297,400.22019589265955,312.1870811500135
-2.3214285714285716,0.45,0.005,269.9491986654236,2.932101928725022,-0.11266019775258565,0.0,261629.20135767647,6285.642241241818,20410749.597807374,400.22017287629484,312.1870721731904
-2.3214285714285716,0.45,0.015,269.9491986654236,2.932104121239271,-0.11266626932187468,0.0,261629.21641064255,6285.64229203533,20410749.345544297,400.22019589265955,312.1870811500135
-2.3214285714285716,0.47,-0.005,269.8091035141424,2.7497696699138774,-0.1103535262394637,0.0,261762.28430233928,6286.07405535253,20410573.39405966,400.4245490443921,312.2667726211778
-2.3214285714285716,0.47,0.005,269.8091035141424,2.749768404212339,-0.11034745627137489,0.0,261762.2710797781,6286.074011264283,20410573.560122907,400.42452882355377,312.2667647366762
-2.3214285714285716,0.47,0.015,269.8091035141424,2.7497696699138774,-0.1103535262394637,0.0,261762.28430233928,6286.07405535253,20410573.39405966,400.4245490443921,312.2667726211778
-2.3214285714285716,0.49,-0.005,269.6743087557086,2.559553207675967,-0.10726428262326117,0.0,261890.35843231334,6286.489488899936,20410397.586264476,400.62124317013297,312.3434581030236
-2.3214285714285716,0.49,0.005,269.6743087557086,2.55955286710785,-0.10725824044483813,0.0,261890.34697053963,6286.48945128694,20410397.666168407,400.621225638832,312.34345126890366
-2.3214285714285716,0.49,0.015,269.6743087557086,2.559553207675967,-0.10726428262326117,0.0,261890.35843231334,6286.489488899936,20410397.586264476,400.62124317013297,312.3434581030236
-2.3214285714285716,0.51,-0.005,269.54615357790135,2.3614600661189544,-0.10340014672063157,0.0,262012.1356060068,6286.884404455825,20410222.631576303,400.80827779943684,312.41636016087557
-2.3214285714285716,0.51,0.005,269.54615357790135,2.361460645072052,-0.1033941580261953,0.0,262012.12581338437,6286.8843730146245,20410222.625710577,400.8082628180477,312.41635432213496
-2.3214285714285716,0.51,0.015,269.54615357790135,2.3614600661189544,-0.10340014672063157,0.0,262012.1356060068,6286.884404455825,20410222.631576303,400.80827779943684,312.41636016087557
-2.3214285714285716,0.53,-0.005,269.4259617098558,2.155495799609277,-0.09876627645729272,0.0,262126.32352707826,6287.254654915979,20410049.221745137,400.98366885099904,312.48470835101244
-2.3214285714285716,0.53,0.005,269.4259617098558,2.155497288616562,-0.09876036633110173,0.0,262126.31528939388,6287.254629268152,20410049.130840782,400.9836562454006,312.4847034392703
-2.3214285714285716,0.53,0.015,269.4259617098558,2.155495799609277,-0.09876627645729272,0.0,262126.32352707826,6287.254654915979,20410049.221745137,400.98366885099904,312.48470835101244
-2.3214285714285716,0.55,-0.005,269.31501242090974,1.941666101353648,-0.09337139565671294,0.0,262231.6697575542,6287.596226178016,20409878.028488122,401.14549293580995,312.54775636898023
-2.3214285714285716,0.55,0.005,269.31501242090974,1.9416684871840306,-0.09336558846442473,0.0,262231.6629379777,6287.596205870281,20409877.853608422,401.1454824973191,312.54775230246696
-2.3214285714285716,0.55,0.015,269.31501242090974,1.941666101353648,-0.09337139565671294,0.0,262231.6697575542,6287.596226178016,20409878.028488122,401.14549293580995,312.54775636898023
-2.3214285714285716,0.57,-0.005,269.21450305523024,1.7199769627385597,-0.08722781087886874,0.0,262326.99915491353,6287.905355874951,20409709.700145554,401.29194462717254,312.6048042124216
-2.3214285714285716,0.57,0.005,269.21450305523024,1.7199802285040826,-0.08722213016675212,0.0,262326.9935946863,6287.9053403815915,20409709.44267565,401.29193611359125,312.60480089639884
-2.3214285714285716,0.57,0.015,269.21450305523024,1.7199769627385597,-0.08722781087886874,0.0,262326.99915491353,6287.905355874951,20409709.700145554,401.29194462717254,312.6048042124216
-2.3214285714285716,0.59,-0.005,269.1255008856727,1.4904344666441123,-0.08035141135373043,0.0,262411.26196658873,6288.17868596523,20409544.860372126,401.42141003514024,312.65522666088293
-2.3214285714285716,0.59,0.005,269.1255008856727,1.490438591918545,-0.08034587975577834,0.0,262411.25748671714,6288.178674693702,20409544.5220075,401.4214031733398,312.6552239886565
-2.3214285714285716,0.59,0.015,269.1255008856727,1.4904344666441123,-0.08035141135373043,0.0,262411.26196658873,6288.17868596523,20409544.860372126,401.42141003514024,312.65522666088293
-2.3214285714285716,0.61,-0.005,269.04888153154786,1.253044934767865,-0.0727616681740298,0.0,262483.59518058394,6288.413457622013,20409384.10527313,401.532560658457,312.69850962631534
-2.3214285714285716,0.61,0.005,269.04888153154786,1.2530498957215785,-0.07275630732716204,0.0,262483.59158489393,6288.413449922858,20409383.688007183,401.5325551490446,312.6985074810534
-2.3214285714285716,0.61,0.015,269.04888153154786,1.253044934767865,-0.0727616681740298,0.0,262483.59518058394,6288.413457622013,20409384.10527313,401.532560658457,312.69850962631534
-2.3214285714285716,0.63,-0.005,268.985250460704,1.0078146802537977,-0.06448161629634383,0.0,262543.4004969671,6288.607759316957,20409228.002743166,401.62447266325904,312.7342963908416
-2.3214285714285716,0.63,0.005,268.985250460704,1.0078204497920376,-0.06447644676291038,0.0,262543.3975769817,6288.607754499505,20409227.50885387,401.624468188032,312.73429464847146
-2.3214285714285716,0.63,0.015,268.985250460704,1.0078146802537977,-0.06448161629634383,0.0,262543.4004969671,6288.607759316957,20409228.002743166,401.62447266325904,312.7342963908416
-2.3214285714285716,0.65,-0.005,268.9348431840677,0.75475042949516,-0.05553786561533226,0.0,262590.4430184716,6288.760841487131,20409077.08824514,401.69677785553745,312.7624461891347
-2.3214285714285716,0.65,0.005,268.9348431840677,0.7547569774040339,-0.05553290681256005,0.0,262590.44056070567,6288.7608388429135,20409076.520281065,401.696774088636,312.76244472267376
-2.3214285714285716,0.65,0.015,268.9348431840677,0.75475042949516,-0.05553786561533226,0.0,262590.4430184716,6288.760841487131,20409077.08824514,401.69677785553745,312.7624461891347
-2.3214285714285716,0.67,-0.005,268.89739871943294,0.4938586484844202,-0.045960600224500166,0.0,262624.97589614685,6288.8735147730695,20408931.8646346,401.7498543601699,312.7831082780803
-2.3214285714285716,0.67,0.005,268.89739871943294,0.49386594142216783,-0.04595587037983921,0.0,262624.97369258176,6288.87351360939,20408931.225398287,401.74985098409326,312.7831069638549
-2.3214285714285716,0.67,0.015,268.89739871943294,0.4938586484844202,-0.045960600224500166,0.0,262624.97589614685,6288.8735147730695,20408931.8646346,401.7498543601699,312.7831082780803
-2.3214285714285716,0.69,-0.005,268.87200710333906,0.22514826057942564,-0.035783534841402224,0.0,262647.8900580356,6288.948629267269,20408792.811465234,401.7850556679509,312.7968110002744
-2.3214285714285716,0.69,0.005,268.87200710333906,0.22515626245620562,-0.03577905105057615,0.0,262647.88792054454,6288.948628953493,20408792.103990015,401.7850523956175,312.7968097264895
-2.3214285714285716,0.69,0.015,268.87200710333906,0.22514826057942564,-0.035783534841402224,0.0,262647.8900580356,6288.948629267269,20408792.811465234,401.7850556679509,312.7968110002744
-2.3214285714285716,0.7099999999999999,-0.005,268.85780008235764,-0.051029031522019236,-0.025042166002221564,0.0,262660.05080701574,6288.988938157017,20408661.264979348,401.8036958307094,312.8040667652183
-2.3214285714285716,0.7099999999999999,0.005,268.85780008235764,-0.05102035141524638,-0.02503794417130211,0.0,262660.0485793344,6288.988938162575,20408660.49254892,401.80369242375747,312.80406543906275
-2.3214285714285716,0.7099999999999999,0.015,268.85780008235764,-0.051029031522019236,-0.025042166002221564,0.0,262660.05080701574,6288.988938157017,20408661.264979348,401.8036958307094,312.8040667652183
-2.3214285714285716,0.73,-0.005,268.8524548089771,-0.3328563954547826,-0.013757935450776039,0.0,262663.78611759533,6289.001855955724,20408541.601269107,401.80932749836205,312.80625888339705
-2.3214285714285716,0.73,0.005,268.8524548089771,-0.33284705123742997,-0.013753990222401513,0.0,262663.78371256246,6289.001855969831,20408540.767375622,401.8093238241087,312.8062574532044
-2.3214285714285716,0.73,0.015,268.8524548089771,-0.3328563954547826,-0.013757935450776039,0.0,262663.78611759533,6289.001855955724,20408541.601269107,401.80932749836205,312.80625888339705
-2.3214285714285716,0.75,-0.005,268.84891350970315,-0.6218698195824133,-0.0018635784664487612,0.0,262665.9545832557,6289.009397600071,20408430.598515023,401.8124337958902,312.80746799847265
-2.3214285714285716,0.75,0.005,268.84891350970315,-0.6218598492367255,-0.0018599224681293384,0.0,262665.95200869517,6289.009397615269,20408429.70681997,401.8124298669564,312.80746646915236
-2.3214285714285716,0.75,0.015,268.84891350970315,-0.6218698195824133,-0.0018635784664487612,0.0,262665.9545832557,6289.009397600071,20408430.598515023,401.8124337958902,312.80746799847265
-2.3214285714285716,0.77,-0.005,268.84643788122276,-0.9182304761714648,0.010620956537585715,0.0,262667.2829231535,6289.013874614714,20408328.186298486,401.81411662989416,312.80812303356913
-2.3214285714285716,0.77,0.005,268.84643788122276,-0.9182199212537291,0.010624311922496963,0.0,262667.2801888463,6289.013874628079,20408327.240645844,401.8141124618645,312.8081214111852
-2.3214285714285716,0.77,0.015,268.84643788122276,-0.9182304761714648,0.010620956537585715,0.0,262667.2829231535,6289.013874614714,20408328.186298486,401.81411662989416,312.80812303356913
-2.3214285714285716,0.7900000000000001,-0.005,268.84462161379327,-1.2219459992851067,0.023662753800101393,0.0,262668.1775638523,6289.016567671131,20408234.59211358,401.8149876909611,312.80846208938937
-2.3214285714285716,0.7900000000000001,0.005,268.84462161379327,-1.2219349036680727,0.023665798441463652,0.0,262668.174680714,6289.016567681808,20408233.59650895,401.8149833011163,312.8084603806668
-2.3214285714285716,0.7900000000000001,0.015,268.84462161379327,-1.2219459992851067,0.023662753800101393,0.0,262668.1775638523,6289.016567671131,20408234.59211358,401.8149876909611,312.80846208938937
-2.3214285714285716,0.81,-0.005,268.8432173006141,-1.5331403313284668,0.03722639595736485,0.0,262668.88828716526,6289.018255057583,20408149.90610065,401.81541850892796,312.80862978282244
-2.3214285714285716,0.81,0.005,268.8432173006141,-1.5331287406478016,0.03722912097187095,0.0,262668.8852667789,6289.018255065413,20408148.86469626,401.8154139155264,312.8086279948676
-2.3214285714285716,0.81,0.015,268.8432173006141,-1.5331403313284668,0.03722639595736485,0.0,262668.88828716526,6289.018255057583,20408149.90610065,401.81541850892796,312.80862978282244
-2.3214285714285716,0.83,-0.005,268.8421103976557,-1.8518804005929728,0.05126868486406046,0.0,262669.5358893694,6289.01930015881,20408074.26520088,401.81558297213394,312.80869379916237
-2.3214285714285716,0.83,0.005,268.8421103976557,-1.8518683620040777,0.051271082648928025,0.0,262669.53274386656,6289.019300164091,20408073.18227897,401.81557819422324,312.80869193938884
-2.3214285714285716,0.83,0.015,268.8421103976557,-1.8518804005929728,0.05126868486406046,0.0,262669.5358893694,6289.01930015881,20408074.26520088,401.81558297213394,312.80869379916237
-2.3214285714285716,0.85,-0.005,268.84123223809183,-2.1782009823959645,0.0657407971717997,0.0,262670.1966225126,6289.019922808161,20408007.813571166,401.8155865474691,312.8086951908405
-2.3214285714285716,0.85,0.005,268.84123223809183,-2.17818854441982,0.06574286147282132,0.0,262670.19336445373,6289.019922811413,20408006.693525363,401.81558160469683,312.80869326689555
-2.3214285714285716,0.85,0.015,268.84123223809183,-2.1782009823959645,0.0657407971717997,0.0,262670.1966225126,6289.019922808161,20408007.813571166,401.8155865474691,312.8086951908405
-2.3214285714285716,0.87,-0.005,268.84053684454904,-2.5121255673896217,0.08058969145146767,0.0,262670.9245545178,6289.020271221602,20407950.679565184,401.81550048064537,312.80866168983516
-2.3214285714285716,0.87,0.005,268.84053684454904,-2.5121127805505004,0.0805914175337309,0.0,262670.92119676474,6289.0202712234095,20407949.526872754,401.81549539305513,312.8086597095204
-2.3214285714285716,0.87,0.015,268.84053684454904,-2.5121255673896217,0.08058969145146767,0.0,262670.9245545178,6289.020271221602,20407950.679565184,401.81550048064537,312.80866168983516
-2.3214285714285716,0.89,-0.005,268.8399922141221,-2.853675682752771,0.09575857757481868,0.0,262671.75959423435,6289.020448070089,20407902.937019702,401.81537405797656,312.80861248054765
-2.3214285714285716,0.89,0.005,268.8399922141221,-2.853662599868265,0.09575996195818565,0.0,262671.7561498003,6289.020448070974,20407901.75619957,401.81536884576957,312.8086104517262
-2.3214285714285716,0.89,0.015,268.8399922141221,-2.853675682752771,0.09575857757481868,0.0,262671.75959423435,6289.020448070089,20407902.937019702,401.81537405797656,312.80861248054765
-2.3214285714285716,0.9099999999999999,-0.005,268.8395765542255,-3.2028648515261064,0.11118674134115618,0.0,262672.7317814455,6289.020523855106,20407864.654470496,401.8152412018689,312.80856076707323
-2.3214285714285716,0.9099999999999999,0.005,268.8395765542255,-3.202851520004352,0.11118778104511315,0.0,262672.728263554,6289.020523855479,20407863.450117067,401.81523588552307,312.8085586977161
-2.3214285714285716,0.9099999999999999,0.015,268.8395765542255,-3.2028648515261064,0.11118674134115618,0.0,262672.7317814455,6289.020523855106,20407864.654470496,401.8152412018689,312.80856076707323
-2.3214285714285716,0.93,-0.005,268.83927533296134,-3.55969190508018,0.1268092113416128,0.0,262673.8637899362,6289.020545302414,20407835.86863589,401.81512435642054,312.80851528564864
-2.3214285714285716,0.93,0.005,268.83927533296134,-3.5596783738137416,0.12680990431058917,0.0,262673.86021202867,6289.020545302547,20407834.64541651,401.81511895667256,312.80851318382736
-2.3214285714285716,0.93,0.015,268.83927533296134,-3.55969190508018,0.1268092113416128,0.0,262673.8637899362,6289.020545302414,20407835.86863589,401.81512435642054,312.80851528564864
-2.3214285714285716,0.95,-0.005,268.8390797673003,-3.9241670619061844,0.14255792887325427,0.0,262675.1729660275,6289.020541307431,20407816.62215446,401.8150374891617,312.80848147305915
-2.3214285714285716,0.95,0.005,268.8390797673003,-3.924153381675651,0.14255827432685497,0.0,262675.1693416319,6289.020541307479,20407815.384760424,401.8150320267963,312.8084793468641
-2.3214285714285716,0.95,0.015,268.8390797673003,-3.9241670619061844,0.14255792887325427,0.0,262675.1729660275,6289.020541307431,20407816.62215446,401.8150374891617,312.80848147305915
-2.3214285714285716,0.9700000000000001,-0.005,268.8389847072506,-4.296297875159635,0.15836143910737868,0.0,262676.67252496426,6289.020527498363,20407806.898992654,401.8149879819173,312.80846220264243
-2.3214285714285716,0.9700000000000001,0.005,268.8389847072506,-4.296284097627965,0.1583614375254244,0.0,262676.6688676317,6289.0205274983955,20407805.652113277,401.8149824776696,312.80846006014485
-2.3214285714285716,0.9700000000000001,0.015,268.8389847072506,-4.296297875159635,0.15836143910737868,0.0,262676.67252496426,6289.020527498363,20407806.898992654,401.8149879819173,312.80846220264243
-2.3214285714285716,0.99,-0.005,268.83896079155124,-4.675525903513449,0.17409756586686972,0.0,262678.36788705946,6289.020523253327,20407804.43377245,401.81497507507436,312.8084571787261
-2.3214285714285716,0.99,0.005,268.83896079155124,-4.675512060222207,0.17409724774156266,0.0,262678.3642027995,6289.020523253648,20407803.179466963,401.8149695381819,312.80845502352173
-2.3214285714285716,0.99,0.015,268.83896079155124,-4.675525903513449,0.17409756586686972,0.0,262678.36788705946,6289.020523253327,20407804.43377245,401.81497507507436,312.8084571787261
-2.3214285714285716,1.01,-0.005,268.83922483558024,4.592104471086798e-06,-1.709912910575604e-07,0.0,262678.4427620874,6289.047763436603,20408680.69470996,401.83183335932273,312.81501910262483
-2.3214285714285716,1.01,0.005,268.8394888796093,4.675525903513449,-0.17409756586686972,0.0,262678.51763696835,6289.020524838441,20407856.155944154,401.8152041547042,312.8085463466763
-2.3214285714285716,1.01,0.015,268.83922483558024,4.592104471086798e-06,-1.709912910575604e-07,0.0,262678.4427620874,6289.047763436603,20408680.69470996,401.83183335932273,312.81501910262483
-2.25,-0.01,-0.005,270.1076133498442,4.948241925890132,0.0,0.0,261540.18559604298,6285.289141911352,20415156.033071533,400.0718586733681,312.12922143208283
-2.25,-0.01,0.005,270.1076133498442,4.948241925890132,0.004759237539224639,0.0,261540.18559604298,6285.289141883045,20415156.03218748,400.07185865604345,312.1292214253246
-2.25,-0.01,0.015,270.1076133498442,4.948241925890132,0.0,0.0,261540.18559604298,6285.289141911352,20415156.033071533,400.0718586733681,312.12922143208283
-2.25,0.01,-0.005,270.10761334984426,4.948241925890132,-0.004759237539224639,0.0,261540.18559604298,6285.289141883045,20415156.03218748,400.07185865604345,312.1292214253246
-2.25,0.01,0.005,270.10761334984426,4.948226239809706,-0.004758869338812923,0.0,261540.16736155798,6285.289069205432,20415157.56425615,400.07183088061504,312.12921059036734
-2.25,0.01,0.015,270.10761334984426,4.948241925890132,-0.004759237539224639,0.0,261540.18559604298,6285.289141883045,20415156.03218748,400.07185865604345,312.1292214253246
-2.25,0.03,-0.005,270.10199796408205,4.940199040799554,-0.014250790833617492,0.0,261545.3267966601,6285.306019063088,20415136.04382695,400.07978409125906,312.132313054514
-2.25,0.03,0.005,270.10199796408205,4.9401834188053755,-0.014249797569380112,0.0,261545.30863598257,6285.305946707213,20415137.566798713,400.0797564280791,312.13230226345075
-2.25,0.03,0.015,270.10199796408205,4.940199040799554,-0.014250790833617492,0.0,261545.3267966601,6285.306019063088,20415136.04382695,400.07978409125906,312.132313054514
-2.25,0.049999999999999996,-0.005,270.0908427172384,4.924165022436627,-0.02365485035300103,0.0,261555.53640888282,6285.339537071439,20415096.003847834,400.0955229295102,312.13845251952813
-2.25,0.049999999999999996,0.005,270.0908427172384,4.924149528519253,-0.023653200516213484,0.0,261555.51841214846,6285.3394653542955,20415097.514819648,400.0954955158121,312.13844182599496
-2.25,0.049999999999999996,0.015,270.0908427172384,4.924165022436627,-0.02365485035300103,0.0,261555.53640888282,6285.339537071439,20415096.003847834,400.0955229295102,312.13845251952813
-2.25,0.07,-0.005,270.07424088502347,4.9001444692432035,-0.03291621758550064,0.0,261570.7282683198,6285.389413260466,20415036.109739006,400.1189427450562,312.1475879854231
-2.25,0.07,0.005,270.07424088502347,4.900129166746359,-0.03291391972163912,0.0,261570.71051548616,6285.389342494205,20415037.602782346,400.1189157025166,312.14757743698016
-2.25,0.07,0.015,270.07424088502347,4.9001444692432035,-0.03291621758550064,0.0,261570.7282683198,6285.389413260466,20415036.109739006,400.1189427450562,312.1475879854231
-2.25,0.09,-0.005,270.05233061671714,4.868139658832346,-0.0419804555547278,0.0,261590.77494335803,6285.455229576849,20414956.669560622,400.1498477118331,312.1596428065429
-2.25,0.09,0.005,270.05233061671714,4.868124610141901,-0.041977521512791056,0.0,261590.75751243538,6285.455160066443,20414958.138836406,400.14982115916956,312.15963244958516
-2.25,0.09,0.015,270.05233061671714,4.868139658832346,-0.0419804555547278,0.0,261590.77494335803,6285.455229576849,20414956.669560622,400.1498477118331,312.1596428065429
-2.25,0.11,-0.005,270.02529503998994,4.828153232030555,-0.050794043504563756,0.0,261615.5074324512,6285.536431739099,20414858.093549706,400.1879781202019,312.1745153488957
-2.25,0.11,0.005,270.02529503998994,4.8281384982621915,-0.05079048837713938,0.0,261615.49039885227,6285.536363779975,20414859.533335995,400.1879521721848,312.17450522826465
-2.25,0.11,0.015,270.02529503998994,4.828153232030555,-0.050794043504563756,0.0,261615.5074324512,6285.536431739099,20414858.093549706,400.1879781202019,312.1745153488957
-2.25,0.13,-0.005,269.9933614925118,4.780188313451737,-0.05930457513762347,0.0,261644.71573676594,6285.632331285952,20414740.8883836,400.2330112522181,312.19207934564304
-2.25,0.13,0.005,269.9933614925118,4.780173954149128,-0.059300417143128656,0.0,261644.69917265288,6285.632265161625,20414742.29310257,400.23298601867776,312.1920695042365
-2.25,0.13,0.015,269.9933614925118,4.780188313451737,-0.05930457513762347,0.0,261644.71573676594,6285.632331285952,20414740.8883836,400.2330112522181,312.19207934564304
-2.25,0.15,-0.005,269.9568005456032,4.724248512790742,-0.06746098768440745,0.0,261678.14964411847,6285.742108315866,20414605.65378184,400.2845625810575,312.21218438181813
-2.25,0.15,0.005,269.9568005456032,4.724234585634129,-0.06745624803847332,0.0,261678.13361774938,6285.742044295572,20414607.0180266,400.28453816589007,312.21217486020083
-2.25,0.15,0.015,269.9568005456032,4.724248512790742,-0.06746098768440745,0.0,261678.14964411847,6285.742108315866,20414605.65378184,400.2845625810575,312.21218438181813
-2.25,0.17,-0.005,269.9159247718784,4.660337925409519,-0.07521378149854471,0.0,261715.51973106066,6285.864814964129,20414453.07804408,400.34218730420037,312.23465651154385
-2.25,0.17,0.005,269.9159247718784,4.660324485937528,-0.07520848426249929,0.0,261715.5043061342,6285.864753300478,20414454.396604076,400.34216380437056,312.23464734755663
-2.25,0.17,0.015,269.9159247718784,4.660337925409519,-0.07521378149854471,0.0,261715.51973106066,6285.864814964129,20414453.07804408,400.34218730420037,312.23465651154385
-2.25,0.19,-0.005,269.87108723100323,4.588461125834705,-0.08251523083163273,0.0,261756.49861713362,6285.999379717548,20414283.93291397,400.40538226246605,312.2592990274994
-2.25,0.19,0.005,269.87108723100323,4.588448227180812,-0.08250940274257686,0.0,261756.4838521344,6285.999320644192,20414285.20079909,400.405359767011,312.2592902558702
-2.25,0.19,0.015,269.87108723100323,4.588461125834705,-0.08251523083163273,0.0,261756.49861713362,6285.999379717548,20414283.93291397,400.40538226246605,312.2592990274994
-2.25,0.21000000000000002,-0.005,269.8226796352181,4.508623158217748,-0.08931958531227462,0.0,261800.72251503952,6286.144612699057,20414099.067925926,400.47358831179855,312.2858934080788
-2.25,0.21000000000000002,0.005,269.8226796352181,4.508610850860075,-0.0893132555959714,0.0,261800.7084625868,6286.144556428396,20414100.280389085,400.4735669008358,312.28588506003547
-2.25,0.21000000000000002,0.015,269.8226796352181,4.508623158217748,-0.08931958531227462,0.0,261800.72251503952,6286.144612699057,20414099.067925926,400.47358831179855,312.2858934080788
-2.25,0.23,-0.005,269.77113015084643,4.420829539277221,-0.09558326172059094,0.0,261847.79312357216,6286.2992120654935,20413899.404175527,400.54619321935695,312.3142004694122
-2.25,0.23,0.005,269.77113015084643,4.420817870808029,-0.09557646188949483,0.0,261847.779829777,6286.299158786425,20413900.55673363,400.546172963105,312.31419257230147
-2.25,0.23,0.015,269.77113015084643,4.420829539277221,-0.09558326172059094,0.0,261847.79312357216,6286.2992120654935,20413899.404175527,400.54619321935695,312.3142004694122
-2.25,0.25,-0.005,269.71690078413474,4.325086250704204,-0.10126502592983179,0.0,261897.27992112937,6286.461771694807,20413685.927691028,400.6225351725355,312.3439617560123
-2.25,0.25,0.005,269.71690078413474,4.325075265618306,-0.10125778956891161,0.0,261897.2674249651,6286.461721570545,20413687.01614419,400.62251613035403,312.34395433292707
-2.25,0.25,0.015,269.71690078413474,4.325086250704204,-0.10126502592983179,0.0,261897.27992112937,6286.461771694807,20413685.927691028,400.6225351725355,312.3439617560123
-2.25,0.27,-0.005,269.6604842971786,4.221399739510507,-0.106326164111158,0.0,261948.72291979924,6286.630790345319,20413459.68251203,400.7019069925654,312.3749012049251
-2.25,0.27,0.005,269.6604842971786,4.221389479011992,-0.10631852665318914,0.0,261948.71125249454,6286.630743511308,20413460.702960968,400.70188921203004,312.37489427434525
-2.25,0.27,0.015,269.6604842971786,4.221399739510507,-0.106326164111158,0.0,261948.72291979924,6286.630790345319,20413459.68251203,400.7019069925654,312.3749012049251
-2.25,0.29,-0.005,269.60240058748843,4.109776907101495,-0.11073064167988053,0.0,262001.6359511189,6286.80468250615,20413221.76351604,400.7835611615998,312.4067271249502
-2.25,0.29,0.005,269.60240058748843,4.109767408930924,-0.11072264017257649,0.0,262001.6251355821,6286.804639068107,20413222.712377585,400.7835446776231,312.4067207004037
-2.25,0.29,0.015,269.60240058748843,4.109776907101495,-0.11073064167988053,0.0,262001.6359511189,6286.80468250615,20413221.76351604,400.7835611615998,312.4067271249502
-2.25,0.31,-0.005,269.5431924628011,3.990225129142058,-0.11444525141340801,0.0,262055.51055553067,6286.981791160818,20412973.308929875,400.8667157731975,312.43913453287445
-2.25,0.31,0.005,269.5431924628011,3.9902164274254264,-0.11443692428076276,0.0,262055.5006058181,6286.981751192932,20412974.182950467,400.8667006072175,312.43912862262357
-2.25,0.31,0.015,269.5431924628011,3.990225129142058,-0.11444525141340801,0.0,262055.51055553067,6286.981791160818,20412973.308929875,400.8667157731975,312.43913453287445
-2.25,0.33,-0.005,269.4834207354277,3.862752225698288,-0.11743974841289732,0.0,262109.82056037025,6287.160402724454,20412715.492954567,400.95056153650717,312.4718078966161
-2.25,0.33,0.005,269.4834207354277,3.8627443508167794,-0.11743113521302723,0.0,262109.81148121416,6287.160366267813,20412716.28922178,400.95054769576615,312.47180250338084
-2.25,0.33,0.015,269.4834207354277,3.862752225698288,-0.11743974841289732,0.0,262109.82056037025,6287.160402724454,20412715.492954567,400.95056153650717,312.4718078966161
-2.25,0.35000000000000003,-0.005,269.4236585580723,3.7273664678518124,-0.11968697196789704,0.0,262164.02742452,6287.338764398549,20412449.51820281,401.0342699531251,312.5044243308128
-2.25,0.35000000000000003,0.005,269.4236585580723,3.7273594463336415,-0.11967811314965004,0.0,262164.0192109329,6287.33873145982,20412450.234154824,401.0342574300644,312.5044194515391
-2.25,0.35000000000000003,0.015,269.4236585580723,3.7273664678518124,-0.11968697196789704,0.0,262164.02742452,6287.338764398549,20412449.51820281,401.0342699531251,312.5044243308128
-2.25,0.37,-0.005,269.3644849191526,3.58407659509361,-0.12116295666028117,0.0,262217.58643649856,6287.515104213145,20412176.608112678,401.1170027995612,312.53665729591336
-2.25,0.37,0.005,269.3644849191526,3.58407044952916,-0.12115389332093598,0.0,262217.5790734764,6287.515074763603,20412177.24154574,401.1169915713667,312.53665292160065
-2.25,0.37,0.015,269.3644849191526,3.58407659509361,-0.12116295666028117,0.0,262217.58643649856,6287.515104213145,20412176.608112678,401.1170027995612,312.53665729591336
-2.25,0.39,-0.005,269.30647722101173,3.4328917995668045,-0.12184703031103014,0.0,262269.9538491026,6287.687654014449,20411897.999699034,401.19792304271715,312.5681808498197
-2.25,0.39,0.005,269.30647722101173,3.4328865485436117,-0.1218378039571463,0.0,262269.9473114507,6287.687627989408,20411898.548772894,401.19791307105226,312.5681769654213
-2.25,0.39,0.015,269.30647722101173,3.4328917995668045,-0.12184703031103014,0.0,262269.9538491026,6287.687654014449,20411897.999699034,401.19792304271715,312.5681808498197
-2.25,0.41,-0.005,269.25020286465224,3.2738216970088025,-0.12172189661701481,0.0,262320.5950256215,6287.854675635961,20411614.936474837,401.27620730299594,312.5986744963358
-2.25,0.41,0.005,269.25020286465224,3.273817355068076,-0.12171254893038493,0.0,262320.58927793166,6287.854652934715,20411615.39971617,401.2761985339642,312.5986710807486
-2.25,0.41,0.015,269.25020286465224,3.2738216970088025,-0.12172189661701481,0.0,262320.5950256215,6287.854675635961,20411614.936474837,401.27620730299594,312.5986744963358
-2.25,0.43,-0.005,269.19620978451724,3.106876326352839,-0.12077370469938777,0.0,262368.99365345534,6288.014490430754,20411328.66151691,401.3510599502261,312.6278286634636
-2.25,0.43,0.005,269.19620978451724,3.106872903967208,-0.12076427731000457,0.0,262368.9886502657,6288.014470917119,20411329.03782088,401.35105231461387,312.62782568962706
-2.25,0.43,0.015,269.19620978451724,3.106876326352839,-0.12077370469938777,0.0,262368.99365345534,6288.014490430754,20411328.66151691,401.3510599502261,312.6278286634636
-2.25,0.45,-0.005,269.14501589375243,2.932066299667153,-0.11899211729824229,0.0,262414.66205644957,6288.165512271004,20411040.410173647,401.42172887980615,312.6553508301836
-2.25,0.45,0.005,269.14501589375243,2.932063803243592,-0.11898265156629621,0.0,262414.6577426213,6288.165495774554,20411040.6988035,401.42172229365605,312.6553482653061
-2.25,0.45,0.015,269.14501589375243,2.932066299667153,-0.11899211729824229,0.0,262414.66205644957,6288.165512271004,20411040.410173647,401.42172887980615,312.6553508301836
-2.25,0.47,-0.005,269.09709744888977,2.7494025864044764,-0.11637035816341089,0.0,262457.15262119763,6288.306284053669,20410751.404679548,401.48752299487234,312.6809723122955
-2.25,0.47,0.005,269.09709744888977,2.7494010183026214,-0.11636089497173105,0.0,262457.14893254737,6288.306270371815,20410751.605264463,401.4875173604466,312.68097011823266
-2.25,0.47,0.015,269.09709744888977,2.7494025864044764,-0.11637035816341089,0.0,262457.15262119763,6288.306284053669,20410751.404679548,401.48752299487234,312.6809723122955
-2.25,0.49000000000000005,-0.005,269.05287638988597,2.5588965566901503,-0.11290524424736932,0.0,262496.07024586265,6288.435517445624,20410462.848126985,401.5478312514424,312.7044556525362
-2.25,0.49000000000000005,0.005,269.05287638988597,2.558895915259708,-0.1128958238055497,0.0,262496.0671100861,6288.435506346626,20410462.960658185,401.5478264586322,312.7044537863412
-2.25,0.49000000000000005,0.015,269.05287638988597,2.5588965566901503,-0.11290524424736932,0.0,262496.07024586265,6288.435517445624,20410462.848126985,401.5478312514424,312.7044556525362
-2.25,0.51,-0.005,269.01270679706533,2.360560059293891,-0.10859721322786046,0.0,262531.085676035,6288.552135441456,20410175.918758996,401.6021430605875,312.72560253610663
-2.25,0.51,0.005,269.01270679706533,2.360560338930131,-0.10858787488921409,0.0,262531.0830139607,6288.552126668494,20410175.94358424,401.60213898882597,312.72560095077637
-2.25,0.51,0.015,269.01270679706533,2.360560059293891,-0.10859721322786046,0.0,262531.085676035,6288.552135441456,20410175.918758996,401.6021430605875,312.72560253610663
-2.25,0.53,-0.005,268.97686072441957,2.1544053960250564,-0.10345034333908366,0.0,262561.9494665475,6288.655316912523,20409891.76488904,401.65006964879234,312.74426207802156
-2.25,0.53,0.005,268.97686072441957,2.1544065872470646,-0.10344112543177289,0.0,262561.9471937516,6288.655310188939,20409891.702705566,401.6500661695199,312.7442607234563
-2.25,0.53,0.015,268.97686072441957,2.1544053960250564,-0.10345034333908366,0.0,262561.9494665475,6288.655316912523,20409891.76488904,401.65006964879234,312.74426207802156
-2.25,0.55,-0.005,268.94551385675663,1.940445188549888,-0.09747235582155456,0.0,262588.5061259117,6288.744541740651,20409611.500980627,401.69136569810576,312.7603392201566
-2.25,0.55,0.005,268.94551385675663,1.9404472780906505,-0.09746329549448338,0.0,262588.50415471965,6288.7445367764285,20409611.35282671,401.6913626778269,312.76033804434906
-2.25,0.55,0.015,268.94551385675663,1.940445188549888,-0.09747235582155456,0.0,262588.5061259117,6288.744541740651,20409611.500980627,401.69136569810576,312.7603392201566
-2.25,0.57,-0.005,268.91873164138946,1.7186926004719532,-0.09067462031972737,0.0,262610.7077673815,6288.819634406763,20409336.20278937,401.7259502304985,312.7738028369967
-2.25,0.57,0.005,268.91873164138946,1.718695571385847,-0.09066575340371402,0.0,262610.7060092605,6288.8196309062605,20409335.970034506,401.72594753443514,312.7738017874529
-2.25,0.57,0.015,268.91873164138946,1.7186926004719532,-0.09067462031972737,0.0,262610.7077673815,6288.819634406763,20409336.20278937,401.7259502304985,312.7738028369967
-2.25,0.59,-0.005,268.89645690659853,1.489161039391344,-0.08307213817861035,0.0,262628.6263049341,6288.88080294637,20409066.90491448,401.7539252680893,312.7846929805925
-2.25,0.59,0.005,268.89645690659853,1.4891648711730756,-0.0830634990631093,0.0,262628.6246732596,6288.880800617265,20409066.589248456,401.7539227644073,312.7846920059743
-2.25,0.59,0.015,268.89645690659853,1.489161039391344,-0.08307213817861035,0.0,262628.6263049341,6288.88080294637,20409066.90491448,401.7539252680893,312.7846929805925
-2.25,0.61,-0.005,268.8785003875462,1.2518643750418896,-0.07468353019984897,0.0,262642.4627455124,6288.928668672997,20408804.596806835,401.7755900499039,312.79312640258206
-2.25,0.61,0.005,268.8785003875462,1.2518690437634552,-0.07467515172570832,0.0,262642.461158646,6288.928667236227,20408804.2002276,401.77558761441446,312.79312545453496
-2.25,0.61,0.015,268.8785003875462,1.2518643750418896,-0.07468353019984897,0.0,262642.4627455124,6288.928668672997,20408804.596806835,401.7755900499039,312.79312640258206
-2.25,0.63,-0.005,268.86453623793534,1.0068165836362324,-0.06553099957661526,0.0,262652.55159369815,6288.964280282849,20408550.221608773,401.7914477733628,312.79929917424687
-2.25,0.63,0.005,268.86453623793534,1.006822062086157,-0.06552291294459273,0.0,262652.54997825524,6288.964279483176,20408549.746409357,401.79144529451503,312.79929820934103
-2.25,0.63,0.015,268.86453623793534,1.0068165836362324,-0.06553099957661526,0.0,262652.55159369815,6288.964280282849,20408550.221608773,401.7914477733628,312.79929917424687
-2.25,0.65,-0.005,268.8541053480055,0.7540323893171695,-0.05564033057856172,0.0,262659.3575325253,6288.989103294733,20408304.671499588,401.8022005183677,312.80348471455335
-2.25,0.65,0.005,268.8541053480055,0.7540386471578798,-0.055632565275817204,0.0,262659.3558266191,6288.989102911246,20408304.120253872,401.80219790220355,312.80348369620987
-2.25,0.65,0.015,268.8541053480055,0.7540323893171695,-0.05564033057856172,0.0,262659.3575325253,6288.989103294733,20408304.671499588,401.8022005183677,312.80348471455335
-2.25,0.67,-0.005,268.8466305511092,0.4935263419720999,-0.04504083356285709,0.0,262663.4605273541,6289.004972367683,20408068.78976798,401.8087264643732,312.8060249325515
-2.25,0.67,0.005,268.8466305511092,0.49353334585634323,-0.04503341731590036,0.0,262663.4586834687,6289.004972223132,20408068.16531477,401.8087236389163,312.8060238327497
-2.25,0.67,0.015,268.8466305511092,0.4935263419720999,-0.04504083356285709,0.0,262663.4605273541,6289.004972367683,20408068.78976798,401.8087264643732,312.8060249325515
-2.25,0.69,-0.005,268.84144993292864,0.2253152459162757,-0.03376533118208903,0.0,262665.5231851723,6289.013986755351,20407843.370629523,401.81202995947996,312.8073108068752
-2.25,0.69,0.005,268.84144993292864,0.22532295986683948,-0.03375828992758513,0.0,262665.5211721253,6289.013986722554,20407842.676057786,401.8120268777301,312.80730960731694
-2.25,0.69,0.015,268.84144993292864,0.2253152459162757,-0.03376533118208903,0.0,262665.5231851723,6289.013986755351,20407843.370629523,401.81202995947996,312.8073108068752
-2.25,0.71,-0.005,268.8379624801044,-0.05030831089659548,-0.021849873172950632,0.0,262666.15740875487,6289.0180762379005,20407629.86460117,401.81303756311974,312.8077030121401
-2.25,0.71,0.005,268.8379624801044,-0.05029991930933344,-0.02184323099077863,0.0,262666.1552113287,6289.018076238509,20407629.103253182,401.81303420247906,312.8077017040264
-2.25,0.71,0.015,268.8379624801044,-0.05030831089659548,-0.021849873172950632,0.0,262666.15740875487,6289.0180762379005,20407629.86460117,401.81303756311974,312.8077030121401
-2.25,0.7300000000000001,-0.005,268.83557341562715,-0.33183426110562614,-0.009322849546924222,0.0,262666.0029364994,6289.019236829601,20407432.392959468,401.8127192706933,312.8075791182726
-2.25,0.7300000000000001,0.005,268.83557341562715,-0.33182520791351544,-0.009316628730552327,0.0,262666.0005543247,6289.019236830766,20407431.568401918,401.81271563125046,312.8075777016358
-2.25,0.7300000000000001,0.015,268.83557341562715,-0.33183426110562614,-0.009322849546924222,0.0,262666.0029364994,6289.019236829601,20407432.392959468,401.8127192706933,312.8075791182726
-2.25,0.75,-0.005,268.8334994773664,-0.620502292938729,0.0038717765037407426,0.0,262665.7994882243,6289.019845512537,20407248.522554785,401.8121978302634,312.8073761498701
-2.25,0.75,0.005,268.8334994773664,-0.6204926160092616,0.0038775564347451473,0.0,262665.7969315054,6289.01984551367,20407247.638534762,401.81219392827876,312.8073746310391
-2.25,0.75,0.015,268.8334994773664,-0.620502292938729,0.0038717765037407426,0.0,262665.7994882243,6289.019845512537,20407248.522554785,401.8121978302634,312.8073761498701
-2.25,0.7699999999999999,-0.005,268.83165769212513,-0.916432765122511,0.01771208921057787,0.0,262665.6370600569,6289.020168834227,20407078.455768105,401.8116012430753,312.80714393075976
-2.25,0.7699999999999999,0.005,268.83165769212513,-0.9164225061311376,0.017717410740444663,0.0,262665.6343396962,6289.020168835162,20407077.51622201,401.81159709584676,312.8071423164675
-2.25,0.7699999999999999,0.015,268.83165769212513,-0.916432765122511,0.01771208921057787,0.0,262665.6370600569,6289.020168834227,20407078.455768105,401.8116012430753,312.80714393075976
-2.25,0.79,-0.005,268.83000804326576,-1.2196197068398769,0.032164200736244944,0.0,262665.5669240949,6289.020346424056,20406922.635877848,401.81099805121676,312.8069091406333
-2.25,0.79,0.005,268.83000804326576,-1.2196089096903637,0.032169048347109784,0.0,262665.56405154534,6289.020346424768,20406921.64490862,401.8109936768454,312.8069074379253
-2.25,0.79,0.015,268.83000804326576,-1.2196197068398769,0.032164200736244944,0.0,262665.5669240949,6289.020346424056,20406922.635877848,401.81099805121676,312.8069091406333
-2.25,0.81,-0.005,268.8285319384599,-1.5301638929991388,0.04719224155861542,0.0,262665.6175805603,6289.02044540421,20406781.33889754,401.8104214823333,312.80668471323344
-2.25,0.81,0.005,268.8285319384599,-1.5301526034908828,0.047196601761946226,0.0,262665.6145677623,6289.020445404724,20406780.300762035,401.8104168996227,312.8066829294289
-2.25,0.81,0.015,268.8285319384599,-1.5301638929991388,0.04719224155861542,0.0,262665.6175805603,6289.02044540421,20406781.33889754,401.8104214823333,312.80668471323344
-2.25,0.83,-0.005,268.82722223469847,-1.8481159205817477,0.06275284527570225,0.0,262665.8068187734,6289.020497717552,20406654.86291159,401.8098880857307,312.80647709034787
-2.25,0.83,0.005,268.82722223469847,-1.8481041863366552,0.06275670682335602,0.0,262665.8036780741,6289.02049771791,20406653.781993937,401.8098833140558,312.8064752329885
-2.25,0.83,0.015,268.82722223469847,-1.8481159205817477,0.06275284527570225,0.0,262665.8068187734,6289.020497717552,20406654.86291159,401.8098880857307,312.80647709034787
-2.25,0.85,-0.005,268.8260757506798,-2.1734980319861203,0.07879731839740137,0.0,262666.1483192418,6289.020521887988,20406543.474786058,401.80940787380337,312.8062901693057
-2.25,0.85,0.005,268.8260757506798,-2.173485903990994,0.07880067226798175,0.0,262666.1450632373,6289.020521888236,20406542.355541706,401.80940293285687,312.8062882460566
-2.25,0.85,0.015,268.8260757506798,-2.1734980319861203,0.07879731839740137,0.0,262666.1483192418,6289.020521887988,20406543.474786058,401.80940787380337,312.8062901693057
-2.25,0.87,-0.005,268.8250910764956,-2.506323213677709,0.09527281771149183,0.0,262666.6535522828,6289.020529275788,20406447.391036697,401.8089872204997,312.80612643118604
-2.25,0.87,0.005,268.8250910764956,-2.5063107410930208,0.09527565640368038,0.0,262666.6501939344,6289.020529275963,20406446.23803632,401.8089821304795,312.8061244499095
-2.25,0.87,0.015,268.8250910764956,-2.506323213677709,0.09527281771149183,0.0,262666.6535522828,6289.020529275788,20406447.391036697,401.8089872204997,312.80612643118604
-2.25,0.89,-0.005,268.8242677360411,-2.8465972573932374,0.11212230928265915,0.0,262667.3326263397,6289.020526798838,20406366.78089137,401.8086301725012,312.80598745118596
-2.25,0.89,0.005,268.8242677360411,-2.846584486899738,0.11212462644337116,0.0,262667.32917891815,6289.0205267989695,20406365.59880232,401.8086249540274,312.8059854199082
-2.25,0.89,0.015,268.8242677360411,-2.8465972573932374,0.11212230928265915,0.0,262667.3326263397,6289.020526798838,20406366.78089137,401.8086301725012,312.80598745118596
-2.25,0.9099999999999999,-0.005,268.8236058980231,-3.194321107013206,0.1292846500637858,0.0,262668.1948375265,6289.020518515034,20406301.78738673,401.8083392969354,312.8058742285867
-2.25,0.9099999999999999,0.005,268.8236058980231,-3.194308086769842,0.12928644098937903,0.0,262668.19131464965,6289.020518515142,20406300.58098186,401.80833397109063,312.8058721555143
-2.25,0.9099999999999999,0.015,268.8236058980231,-3.194321107013206,0.1292846500637858,0.0,262668.1948375265,6289.020518515034,20406301.78738673,401.8083392969354,312.8058742285867
-2.25,0.93,-0.005,268.8231061951571,-3.5494840831406465,0.14669498943353562,0.0,262669.249006482,6289.02050666856,20406252.542416774,401.808116246737,312.8057874068172
-2.25,0.93,0.005,268.8231061951571,-3.5494708644322133,0.1466962515312059,0.0,262669.2454219312,6289.020506668656,20406251.31650708,401.8081108347692,312.80578530022103
-2.25,0.93,0.015,268.8231061951571,-3.5494840831406465,0.14669498943353562,0.0,262669.249006482,6289.02050666856,20406252.542416774,401.808116246737,312.8057874068172
-2.25,0.9500000000000001,-0.005,268.82276898083745,-3.912086906494196,0.16428624305022543,0.0,262670.5036369909,6289.020492436112,20406219.11724957,401.80796189803596,312.8057273269313
-2.25,0.9500000000000001,0.005,268.82276898083745,-3.9120735404002764,0.16428697565720368,0.0,262670.500004646,6289.020492436209,20406217.87666326,401.8079564212687,312.80572519511173
-2.25,0.9500000000000001,0.015,268.82276898083745,-3.912086906494196,0.16428624305022543,0.0,262670.5036369909,6289.020492436112,20406219.11724957,401.80796189803596,312.8057273269313
-2.25,0.97,-0.005,268.8225939592642,-4.282124515839956,0.18198808417933346,0.0,262671.96697189787,6289.020476459929,20406201.5029696,401.807876517991,312.8056940929352
-2.25,0.97,0.005,268.8225939592642,-4.28211105352028,0.1819882884722948,0.0,262671.96330570034,6289.020476460039,20406200.25253759,401.80787099776137,312.8056919441977
-2.25,0.97,0.015,268.8225939592642,-4.282124515839956,0.18198808417933346,0.0,262671.96697189787,6289.020476459929,20406201.5029696,401.807876517991,312.8056940929352
-2.25,0.99,-0.005,268.82255519628364,-4.6588464926795,0.1996714683400212,0.0,262673.6423440831,6289.020473451941,20406197.623828106,401.80785795837244,312.8056868686437
-2.25,0.99,0.005,268.82255519628364,-4.658832961461845,0.19967117604432166,0.0,262673.6386505597,6289.020473452388,20406196.365792885,401.8078524047365,312.80568470690287
-2.25,0.99,0.015,268.82255519628364,-4.6588464926795,0.1996714683400212,0.0,262673.6423440831,6289.020473451941,20406197.623828106,401.80785795837244,312.8056868686437
-2.25,1.01,-0.005,268.8228455114572,5.031323004092275e-06,-2.1563527657840715e-07,0.0,262673.7246494856,6289.047532300699,20407070.72733756,401.82461583581056,312.81220976833845
-2.25,1.01,0.005,268.8231358266308,4.6588464926794995,-0.1996714683400212,0.0,262673.80695471034,6289.020475078346,20406254.487818662,401.80810977115704,312.80578488621245
-2.25,1.01,0.015,268.8228455114572,5.031323004092275e-06,-2.1563527657840715e-07,0.0,262673.7246494856,6289.047532300699,20407070.72733756,401.82461583581056,312.81220976833845
-2.178571428571429,-0.01,-0.005,269.3100215056288,4.956140752183749,4.122472393423611e-19,0.0,262339.4330932428,6287.842429187578,20417076.680871215,401.2944461284946,312.6057785406169
-2.178571428571429,-0.01,0.005,269.3100215056288,4.956140752183748,0.004981992680197629,0.0,262339.4330932428,6287.8424291566525,20417076.679905333,401.29444610951026,312.6057785332225
-2.178571428571429,-0.01,0.015,269.3100215056288,4.956140752183749,4.122472393423611e-19,0.0,262339.4330932428,6287.842429187578,20417076.680871215,401.2944461284946,312.6057785406169
-2.178571428571429,0.01,-0.005,269.31002150562875,4.956140752183748,-0.004981992680197629,0.0,262339.4330932428,6287.8424291566525,20417076.67990533,401.29444610951026,312.6057785332226
-2.178571428571429,0.01,0.005,269.31002150562875,4.956124716262226,-0.004981507159647235,0.0,262339.428795802,6287.842400896956,20417078.269778594,401.2944396570908,312.605776020026
-2.178571428571429,0.01,0.015,269.31002150562875,4.956140752183748,-0.004981992680197629,0.0,262339.4330932428,6287.8424291566525,20417076.67990533,401.29444610951026,312.6057785332226
-2.178571428571429,0.030000000000000002,-0.005,269.3075960687095,4.948039405217006,-0.014917480398026171,0.0,262341.3994555489,6287.849130253391,20417048.968913678,401.29751536852257,312.6069739973982
-2.178571428571429,0.030000000000000002,0.005,269.3075960687095,4.9480234336265685,-0.014916139514463638,0.0,262341.3951814429,6287.849102153103,20417050.549519178,401.2975089511407,312.6069714978583
-2.178571428571429,0.030000000000000002,0.015,269.3075960687095,4.948039405217006,-0.014917480398026171,0.0,262341.3994555489,6287.849130253391,20417048.968913678,401.29751536852257,312.6069739973982
-2.178571428571429,0.05,-0.005,269.30278519321996,4.931902232572044,-0.024760398084876,0.0,262345.29362528614,6287.862407001426,20416993.52494643,401.3035941155052,312.6093416316734
-2.178571428571429,0.05,0.005,269.30278519321996,4.931886389528286,-0.024758170840854868,0.0,262345.28941532556,6287.862379216879,20416995.093416404,401.3035877949393,312.6093391698614
-2.178571428571429,0.05,0.015,269.30278519321996,4.931902232572044,-0.024760398084876,0.0,262345.29362528614,6287.862407001426,20416993.52494643,401.3035941155052,312.6093416316734
-2.178571428571429,0.07,-0.005,269.2956427521493,4.907735570907129,-0.0344521450464725,0.0,262351.06726034824,6287.882099957297,20416910.623732857,401.31260776380265,312.6128523588126
-2.178571428571429,0.07,0.005,269.2956427521493,4.907719919972848,-0.03444904295466734,0.0,262351.06314520165,6287.882072641217,20416912.174070455,401.3126015863295,312.61284995276117
-2.178571428571429,0.07,0.015,269.2956427521493,4.907735570907129,-0.0344521450464725,0.0,262351.06726034824,6287.882099957297,20416910.623732857,401.31260776380265,312.6128523588126
-2.178571428571429,0.09,-0.005,269.28624827625526,4.87554290655675,-0.04393492928496007,0.0,262358.6492575415,6287.9079744884575,20416800.69156256,401.3244466375278,312.6174634235008
-2.178571428571429,0.09,0.005,269.28624827625526,4.875527510327216,-0.04393096831803693,0.0,262358.6452664729,6287.907947788261,20416802.21786002,401.32444064729486,312.61746109041167
-2.178571428571429,0.09,0.015,269.28624827625526,4.87554290655675,-0.04393492928496007,0.0,262358.6492575415,6287.9079744884575,20416800.69156256,401.3244466375278,312.6174634235008
-2.178571428571429,0.11,-0.005,269.27470640350305,4.83532837559119,-0.053151891233104244,0.0,262367.9461025771,6287.939721978074,20416664.293277852,401.33896648074426,312.6231185929503
-2.178571428571429,0.11,0.005,269.27470640350305,4.835313295380783,-0.05314709172394489,0.0,262367.9422629942,6287.939696034176,20416665.789743386,401.33896071908566,312.6231163489274
-2.178571428571429,0.11,0.015,269.27470640350305,4.83532837559119,-0.053151891233104244,0.0,262367.9461025771,6287.939721978074,20416664.293277852,401.33896648074426,312.6231185929503
-2.178571428571429,0.13,-0.005,269.26114578614397,4.787096914914718,-0.062047336542188004,0.0,262378.8428500566,6287.976963047651,20416502.12735103,401.35598995586344,312.62974874338676
-2.178571428571429,0.13,0.005,269.26114578614397,4.787082210449294,-0.062041723035172074,0.0,262378.8391870784,6287.976937991841,20416503.588336248,401.3559844606439,312.62974660318065
-2.178571428571429,0.13,0.015,269.26114578614397,4.787096914914718,-0.062047336542188004,0.0,262378.8428500566,6287.976963047651,20416502.12735103,401.35598995586344,312.62974874338676
-2.178571428571429,0.15,-0.005,269.24571771650557,4.730854256925014,-0.07056696950156328,0.0,262391.20436920004,6288.019251643532,20416315.020653196,401.3753085498281,312.63727260581067
-2.178571428571429,0.15,0.005,269.24571771650557,4.730839986048055,-0.07056057057443985,0.0,262391.20090524474,6288.0192275974005,20416316.44067967,401.37530335481836,312.637270582575
-2.178571428571429,0.15,0.015,269.24571771650557,4.730854256925014,-0.07056696950156328,0.0,262391.20436920004,6288.019251643532,20416315.020653196,401.3753085498281,312.63727260581067
-2.178571428571429,0.16999999999999998,-0.005,269.2285944666444,4.666606931987277,-0.07865811963811191,0.0,262404.87685316463,6288.066079982383,20416103.922220364,401.39668488355613,312.6455976691046
-2.178571428571429,0.16999999999999998,0.005,269.2285944666444,4.666593150378879,-0.07865096769630109,0.0,262404.87360756216,6288.066057055868,20416105.29600501,401.39668001784565,312.6455957741675
-2.178571428571429,0.16999999999999998,0.015,269.2285944666444,4.666606931987277,-0.07865811963811191,0.0,262404.87685316463,6288.066079982383,20416103.922220364,401.39668488355613,312.6455976691046
-2.178571428571429,0.19000000000000003,-0.005,269.20996733685166,4.594362253630336,-0.08626995623828947,0.0,262419.6895980302,6288.116884373646,20415869.896012876,401.41985543413034,312.6546212439949
-2.178571428571429,0.19000000000000003,0.005,269.20996733685166,4.594349014540003,-0.08626208728004653,0.0,262419.68658666534,6288.11686266367,20415871.218491822,401.4198509215864,312.6546194866482
-2.178571428571429,0.19000000000000003,0.015,269.20996733685166,4.594362253630336,-0.08626995623828947,0.0,262419.6895980302,6288.116884373646,20415869.896012876,401.41985543413034,312.6546212439949
-2.178571428571429,0.21,-0.005,269.19004441873346,4.514128301409726,-0.09335370435185451,0.0,262435.4570620351,6288.171051940047,20415614.113804784,401.44453368581185,312.6642316939331
-2.178571428571429,0.21,0.005,269.19004441873346,4.514115655405086,-0.09334515772661427,0.0,262435.45429702965,6288.171031529293,20415615.38015691,401.44452954459723,312.6642300812449
-2.178571428571429,0.21,0.015,269.19004441873346,4.514128301409726,-0.09335370435185451,0.0,262435.4570620351,6288.171051940047,20415614.113804784,401.44453368581185,312.6642316939331
-2.178571428571429,0.23,-0.005,269.16904805184873,4.425913922827223,-0.0998628413736633,0.0,262451.98120493436,6288.227928249256,20415337.84647928,401.4704137095418,312.67430983256446
-2.178571428571429,0.23,0.005,269.16904805184873,4.425901917560743,-0.09985365949817694,0.0,262451.9786943677,6288.227909205092,20415339.052146547,401.47040995169186,312.6743083692149
-2.178571428571429,0.23,0.015,269.16904805184873,4.425913922827223,-0.0998628413736633,0.0,262451.98120493436,6288.227928249256,20415337.84647928,401.4704137095418,312.67430983256446
-2.178571428571429,0.25,-0.005,269.1472119816071,4.3297287168260885,-0.10575328022628012,0.0,262469.05411411345,6288.286825867249,20415042.45472585,401.49717418135185,312.68473049164635
-2.178571428571429,0.25,0.005,269.1472119816071,4.329717396820652,-0.10574350829766271,0.0,262469.05186179583,6288.286808240834,20415043.595432997,401.4971708124309,312.68472917979386
-2.178571428571429,0.25,0.015,269.1472119816071,4.3297287168260885,-0.10575328022628012,0.0,262469.05411411345,6288.286825867249,20415042.45472585,401.49717418135185,312.68473049164635
-2.178571428571429,0.27,-0.005,269.1247782273917,4.225583025754372,-0.11098354724554095,0.0,262486.460918659,6288.347033828775,20414729.379800383,401.52448284133527,312.6953642598789
-2.178571428571429,0.27,0.005,269.1247782273917,4.225572432208578,-0.11097323293772084,0.0,262486.45892396226,6288.347017654357,20414730.4515727,401.5244798601803,312.6953630990613
-2.178571428571429,0.27,0.015,269.1247782273917,4.225583025754372,-0.11098354724554095,0.0,262486.460918659,6288.347033828775,20414729.379800383,401.52448284133527,312.6953642598789
-2.178571428571429,0.29,-0.005,269.10199366049227,4.113487914131128,-0.11551494464964841,0.0,262503.9829853178,6288.407828009553,20414400.133759275,401.5520013840482,312.7060793889375
-2.178571428571429,0.29,0.005,269.10199366049227,4.113478084744989,-0.11550413779908773,0.0,262503.98124307103,6288.407813304005,20414401.132938482,401.5519987826116,312.7060783760113
-2.178571428571429,0.29,0.015,269.10199366049227,4.113487914131128,-0.11551494464964841,0.0,262503.9829853178,6288.407828009553,20414400.133759275,401.5520013840482,312.7060793889375
-2.178571428571429,0.31,-0.005,269.0791063070407,3.9934551895673183,-0.11931170167720964,0.0,262521.4013841269,6288.468482357922,20414056.28927886,401.57939076130464,312.7167438591744
-2.178571428571429,0.31,0.005,269.0791063070407,3.9934461583903125,-0.11930045396125613,0.0,262521.39988458564,6288.468469120519,20414057.212537024,401.57938852460825,312.7167429882975
-2.178571428571429,0.31,0.015,269.0791063070407,3.9934551895673183,-0.11931170167720964,0.0,262521.4013841269,6288.468482357922,20414056.28927886,401.57939076130464,312.7167438591744
-2.178571428571429,0.33,-0.005,269.056361400741,3.865497353209427,-0.12234111125109262,0.0,262538.5006066174,6288.528280926789,20413699.469599497,401.60631687193734,312.7272275950119
-2.178571428571429,0.33,0.005,269.056361400741,3.8654891505095867,-0.12232947586211758,0.0,262538.4993355156,6288.528269139275,20413700.313951097,401.6063149781537,312.72722685767576
-2.178571428571429,0.33,0.015,269.056361400741,3.865497353209427,-0.12234111125109262,0.0,262538.5006066174,6288.528280926789,20413699.469599497,401.60631687193734,312.7272275950119
-2.178571428571429,0.35,-0.005,269.03399721667796,3.729627601012982,-0.12457365267788255,0.0,262555.07250218675,6288.586530596899,20413331.338232476,401.6324565851148,312.73740480920924
-2.178571428571429,0.35,0.005,269.03399721667796,3.729620253168645,-0.1245616839963103,0.0,262555.07144087827,6288.586520223847,20413332.101044424,401.63245500578324,312.7374041943236
-2.178571428571429,0.35,0.015,269.03399721667796,3.729627601012982,-0.12457365267788255,0.0,262555.07250218675,6288.586530596899,20413331.338232476,401.6324565851148,312.73740480920924
-2.178571428571429,0.36999999999999994,-0.005,269.01224073295987,3.5858598427791666,-0.1259831035081767,0.0,262570.9203891193,6288.642574350904,20412953.588618223,401.6575040308932,312.7471564502139
-2.178571428571429,0.36999999999999994,0.005,269.01224073295987,3.5858533721951433,-0.12597085677754907,0.0,262570.91951481823,6288.642565340429,20412954.267617907,401.65750273128714,312.7471559442503
-2.178571428571429,0.36999999999999994,0.015,269.01224073295987,3.5858598427791666,-0.1259831035081767,0.0,262570.9203891193,6288.642574350904,20412953.588618223,401.6575040308932,312.7471564502139
-2.178571428571429,0.39,-0.005,268.9913031886134,3.43420866536755,-0.12654663669150912,0.0,262585.86327948445,6288.695804900196,20412567.934269365,401.6811770654635,312.75637271666625
-2.178571428571429,0.39,0.005,268.9913031886134,3.434203090410972,-0.1265341676983588,0.0,262585.8625656094,6288.695797184996,20412568.52755073,401.6811760051161,312.75637230386326
-2.178571428571429,0.39,0.015,268.9913031886134,3.43420866536755,-0.12654663669150912,0.0,262585.86327948445,6288.695804900196,20412567.934269365,401.6811770654635,312.75637271666625
-2.178571428571429,0.41000000000000003,-0.005,268.9713756170019,3.2746892858661987,-0.12624490071700584,0.0,262599.74013560807,6288.745678404314,20412176.09907873,401.7032237848769,312.76495559007054
-2.178571428571429,0.41000000000000003,0.005,268.9713756170019,3.274684620824627,-0.1262322654781811,0.0,262599.73955223593,6288.74567190309,20412176.60510638,401.7032229182738,312.7649552527032
-2.178571428571429,0.41000000000000003,0.015,268.9713756170019,3.2746892858661987,-0.12624490071700584,0.0,262599.74013560807,6288.745678404314,20412176.09907873,401.7032237848769,312.76495559007054
-2.178571428571429,0.43,-0.005,268.9526244642016,3.1073175419028876,-0.12506208597995877,0.0,262612.4140507252,6288.791727939559,20411779.80784574,401.72342892272076,312.7728213217888
-2.178571428571429,0.43,0.005,268.9526244642016,3.107313796964389,-0.12504934043993438,0.0,262612.4135651573,6288.791722558804,20411780.22545711,401.7234282001637,312.77282104050545
-2.178571428571429,0.43,0.015,268.9526244642016,3.1073175419028876,-0.12506208597995877,0.0,262612.4140507252,6288.791727939559,20411779.80784574,401.72342892272076,312.7728213217888
-2.178571428571429,0.45000000000000007,-0.005,268.9351874207399,2.9321100941045763,-0.12298599257047477,0.0,262623.77621897997,6288.833576291228,20411380.776382964,401.74161992475564,312.779902794029
-2.178571428571429,0.45000000000000007,0.005,268.9351874207399,2.9321072753649506,-0.12297319231122276,0.0,262623.77579641907,6288.8335719274,20411381.10478861,401.7416192933951,312.779902548253
-2.178571428571429,0.45000000000000007,0.015,268.9351874207399,2.9321100941045763,-0.12298599257047477,0.0,262623.77621897997,6288.833576291228,20411380.776382964,401.74161992475564,312.779902794029
-2.178571428571429,0.47,-0.005,268.91916965433694,2.7490841209149646,-0.12000807248428258,0.0,262633.7495427529,6288.870947566448,20410980.703954507,401.7576724714129,312.78615166591504
-2.178571428571429,0.47,0.005,268.91916965433694,2.7490822303998685,-0.11999527244948416,0.0,262633.7491470857,6288.870944108471,20410980.942736596,401.7576718764418,312.7861514343094
-2.178571428571429,0.47,0.015,268.91916965433694,2.7490841209149646,-0.12000807248428258,0.0,262633.7495427529,6288.870947566448,20410980.703954507,401.7576724714129,312.78615166591504
-2.178571428571429,0.49,-0.005,268.90464062180797,2.5582573660374357,-0.11612345642053522,0.0,262642.29166543414,6288.903676969491,20410581.265036006,401.77151511967503,312.7915401770502
-2.178571428571429,0.49,0.005,268.90464062180797,2.558256401743785,-0.11611071065567899,0.0,262642.29126010824,6288.9036743015995,20410581.414145038,401.77151450566623,312.7915399380378
-2.178571428571429,0.49,0.015,268.90464062180797,2.5582573660374357,-0.11612345642053522,0.0,262642.29166543414,6288.903676969491,20410581.265036006,401.77151511967503,312.7915401770502
-2.178571428571429,0.51,-0.005,268.8916317010524,2.359648229886024,-0.11133097546780768,0.0,262649.3972056678,6288.931718017194,20410184.101515543,401.78313272350044,312.79606247615305
-2.178571428571429,0.51,0.005,268.8916317010524,2.3596481858424796,-0.1113183368776231,0.0,262649.3967546451,6288.931716022016,20410184.161265437,401.78313203586066,312.79606220848245
-2.178571428571429,0.51,0.015,268.8916317010524,2.359648229886024,-0.11133097546780768,0.0,262649.3972056678,6288.931718017194,20410184.101515543,401.78313272350044,312.79606247615305
-2.178571428571429,0.53,-0.005,268.88013491034616,2.1532757505619755,-0.10563317588467025,0.0,262655.0989320849,6288.955146359202,20409790.8154941,401.7925682341743,312.7997353198072
-2.178571428571429,0.53,0.005,268.88013491034616,2.153276616914436,-0.10562069600953973,0.0,262655.09840084275,6288.955144921021,20409790.786555625,401.79256742067037,312.7997350031465
-2.178571428571429,0.53,0.015,268.88013491034616,2.1532757505619755,-0.10563317588467025,0.0,262655.0989320849,6288.955146359202,20409790.8154941,401.7925682341743,312.7997353198072
-2.178571428571429,0.55,-0.005,268.8701030244597,1.939159409036496,-0.09903631369152513,0.0,262659.4675882702,6288.974159263743,20409402.96371216,401.7999224365342,312.80259796860577
-2.178571428571429,0.55,0.005,268.8701030244597,1.9391611721442674,-0.09902404250338258,0.0,262659.46694481536,6288.974158271806,20409402.847104963,401.79992144883926,312.8025975841438
-2.178571428571429,0.55,0.015,268.8701030244597,1.939159409036496,-0.09903631369152513,0.0,262659.4675882702,6288.974159263743,20409402.96371216,401.7999224365342,312.80259796860577
-2.178571428571429,0.57,-0.005,268.8614513714582,1.7173194201592206,-0.0915503541723987,0.0,262662.6100582623,6288.989069795133,20409022.05101539,401.8053511451413,312.8047110954699
-2.178571428571429,0.57,0.005,268.8614513714582,1.7173220627088457,-0.09153833989076082,0.0,262662.60927410744,6288.989069146856,20409021.848098546,401.80534994032223,312.8047106264952
-2.178571428571429,0.57,0.015,268.8614513714582,1.7173194201592206,-0.0915503541723987,0.0,262662.6100582623,6288.989069795133,20409022.05101539,401.8053511451413,312.8047110954699
-2.178571428571429,0.59,-0.005,268.85406164297774,1.4877763350735795,-0.0831889439380225,0.0,262664.6655907597,6289.000294753367,20408649.526403546,401.8090594330909,312.80615453974093
-2.178571428571429,0.59,0.005,268.85406164297774,1.4877798362054777,-0.08317723286515616,0.0,262664.6646418044,6289.000294357246,20408649.238864955,401.80905797495035,312.8061539721637
-2.178571428571429,0.59,0.015,268.85406164297774,1.4877763350735795,-0.0831889439380225,0.0,262664.6655907597,6289.000294753367,20408649.526403546,401.8090594330909,312.80615453974093
-2.178571428571429,0.61,-0.005,268.84778793205754,1.2505513409580382,-0.07396939557004792,0.0,262665.7998202504,6289.008335565515,20408286.777286954,401.8112924886666,312.80702374930775
-2.178571428571429,0.61,0.005,268.84778793205754,1.250555676410695,-0.07395803194914631,0.0,262665.79868749564,6289.00833534351,20408286.40713136,401.81129074882904,312.80702307208264
-2.178571428571429,0.61,0.015,268.84778793205754,1.2505513409580382,-0.07396939557004792,0.0,262665.7998202504,6289.008335565515,20408286.777286954,401.8112924886666,312.80702374930775
-2.178571428571429,0.63,-0.005,268.8424651947047,1.0056657798755317,-0.06391262878732344,0.0,262666.19646640366,6289.013751700572,20407935.12771681,401.81232292231937,312.8074248414168
-2.178571428571429,0.63,0.005,268.8424651947047,1.0056709221336488,-0.06390165467877305,0.0,262666.19513642223,6289.013751589726,20407934.677252848,401.81232088094475,312.8074240468205
-2.178571428571429,0.63,0.015,268.8424651947047,1.0056657798755317,-0.06391262878732344,0.0,262666.19646640366,6289.013751700572,20407935.12771681,401.81232292231937,312.8074248414168
-2.178571428571429,0.65,-0.005,268.8379199838342,0.7531420310333365,-0.05304317277310112,0.0,262666.0467537277,6289.017126809366,20407595.83200247,401.8124345837046,312.80746830512595
-2.178571428571429,0.65,0.005,268.8379199838342,0.7531479495020519,-0.05303262795274783,0.0,262666.04521881434,6289.017126762396,20407595.303828716,401.8124322297106,312.80746738884415
-2.178571428571429,0.65,0.015,268.8379199838342,0.7531420310333365,-0.05304317277310112,0.0,262666.0467537277,6289.017126809366,20407595.83200247,401.8124345837046,312.80746830512595
-2.178571428571429,0.67,-0.005,268.8339831630799,0.4930022369066834,-0.041389077792865735,0.0,262665.5370029774,6289.0190289272705,20407270.07678367,401.8119035857754,312.80726161643435
-2.178571428571429,0.67,0.005,268.8339831630799,0.49300889807358617,-0.04137899967053537,0.0,262665.5352609112,6289.019028911939,20407269.473773357,401.81190091646744,312.8072605774172
-2.178571428571429,0.67,0.015,268.8339831630799,0.4930022369066834,-0.041389077792865735,0.0,262665.5370029774,6289.0190289272705,20407270.07678367,401.8119035857754,312.80726161643435
-2.178571428571429,0.69,-0.005,268.8305035180846,0.22527087127685777,-0.028981929691050023,0.0,262664.8352585605,6289.019967636917,20406958.976030994,401.81097784995956,312.80690127736807
-2.178571428571429,0.69,0.005,268.8305035180846,0.2252782389944876,-0.028972353241805807,0.0,262664.83331195597,6289.019967634066,20406958.301317647,401.81097487003063,312.8069001174416
-2.178571428571429,0.69,0.015,268.8305035180846,0.22527087127685777,-0.028981929691050023,0.0,262664.8352585605,6289.019967636917,20406958.976030994,401.81097784995956,312.80690127736807
-2.178571428571429,0.7100000000000001,-0.005,268.8273726069881,-0.04980590396354438,-0.01585756876847495,0.0,262664.0743345488,6289.020334453197,20406664.141993836,401.809851195731,312.80646273103093
-2.178571428571429,0.7100000000000001,0.005,268.8273726069881,-0.04979786363935225,-0.015848526470493014,0.0,262664.07218981755,6289.020334453417,20406663.39896949,401.8098479156645,312.8064614542753
-2.178571428571429,0.7100000000000001,0.015,268.8273726069881,-0.04980590396354438,-0.01585756876847495,0.0,262664.0743345488,6289.020334453197,20406664.141993836,401.809851195731,312.80646273103093
-2.178571428571429,0.73,-0.005,268.82453482036635,-0.33098200576037534,-0.002049542134237904,0.0,262663.36445618334,6289.020428640074,20406389.475886278,401.80868355593236,312.8060082305509
-2.178571428571429,0.73,0.005,268.82453482036635,-0.3309733111523663,-0.002041064062981958,0.0,262663.36212242366,6289.020428640328,20406388.668179635,401.8086799902968,312.8060068426364
-2.178571428571429,0.73,0.015,268.82453482036635,-0.33098200576037534,-0.002049542134237904,0.0,262663.36445618334,6289.020428640074,20406389.475886278,401.80868355593236,312.8060082305509
-2.178571428571429,0.75,-0.005,268.82190156894114,-0.6192455836581664,0.012487512252008762,0.0,262662.77620625903,6289.020473714107,20406133.28683353,401.80757405446695,312.8055763596403
-2.178571428571429,0.75,0.005,268.82190156894114,-0.6192362729056768,0.01249539958099607,0.0,262662.77369404404,6289.020473714354,20406132.41825931,401.8075702200802,312.805574867113
-2.178571428571429,0.75,0.015,268.82190156894114,-0.6192455836581664,0.012487512252008762,0.0,262662.77620625903,6289.020473714107,20406133.28683353,401.80757405446695,312.8055763596403
-2.178571428571429,0.77,-0.005,268.81946953431265,-0.9146807366448045,0.027729845654582058,0.0,262662.32529501687,6289.020495581455,20405896.058510404,401.80653718264125,312.80517275911205
-2.178571428571429,0.77,0.005,268.81946953431265,-0.9146708520750557,0.027737118625535965,0.0,262662.32261554454,6289.020495581685,20405895.13308911,401.8065330972459,312.8051711688781
-2.178571428571429,0.77,0.015,268.81946953431265,-0.9146807366448045,0.027729845654582058,0.0,262662.32529501687,6289.020495581455,20405896.058510404,401.80653718264125,312.80517275911205
-2.178571428571429,0.7899999999999999,-0.005,268.8172416872621,-1.2172693782314061,0.04364283258944035,0.0,262662.02364686865,6289.020505988524,20405678.448017888,401.80558144506415,312.8048007394857
-2.178571428571429,0.7899999999999999,0.005,268.8172416872621,-1.217258963962621,0.043649470604781776,0.0,262662.0208117238,6289.020505988736,20405677.46989424,401.8055771269562,312.80479905866673
-2.178571428571429,0.7899999999999999,0.015,268.8172416872621,-1.2172693782314061,0.04364283258944035,0.0,262662.02364686865,6289.020505988524,20405678.448017888,401.80558144506415,312.8048007394857
-2.178571428571429,0.81,-0.005,268.81522111625264,-1.527090668430377,0.060190387336766564,0.0,262661.8806930502,6289.020509698953,20405480.905973624,401.80471110486457,312.8044619602941
-2.178571428571429,0.81,0.005,268.81522111625264,-1.5270797736896444,0.06019637269803985,0.0,262661.8777142715,6289.020509699147,20405479.879437413,401.8047065729832,312.8044601962621
-2.178571428571429,0.81,0.015,268.81522111625264,-1.527090668430377,0.060190387336766564,0.0,262661.8806930502,6289.020509698953,20405480.905973624,401.80471110486457,312.8044619602941
-2.178571428571429,0.83,-0.005,268.81341167483924,-1.8441809208474538,0.07732906614016236,0.0,262661.90521261987,6289.020508884941,20405303.87694842,401.80392916258694,312.8041575896064
-2.178571428571429,0.83,0.005,268.81341167483924,-1.844169593232607,0.07733438345093487,0.0,262661.9021027533,6289.02050888512,20405302.806454733,401.80392443660224,312.8041557500181
-2.178571428571429,0.83,0.015,268.81341167483924,-1.8441809208474538,0.07732906614016236,0.0,262661.90521261987,6289.020508884941,20405303.87694842,401.80392916258694,312.8041575896064
-2.178571428571429,0.8499999999999999,-0.005,268.81181720293597,-2.168548034582607,0.0950097851415124,0.0,262662.1057116637,6289.020504700456,20405147.77243079,401.80323798701073,312.8038885495708
-2.178571428571429,0.8499999999999999,0.005,268.81181720293597,-2.1685363162504916,0.09501442102333417,0.0,262662.1024836727,6289.020504700623,20405146.662571315,401.8032330871975,312.80388664231805
-2.178571428571429,0.8499999999999999,0.015,268.81181720293597,-2.168548034582607,0.0950097851415124,0.0,262662.1057116637,6289.020504700456,20405147.77243079,401.80323798701073,312.8038885495708
-2.178571428571429,0.87,-0.005,268.8104410307787,-2.500190597164195,0.11317905804171222,0.0,262662.4904925843,6289.020497795706,20405012.93834694,401.8026394170682,312.8036555560834
-2.178571428571429,0.87,0.005,268.8104410307787,-2.500178537766049,0.11318300161046273,0.0,262662.4871598113,6289.020497795864,20405011.79382761,401.8026343642054,312.8036535892546
-2.178571428571429,0.87,0.015,268.8104410307787,-2.500190597164195,0.11317905804171222,0.0,262662.4904925843,6289.020497795706,20405012.93834694,401.8026394170682,312.8036555560834
-2.178571428571429,0.89,-0.005,268.8092859644772,-2.8391037193922846,0.1317793688235282,0.0,262663.0677500325,6289.020488564351,20404899.661345992,401.8021349074539,312.80345917546555
-2.178571428571429,0.89,0.005,268.8092859644772,-2.839091368890448,0.13178261155661303,0.0,262663.0643261841,6289.020488564502,20404898.48698425,401.80212972281424,312.80345715734137
-2.178571428571429,0.89,0.015,268.8092859644772,-2.8391037193922846,0.1317793688235282,0.0,262663.0677500325,6289.020488564351,20404899.661345992,401.8021349074539,312.80345917546555
-2.178571428571429,0.91,-0.005,268.8083541917894,-3.185277745961253,0.15074932220934198,0.0,262663.8455913385,6289.020477287285,20404808.16410627,401.80172557645295,312.8032998430796
-2.178571428571429,0.91,0.005,268.8083541917894,-3.1852651543105783,0.15075185834364552,0.0,262663.84209037514,6289.020477287433,20404806.964792084,401.8017202816311,312.8032977820659
-2.178571428571429,0.91,0.015,268.8083541917894,-3.185277745961253,0.15074932220934198,0.0,262663.8455913385,6289.020477287285,20404808.16410627,401.80172557645295,312.8032998430796
-2.178571428571429,0.9299999999999999,-0.005,268.80764758696523,-3.5386938147651064,0.17002429970347838,0.0,262664.8321319627,6289.020464218043,20404738.637845024,401.80141239017894,312.80317793504287
-2.178571428571429,0.9299999999999999,0.005,268.80764758696523,-3.5386810325690807,0.17002612625234412,0.0,262664.8285679474,6289.020464218199,20404737.41848668,401.8014070068523,312.80317583957776
-2.178571428571429,0.9299999999999999,0.015,268.80764758696523,-3.5386938147651064,0.17002429970347838,0.0,262664.8321319627,6289.020464218043,20404738.637845024,401.80141239017894,312.80317793504287
-2.178571428571429,0.95,-0.005,268.80716696608545,-3.8993429794620167,0.18953774518173613,0.0,262666.03536905436,6289.0204496500855,20404691.17149804,401.8011958819802,312.80309365900547
-2.178571428571429,0.95,0.005,268.80716696608545,-3.89933005731531,0.18953886163417746,0.0,262666.0317561682,6289.020449650258,20404689.937027246,401.80119043193156,312.80309153756815
-2.178571428571429,0.95,0.015,268.80716696608545,-3.8993429794620167,0.18953774518173613,0.0,262666.03536905436,6289.0204496500855,20404691.17149804,401.8011958819802,312.80309365900547
-2.178571428571429,0.97,-0.005,268.8069121947407,-4.267208726112925,0.2092198425653871,0.0,262667.4631706307,6289.020433959369,20404665.76359978,401.801076225185,312.803047082466
-2.178571428571429,0.97,0.005,268.8069121947407,-4.2671957145402075,0.20922025075213826,0.0,262667.459523149,6289.020433959577,20404664.518962365,401.80107073026267,312.80304494356125
-2.178571428571429,0.97,0.015,268.8069121947407,-4.267208726112925,0.2092198425653871,0.0,262667.4631706307,6289.020433959369,20404665.76359978,401.801076225185,312.803047082466
-2.178571428571429,0.9899999999999999,-0.005,268.8068587878825,-4.64136817178431,0.22893205329390287,0.0,262669.11878931965,6289.020433325364,20404660.525938686,401.80105279880826,312.8030379637222
-2.178571428571429,0.9899999999999999,0.005,268.8068587878825,-4.641355096088677,0.22893178599205255,0.0,262669.1151142766,6289.020433325956,20404659.273550883,401.80104726985087,312.8030358115692
-2.178571428571429,0.9899999999999999,0.015,268.8068587878825,-4.64136817178431,0.22893205329390287,0.0,262669.11878931965,6289.020433325364,20404660.525938686,401.80105279880826,312.8030379637222
-2.178571428571429,1.01,-0.005,268.80717622272005,5.481034093472208e-06,-2.703479540453604e-07,0.0,262669.2087202082,6289.047305874773,20405530.40378173,401.8177076018429,312.8095207976583
-2.178571428571429,1.01,0.005,268.80749365755764,4.641368171784258,-0.22893205329390032,0.0,262669.29865088424,6289.02043476886,20404722.690708105,401.8013279416844,312.80314506338283
-2.178571428571429,1.01,0.015,268.80717622272005,5.481034093472208e-06,-2.703479540453604e-07,0.0,262669.2087202082,6289.047305874773,20405530.40378173,401.8177076018429,312.8095207976583
-2.107142857142857,-0.01,-0.005,269.0591667311561,4.964401187669126,0.0,0.0,262609.13151267945,6288.69010499241,20419027.204902817,401.70695407752953,312.7664077841758
-2.107142857142857,-0.01,0.005,269.05916673115615,4.964401187669126,0.005172779869468015,0.0,262609.13151267945,6288.690104959106,20419027.2038625,401.70695405706323,312.76640777620827
-2.107142857142857,-0.01,0.015,269.0591667311561,4.964401187669126,0.0,0.0,262609.13151267945,6288.69010499241,20419027.204902817,401.70695407752953,312.7664077841758
-2.107142857142857,0.01,-0.005,269.0591667311561,4.964401187669126,-0.005172779869468015,0.0,262609.13151267945,6288.690104959106,20419027.2038625,401.70695405706323,312.76640777620827
-2.107142857142857,0.01,0.005,269.0591667311561,4.964384790801057,-0.005172179425155591,0.0,262609.1332547778,6288.690095572181,20419028.85085085,401.70695684656175,312.76640886215097
-2.107142857142857,0.01,0.015,269.0591667311561,4.964401187669126,-0.005172779869468015,0.0,262609.13151267945,6288.690104959106,20419027.2038625,401.70695405706323,312.76640777620827
-2.107142857142857,0.029999999999999995,-0.005,269.058080254861,4.956239839002519,-0.015488338965145048,0.0,262609.697589306,6288.692377436565,20418991.915971372,401.70788177730066,312.7667689344552
-2.107142857142857,0.029999999999999995,0.005,269.058080254861,4.95622350683794,-0.015486657372995198,0.0,262609.69932481955,6288.692368114246,20418993.553539068,401.7078845560659,312.7667700162181
-2.107142857142857,0.029999999999999995,0.015,269.058080254861,4.956239839002519,-0.015488338965145048,0.0,262609.697589306,6288.692377436565,20418991.915971372,401.70788177730066,312.7667689344552
-2.107142857142857,0.05,-0.005,269.0559246335285,4.939996078616217,-0.02570647408389284,0.0,262610.81373552285,6288.69686895989,20418921.358863603,401.70971183292187,312.7674813674913
-2.107142857142857,0.05,0.005,269.0559246335285,4.939979875705043,-0.02570368087199298,0.0,262610.8154764026,6288.696859765237,20418922.984187976,401.70971461858346,312.76748245193653
-2.107142857142857,0.05,0.015,269.0559246335285,4.939996078616217,-0.02570647408389284,0.0,262610.81373552285,6288.69686895989,20418921.358863603,401.70971183292187,312.7674813674913
-2.107142857142857,0.07,-0.005,269.0527259077623,4.9156780881437605,-0.035765310740689615,0.0,262612.459474382,6288.703509177675,20418815.883487392,401.71241224327264,312.768532623037
-2.107142857142857,0.07,0.005,269.0527259077623,4.915662078372911,-0.03576142027313584,0.0,262612.46122265083,6288.703500171789,20418817.490516998,401.7124150382855,312.768533711119
-2.107142857142857,0.07,0.015,269.0527259077623,4.9156780881437605,-0.035765310740689615,0.0,262612.459474382,6288.703509177675,20418815.883487392,401.71241224327264,312.768532623037
-2.107142857142857,0.09000000000000001,-0.005,269.04852249811717,4.883290650940141,-0.045603808513733655,0.0,262614.6048913973,6288.712195138348,20418676.0293214,401.71593632151473,312.7699045228461
-2.107142857142857,0.09000000000000001,0.005,269.04852249811717,4.8832748972096525,-0.045598840724786295,0.0,262614.60664842837,6288.712186379469,20418677.612093277,401.71593912735955,312.76990561514003
-2.107142857142857,0.09000000000000001,0.015,269.04852249811717,4.883290650940141,-0.045603808513733655,0.0,262614.6048913973,6288.712195138348,20418676.0293214,401.71593632151473,312.7699045228461
-2.107142857142857,0.11,-0.005,269.0433646423532,4.842839491884741,-0.055161884252673495,0.0,262617.21099635516,6288.722792510409,20418502.510929544,401.720223195662,312.7715733658262
-2.107142857142857,0.11,0.005,269.0433646423532,4.842824055786648,-0.05515586451893307,0.0,262617.2127626704,6288.722784053039,20418504.063595794,401.7202260125427,312.7715744624105
-2.107142857142857,0.11,0.015,269.0433646423532,4.842839491884741,-0.055161884252673495,0.0,262617.21099635516,6288.722792510409,20418502.510929544,401.720223195662,312.7715733658262
-2.107142857142857,0.13,-0.005,269.0373136012003,4.794331473703589,-0.06438065024850333,0.0,262620.2304188871,6288.735137871291,20418296.21200655,401.7251988718055,312.773510342293
-2.107142857142857,0.13,0.005,269.0373136012003,4.794316415210213,-0.06437360920442813,0.0,262620.2321939767,6288.735129765377,20418297.72886164,401.72520169837935,312.77351144264395
-2.107142857142857,0.13,0.015,269.0373136012003,4.794331473703589,-0.06438065024850333,0.0,262620.2304188871,6288.735137871291,20418296.21200655,401.7251988718055,312.773510342293
-2.107142857142857,0.15,-0.005,269.03044068323595,4.7377745859208735,-0.07320265309157258,0.0,262623.6082713647,6288.749041542568,20418058.17882856,401.73077755501106,312.77568204856954
-2.107142857142857,0.15,0.005,269.03044068323595,4.737759963084614,-0.0731946264083464,0.0,262623.6100535264,6288.74903383275,20418059.654335782,401.7307803881485,312.77568315146794
-2.107142857142857,0.15,0.015,269.03044068323595,4.7377745859208735,-0.07320265309157258,0.0,262623.6082713647,6288.749041542568,20418058.17882856,401.73077755501106,312.77568204856954
-2.107142857142857,0.17,-0.005,269.02282609418546,4.673177945793601,-0.08157210624344959,0.0,262627.28316744004,6288.764290935905,20417789.612498514,401.7368632083718,312.77805109430665
-2.107142857142857,0.17,0.005,269.02282609418546,4.673163814461038,-0.08156313437374746,0.0,262627.28495364345,6288.764283660861,20417791.041315354,401.7368660429542,312.77805219775917
-2.107142857142857,0.17,0.015,269.02282609418546,4.673177945793601,-0.08157210624344959,0.0,262627.28316744004,6288.764290935905,20417789.612498514,401.7368632083718,312.77805109430665
-2.107142857142857,0.19,-0.005,269.01455762464946,4.600551770994457,-0.08943511414619683,0.0,262631.1883864284,6288.780654375904,20417491.860280313,401.7433513355178,312.7805767967705
-2.107142857142857,0.19,0.005,269.01455762464946,4.600538184533702,-0.0894252420379678,0.0,262631.1901722064,6288.780647567787,20417493.237282567,401.7433541642758,312.78057789794684
-2.107142857142857,0.19,0.015,269.01455762464946,4.600551770994457,-0.08943511414619683,0.0,262631.1883864284,6288.780654375904,20417491.860280313,401.7433513355178,312.7805767967705
-2.107142857142857,0.21000000000000002,-0.005,269.0057291886618,4.519907352263627,-0.09673988563789022,0.0,262635.2531714402,6288.797885360567,20417166.405990776,401.7501309678719,312.78321595478633
-2.107142857142857,0.21000000000000002,0.005,269.0057291886618,4.5198943613110245,-0.09672916241980699,0.0,262635.25495081267,6288.797879044562,20417167.726295423,401.7501337812738,312.78321704997563
-2.107142857142857,0.21000000000000002,0.015,269.0057291886618,4.519907352263627,-0.09673988563789022,0.0,262635.2531714402,6288.797885360567,20417166.405990776,401.7501309678719,312.78321595478633
-2.107142857142857,0.23000000000000004,-0.005,268.9964392298096,4.431257052053837,-0.10343693701887598,0.0,262639.40414534986,6288.815727207645,20416814.85945328,401.7570868321371,312.78592369276777
-2.107142857142857,0.23000000000000004,0.005,268.9964392298096,4.431244704276929,-0.10342541566111897,0.0,262639.40591078234,6288.815721401646,20416816.11843969,401.75708961832873,312.7859247773554
-2.107142857142857,0.23000000000000004,0.015,268.9964392298096,4.431257052053837,-0.10343693701887598,0.0,262639.40414534986,6288.815727207645,20416814.85945328,401.7570868321371,312.78592369276777
-2.107142857142857,0.25,-0.005,268.98678901674583,4.3346142762946895,-0.10947928428990279,0.0,262643.5668265221,6288.833918027124,20416438.945265993,401.7641016707373,312.7886543641927
-2.107142857142857,0.25,0.005,268.98678901674583,4.334602616174772,-0.10946702124451653,0.0,262643.5685689221,6288.833912741547,20416440.13859568,401.7641044155406,312.7886554326596
-2.107142857142857,0.25,0.015,268.98678901674583,4.3346142762946895,-0.10947928428990279,0.0,262643.5668265221,6288.833918027124,20416438.945265993,401.7641016707373,312.7886543641927
-2.107142857142857,0.27,-0.005,268.976880853702,4.229993454356396,-0.11482262346071964,0.0,262647.66722178296,6288.852195945351,20416040.49105231,401.7710586805271,312.7913625010089
-2.107142857142857,0.27,0.005,268.976880853702,4.229982522992622,-0.11480967828483336,0.0,262647.6689305377,6288.852191183096,20416041.61468694,401.77106136749984,312.7913635469551
-2.107142857142857,0.27,0.015,268.976880853702,4.229993454356396,-0.11482262346071964,0.0,262647.66722178296,6288.852195945351,20416040.49105231,401.7710586805271,312.7913625010089
-2.107142857142857,0.29,-0.005,268.96681623456965,4.117410003344019,-0.11942549681811249,0.0,262651.6334698174,6288.870304494322,20415621.415276464,401.77784402890745,312.79400379305577
-2.107142857142857,0.29,0.005,268.96681623456965,4.117399838278281,-0.11941193178397397,0.0,262651.63513287413,6288.870300250885,20415622.465494096,401.77784663946886,312.7940048092491
-2.107142857142857,0.29,0.015,268.96681623456965,4.117410003344019,-0.11942549681811249,0.0,262651.6334698174,6288.870304494322,20415621.415276464,401.77784402890745,312.79400379305577
-2.107142857142857,0.31,-0.005,268.9566939726741,3.9968803490206555,-0.12324944792056516,0.0,262655.39750266756,6288.887998062378,20415183.714523263,401.7843493974408,312.7965360780775
-2.107142857142857,0.31,0.005,268.9566939726741,3.996870984085872,-0.12323532761639984,0.0,262655.39910665754,6288.887994326117,20415184.687932696,401.7843519110627,312.79653705652805
-2.107142857142857,0.31,0.015,268.9566939726741,3.9968803490206555,-0.12324944792056516,0.0,262655.39750266756,6288.887998062378,20415183.714523263,401.7843493974408,312.7965360780775
-2.107142857142857,0.33,-0.005,268.94660834998695,3.8684218508592236,-0.12625916106713542,0.0,262658.8966905606,6288.905047290751,20414729.450911943,401.7904745007552,312.79892032201445
-2.107142857142857,0.33,0.005,268.94660834998695,3.8684133160492893,-0.1262445519927077,0.0,262658.89822096843,6288.9050440433175,20414730.34446523,401.7904768952215,312.7989212540755
-2.107142857142857,0.33,0.015,268.94660834998695,3.8684218508592236,-0.12625916106713542,0.0,262658.8966905606,6288.905047290751,20414729.450911943,401.7904745007552,312.79892032201445
-2.107142857142857,0.35,-0.005,268.93664732516856,3.7320527957076117,-0.1284225864045946,0.0,262662.07542645076,6288.921244278146,20414260.739198253,401.7961295129527,312.80112156320615
-2.107142857142857,0.35,0.005,268.93664732516856,3.732045117070897,-0.12840755656528385,0.0,262662.07686782663,6288.921241495065,20414261.550201237,401.79613176468524,312.8011224397009
-2.107142857142857,0.35,0.015,268.93664732516856,3.7320527957076117,-0.1284225864045946,0.0,262662.07542645076,6288.921244278146,20414260.739198253,401.7961295129527,312.80112156320615
-2.107142857142857,0.37,-0.005,268.92689085040274,3.5877924201170903,-0.12971105484149945,0.0,262664.88660367794,6288.936407442945,20413779.733764734,401.8012373305554,312.8031097929074
-2.107142857142857,0.37,0.005,268.92689085040274,3.5877856196758744,-0.1296956733447249,0.0,262664.8879398925,6288.936405094357,20413780.459885657,401.80123941500244,312.8031106042806
-2.107142857142857,0.37,0.015,268.92689085040274,3.5877924201170903,-0.12971105484149945,0.0,262664.88660367794,6288.936407442945,20413779.733764734,401.8012373305554,312.8031097929074
-2.107142857142857,0.39,-0.005,268.91740935761135,3.435660843323971,-0.13009937663216267,0.0,262667.29293670936,6288.950385877227,20413288.616261266,401.8057355961216,312.80486074261705
-2.107142857142857,0.39,0.005,268.91740935761135,3.4356549390135065,-0.1300837132895196,0.0,262667.29415124585,6288.950383928749,20413289.25553739,401.8057374882048,312.8048614791083
-2.107142857142857,0.39,0.015,268.91740935761135,3.435660843323971,-0.13009937663216267,0.0,262667.29293670936,6288.950385877227,20413288.616261266,401.8057355961216,312.80486074261705
-2.107142857142857,0.41,-0.005,268.9082624656191,3.2756789999478437,-0.1295659213671991,0.0,262669.26806773216,6288.963063013137,20412789.583353348,401.8095783944002,312.8063565439458
-2.107142857142857,0.41,0.005,268.9082624656191,3.2756740055785705,-0.12955004630554243,0.0,262669.26914401195,6288.9630614268735,20412790.134195663,401.80958006901005,312.80635719578265
-2.107142857142857,0.41,0.015,268.9082624656191,3.2756789999478437,-0.1295659213671991,0.0,262669.26806773216,6288.963063013137,20412789.583353348,401.8095783944002,312.8063565439458
-2.107142857142857,0.43,-0.005,268.899497970376,3.1078686186941864,-0.12809268383344594,0.0,262670.79740033176,6288.974359411511,20412284.83473526,401.8127375308905,312.80758622597193
-2.107142857142857,0.43,0.005,268.899497970376,3.107864543936878,-0.12807666711801238,0.0,262670.79832206445,6288.974358147135,20412285.295931224,401.81273896342003,312.80758678357756
-2.107142857142857,0.43,0.015,268.899497970376,3.1078686186941864,-0.12809268383344594,0.0,262670.79740033176,6288.974359411511,20412284.83473526,401.8127375308905,312.80758622597193
-2.107142857142857,0.45,-0.005,268.8911511705615,2.9322524898246134,-0.1256653555280276,0.0,262671.8785991513,6288.9842344823455,20411776.560600843,401.8152032983184,312.80854601333306
-2.107142857142857,0.45,0.005,268.8911511705615,2.9322493402243963,-0.12564926680066524,0.0,262671.87935070135,6288.984233498261,20411776.931315284,401.8152044652212,312.80854646754324
-2.107142857142857,0.45,0.015,268.8911511705615,2.9322524898246134,-0.1256653555280276,0.0,262671.8785991513,6288.9842344823455,20411776.560600843,401.8152032983184,312.80854601333306
-2.107142857142857,0.47,-0.005,268.88324461927,2.7488540539632433,-0.12227336426792516,0.0,262672.5217066891,6288.992686959447,20411266.931915585,401.8169846609513,312.8092393977955
-2.107142857142857,0.47,0.005,268.88324461927,2.7488518309680683,-0.12225727240251852,0.0,262672.5222734464,6288.992686213981,20411267.211689737,401.8169855403047,312.80923974007806
-2.107142857142857,0.47,0.015,268.88324461927,2.7488540539632433,-0.12227336426792516,0.0,262672.5217066891,6288.992686959447,20411266.931915585,401.8169846609513,312.8092393977955
-2.107142857142857,0.49,-0.005,268.8757883206326,2.5576974509243793,-0.1179098985843055,0.0,262672.748816648,6288.999753955805,20410758.08993445,401.818108758292,312.80967694498946
-2.107142857142857,0.49,0.005,268.8757883206326,2.5576961519320807,-0.11789387136118,0.0,262672.74918538926,6288.999753408377,20410758.278683253,401.81810933034643,312.8096771676576
-2.107142857142857,0.49,0.015,268.8757883206326,2.5576974509243793,-0.1179098985843055,0.0,262672.748816648,6288.999753955805,20410758.08993445,401.818108758292,312.80967694498946
-2.107142857142857,0.51,-0.005,268.8687804236836,2.35880762419155,-0.11257192630198014,0.0,262672.5932676965,6289.005508476696,20410252.136256117,401.8186196752036,312.8098758156971
-2.107142857142857,0.51,0.005,268.8687804236836,2.3588072426183793,-0.11255603010311428,0.0,262672.59342692175,6289.005508088933,20410252.234263763,401.8186199228922,312.80987591210805
-2.107142857142857,0.51,0.015,268.8687804236836,2.35880762419155,-0.11257192630198014,0.0,262672.5932676965,6289.005508476696,20410252.136256117,401.8186196752036,312.8098758156971
-2.107142857142857,0.53,-0.005,268.8622084345055,2.152210322786693,-0.10626020849222866,0.0,262672.09833545814,6289.010055321448,20409751.123323858,401.818576445185,312.80985898873035
-2.107142857142857,0.53,0.005,268.8622084345055,2.1522108481611903,-0.10624450801946254,0.0,262672.09827568533,6289.010055058173,20409751.131237745,401.81857635457,312.8098589534591
-2.107142857142857,0.53,0.015,268.8622084345055,2.152210322786693,-0.10626020849222866,0.0,262672.09833545814,6289.010055321448,20409751.123323858,401.818576445185,312.80985898873035
-2.107142857142857,0.55,-0.005,268.8560509609124,1.9379318273218915,-0.09897929270414241,0.0,262671.3154297709,6289.013525381641,20409257.047016967,401.818050297879,312.809654189689
-2.107142857142857,0.55,0.005,268.8560509609124,1.9379332453883,-0.09896385071939792,0.0,262671.3151437726,6289.013525211689,20409256.96583998,401.8180498585076,312.80965401866683
-2.107142857142857,0.55,0.015,268.8560509609124,1.9379318273218915,-0.09897929270414241,0.0,262671.3154297709,6289.013525381641,20409257.047016967,401.818050297879,312.809654189689
-2.107142857142857,0.57,-0.005,268.85027992085406,1.7159993176991264,-0.09073750795760295,0.0,262670.30182932015,6289.016068458755,20408771.83844044,401.8171211968489,312.80929254349155
-2.107142857142857,0.57,0.005,268.85027992085406,1.716001610538118,-0.09072238504915703,0.0,262670.3013122851,6289.016068355569,20408771.6695221,401.8171204019958,312.80929223410027
-2.107142857142857,0.57,0.015,268.85027992085406,1.7159993176991264,-0.09073750795760295,0.0,262670.30182932015,6289.016068458755,20408771.83844044,401.8171211968489,312.80929254349155
-2.107142857142857,0.59,-0.005,268.84486316280015,1.4864403677292735,-0.08154692676040304,0.0,262669.11804419645,6289.01784487082,20408297.358264852,401.81587381110694,312.8088070064976
-2.107142857142857,0.59,0.005,268.84486316280015,1.4864435138948564,-0.08153218113154417,0.0,262669.1172938027,6289.017844812758,20408297.103290766,401.8158726578788,312.8088065576105
-2.107142857142857,0.59,0.015,268.84486316280015,1.4864403677292735,-0.08154692676040304,0.0,262669.11804419645,6289.01784487082,20408297.358264852,401.81587381110694,312.8088070064976
-2.107142857142857,0.61,-0.005,268.83976731865107,1.249283338017077,-0.07142334696345451,0.0,262667.8249340653,6289.019016282703,20407835.389622748,401.81439311019335,312.8082306520736
-2.107142857142857,0.61,0.005,268.83976731865107,1.2492873126884652,-0.07140903424701418,0.0,262667.82395045506,6289.019016253065,20407835.050602958,401.81439159948525,312.8082300640385
-2.107142857142857,0.61,0.015,268.83976731865107,1.249283338017077,-0.07142334696345451,0.0,262667.8249340653,6289.019016282703,20407835.389622748,401.81439311019335,312.8082306520736
-2.107142857142857,0.63,-0.005,268.83496073868866,1.0045567530080892,-0.06038622596072793,0.0,262666.48079296143,6289.019736399288,20407387.634786066,401.8127599107829,312.80759493724383
-2.107142857142857,0.63,0.005,268.83496073868866,1.0045615281405655,-0.06037239905753775,0.0,262666.47957861866,6289.019736386014,20407387.214042854,401.81275804708355,312.80759421180727
-2.107142857142857,0.63,0.015,268.83496073868866,1.0045567530080892,-0.06038622596072793,0.0,262666.48079296143,6289.019736399288,20407387.634786066,401.8127599107829,312.80759493724383
-2.107142857142857,0.65,-0.005,268.83041615919433,0.7522904469198163,-0.048458688999139576,0.0,262665.13864022284,6289.020142353491,20406955.70740823,401.811046735341,312.8069280907492
-2.107142857142857,0.65,0.005,268.83041615919433,0.7522959914320202,-0.048445397933829445,0.0,262665.1371997539,6289.020142348584,20406955.20756136,401.81104452639084,312.8069272309236
-2.107142857142857,0.65,0.015,268.83041615919433,0.7522904469198163,-0.048458688999139576,0.0,262665.13864022284,6289.020142353491,20406955.70740823,401.811046735341,312.8069280907492
-2.107142857142857,0.67,-0.005,268.8261129178733,0.49251389793496736,-0.03566741281457831,0.0,262663.84406311397,6289.020347792505,20406541.133554913,401.80931451966916,312.806253831478
-2.107142857142857,0.67,0.005,268.8261129178733,0.4925201779024878,-0.03565470461580435,0.0,262663.84240295464,6289.0203477912255,20406540.557505243,401.8093119760054,312.80625284136414
-2.107142857142857,0.67,0.015,268.8261129178733,0.49251389793496736,-0.03566741281457831,0.0,262663.84406311397,6289.020347792505,20406541.133554913,401.80931451966916,312.806253831478
-2.107142857142857,0.69,-0.005,268.8220382064034,0.22525910709243382,-0.022042668031339033,0.0,262662.63389386877,6289.02043870821,20406145.34418914,401.807610591509,312.80559058161
-2.107142857142857,0.69,0.005,268.8220382064034,0.2252660859568145,-0.022030586654855994,0.0,262662.6320219712,6289.020438708156,20406144.69510821,401.8076077259798,312.8055894662085
-2.107142857142857,0.69,0.015,268.8220382064034,0.22525910709243382,-0.022042668031339033,0.0,262662.63389386877,6289.02043870821,20406145.34418914,401.807610591509,312.80559058161
-2.107142857142857,0.71,-0.005,268.81819241471425,-0.049264167454156384,-0.007619686113006117,0.0,262661.536980378,6289.020471635255,20405770.14193321,401.8059698721372,312.80495193427913
-2.107142857142857,0.71,0.005,268.81819241471425,-0.04925652528209332,-0.007608272254106353,0.0,262661.53490592097,6289.02047163545,20405769.42325948,401.8059666994494,312.8049506993144
-2.107142857142857,0.71,0.015,268.81819241471425,-0.049264167454156384,-0.007619686113006117,0.0,262661.536980378,6289.020471635255,20405770.14193321,401.8059698721372,312.80495193427913
-2.107142857142857,0.7299999999999999,-0.005,268.8146023590818,-0.3300331132810991,0.0075642510515911985,0.0,262660.5805864695,6289.0204814347135,20405419.238503247,401.80442537589204,312.8043507404515
-2.107142857142857,0.7299999999999999,0.005,268.8146023590818,-0.33002482872766337,0.007574959963060352,0.0,262660.57831946976,6289.020481434912,20405418.453881077,401.8044219120121,312.80434939213796
-2.107142857142857,0.7299999999999999,0.015,268.8146023590818,-0.3300331132810991,0.0075642510515911985,0.0,262660.5805864695,6289.0204814347135,20405419.238503247,401.80442537589204,312.8043507404515
-2.107142857142857,0.75,-0.005,268.8112518922043,-0.6178243768715577,0.02354467372135847,0.0,262659.77322938043,6289.020486273594,20405091.62059549,401.8029812964816,312.8037886327447
-2.107142857142857,0.75,0.005,268.8112518922043,-0.6178154902993219,0.02355464477467291,0.0,262659.7707804713,6289.020486273792,20405090.77385375,401.8029775583073,312.8037871776596
-2.107142857142857,0.75,0.015,268.8112518922043,-0.6178243768715577,0.02354467372135847,0.0,262659.77322938043,6289.020486273594,20405091.62059549,401.8029812964816,312.8037886327447
-2.107142857142857,0.77,-0.005,268.8081480108881,-0.9126915382420248,0.040296351211097474,0.0,262659.1238273647,6289.020488123651,20404788.033914726,401.80164187023837,312.80326726036554
-2.107142857142857,0.77,0.005,268.8081480108881,-0.9126820961424877,0.04030555507060034,0.0,262659.12120779837,6289.020488123849,20404787.12908765,401.80163787557734,312.80326570544025
-2.107142857142857,0.77,0.015,268.8081480108881,-0.9126915382420248,0.040296351211097474,0.0,262659.1238273647,6289.020488123651,20404788.033914726,401.80164187023837,312.80326726036554
-2.107142857142857,0.79,-0.005,268.80529932280206,-1.2146048140665993,0.05778396131880883,0.0,262658.64134154574,6289.020487655229,20404509.341174018,401.8004112293656,312.80278823198375
-2.107142857142857,0.79,0.005,268.80529932280206,-1.2145948537239628,0.05779237137657011,0.0,262658.6385631562,6289.020487655425,20404508.382491965,401.80040699689283,312.8027865844876
-2.107142857142857,0.79,0.015,268.80529932280206,-1.2146048140665993,0.05778396131880883,0.0,262658.64134154574,6289.020487655229,20404509.341174018,401.8004112293656,312.80278823198375
-2.107142857142857,0.8100000000000002,-0.005,268.8027124507188,-1.5236208275559784,0.07597080817111816,0.0,262658.33422925055,6289.020485072206,20404256.196348842,401.7992923619038,312.80235271089475
-2.107142857142857,0.8100000000000002,0.005,268.8027124507188,-1.523610394944626,0.07597840130203293,0.0,262658.3313043924,6289.020485072399,20404255.18821112,401.79928791104106,312.80235097838755
-2.107142857142857,0.8100000000000002,0.015,268.8027124507188,-1.5236208275559784,0.07597080817111816,0.0,262658.33422925055,6289.020485072206,20404256.196348842,401.7992923619038,312.80235271089475
-2.107142857142857,0.8300000000000001,-0.005,268.8003936846677,-1.8397592793799311,0.0948128503213345,0.0,262658.21095305914,6289.020480450334,20404029.216885593,401.79828803330474,312.8019617737391
-2.107142857142857,0.8300000000000001,0.005,268.8003936846677,-1.8397484225922374,0.0948196064438177,0.0,262658.20789456804,6289.020480450524,20404028.16384634,401.798283384159,312.80195996404757
-2.107142857142857,0.8300000000000001,0.015,268.8003936846677,-1.8397592793799311,0.0948128503213345,0.0,262658.21095305914,6289.020480450334,20404029.216885593,401.79828803330474,312.8019617737391
-2.107142857142857,0.8499999999999999,-0.005,268.7983488123338,-2.1630173771728436,0.11426045822466449,0.0,262658.27995204576,6289.020473847865,20403828.970529545,401.79740078099314,312.80161640838395
-2.107142857142857,0.8499999999999999,0.005,268.7983488123338,-2.1630061447614053,0.11426636031776945,0.0,262658.2767732943,6289.020473848053,20403827.877316438,401.79739595443914,312.80161452963375
-2.107142857142857,0.8499999999999999,0.015,268.7983488123338,-2.1630173771728436,0.11426045822466449,0.0,262658.27995204576,6289.020473847865,20403828.970529545,401.79740078099314,312.80161640838395
-2.107142857142857,0.87,-0.005,268.7965827618676,-2.493383077376135,0.1342596414690481,0.0,262658.54955450475,6289.020465347203,20403655.94177716,401.796632786074,312.80131746398257
-2.107142857142857,0.87,0.005,268.7965827618676,-2.493371518176153,0.13426467592393987,0.0,262658.5462691725,6289.020465347388,20403654.81321087,401.79662780339896,312.80131552445994
-2.107142857142857,0.87,0.015,268.7965827618676,-2.493383077376135,0.1342596414690481,0.0,262658.54955450475,6289.020465347203,20403655.94177716,401.796632786074,312.80131746398257
-2.107142857142857,0.89,-0.005,268.79509934298636,-2.8308392840689707,0.15475247000588466,0.0,262659.02790978656,6289.020455079082,20403510.50724594,401.79598577608516,312.8010656131184
-2.107142857142857,0.89,0.005,268.79509934298636,-2.8308274475091006,0.15475662670164975,0.0,262659.02453179273,6289.020455079272,20403509.3482153,401.79598065887944,312.8010636212277
-2.107142857142857,0.89,0.015,268.79509934298636,-2.8308392840689707,0.15475247000588466,0.0,262659.02790978656,6289.020455079082,20403510.50724594,401.79598577608516,312.8010656131184
-2.107142857142857,0.91,-0.005,268.79390145138507,-3.175364896013231,0.17567735824428143,0.0,262659.7230420298,6289.020443229964,20403392.955884982,401.7954611177176,312.8008613878948
-2.107142857142857,0.91,0.005,268.79390145138507,-3.1753528324662543,0.17568063047003082,0.0,262659.71958553063,6289.020443230163,20403391.77134458,401.795455887864,312.8008593521542
-2.107142857142857,0.91,0.015,268.79390145138507,-3.175364896013231,0.17567735824428143,0.0,262659.7230420298,6289.020443229964,20403392.955884982,401.7954611177176,312.8008613878948
-2.107142857142857,0.9300000000000002,-0.005,268.7929914076214,-3.5269344235601094,0.196969855763532,0.0,262660.64294472703,6289.020430064234,20403303.522847906,401.79505997693633,312.8007052422618
-2.107142857142857,0.9300000000000002,0.005,268.7929914076214,-3.5269221834122764,0.1969722400402641,0.0,262660.63942405174,6289.0204300644555,20403302.317795526,401.79505465651124,312.8007031712648
-2.107142857142857,0.9300000000000002,0.015,268.7929914076214,-3.5269344235601094,0.196969855763532,0.0,262660.64294472703,6289.020430064234,20403303.522847906,401.79505997693633,312.8007052422618
-2.107142857142857,0.9500000000000001,-0.005,268.7923702379396,-3.885529768788724,0.2185635076888284,0.0,262661.79541827267,6289.0204159357345,20403242.319477014,401.7947830153286,312.8005974338169
-2.107142857142857,0.9500000000000001,0.005,268.7923702379396,-3.8855174021643895,0.21856500359786216,0.0,262661.79184788716,6289.020415935992,20403241.09894061,401.79477762654386,312.80059533620994
-2.107142857142857,0.9500000000000001,0.015,268.7923702379396,-3.885529768788724,0.2185635076888284,0.0,262661.79541827267,6289.0204159357345,20403242.319477014,401.7947830153286,312.8005974338169
-2.107142857142857,0.97,-0.005,268.79203787383966,-4.251123699216475,0.24038849392416067,0.0,262663.1880774039,6289.020401313611,20403209.353638772,401.7946304921974,312.800538063545
-2.107142857142857,0.97,0.005,268.79203787383966,-4.251111256080696,0.24038910401712596,0.0,262663.1844718733,6289.020401313928,20403208.122662332,401.79462505733915,312.80053594800324
-2.107142857142857,0.97,0.015,268.79203787383966,-4.251123699216475,0.24038849392416067,0.0,262663.1880774039,6289.020401313611,20403209.353638772,401.7946304921974,312.800538063545
-2.107142857142857,0.99,-0.005,268.79197140237835,-4.622640417324276,0.2622944389181101,0.0,262664.82425148616,6289.0204039049395,20403202.938556094,401.7946034039531,312.80052751933044
-2.107142857142857,0.99,0.005,268.79197140237835,-4.622627922193826,0.2622941968184692,0.0,262664.82061830576,6289.020403905692,20403201.699710757,401.79459793455845,312.80052539034523
-2.107142857142857,0.99,0.015,268.79197140237835,-4.622640417324276,0.2622944389181101,0.0,262664.82425148616,6289.0204039049395,20403202.938556094,401.7946034039531,312.80052751933044
-2.107142857142857,1.01,-0.005,268.79231473716925,5.904677461921357e-06,-3.350388353873189e-07,0.0,262664.9214381318,6289.047081232622,20404069.19696933,401.8111491404831,312.8069679515695
-2.107142857142857,1.01,0.005,268.79265807196015,4.622640417324276,-0.2622944389181101,0.0,262665.018624529,6289.020405037313,20403270.16133201,401.79490074573465,312.80064326086625
-2.107142857142857,1.01,0.015,268.79231473716925,5.904677461921357e-06,-3.350388353873189e-07,0.0,262664.9214381318,6289.047081232622,20404069.19696933,401.8111491404831,312.8069679515695
-2.0357142857142856,-0.01,-0.005,269.00071481600423,4.972860384283922,0.0,0.0,262691.8206519324,6288.936857820931,20421016.465472676,401.833383330089,312.81562240682706
-2.0357142857142856,-0.01,0.005,269.0007148160042,4.972860384283922,0.005349189516976961,0.0,262691.8206519324,6288.936857785328,20421016.464360442,401.83338330820305,312.8156223983082
-2.0357142857142856,-0.01,0.015,269.00071481600423,4.972860384283922,0.0,0.0,262691.8206519324,6288.936857820931,20421016.465472676,401.833383330089,312.81562240682706
-2.0357142857142856,0.01,-0.005,269.00071481600423,4.972860384283922,-0.005349189516976961,0.0,262691.8206519324,6288.936857785328,20421016.464360442,401.83338330820305,312.8156223983082
-2.0357142857142856,0.01,0.005,269.00071481600423,4.972843636002942,-0.005348475923701971,0.0,262691.8246248881,6288.936855049996,20421018.166502494,401.8333895132378,312.81562481352796
-2.0357142857142856,0.01,0.015,269.00071481600423,4.972860384283922,-0.005349189516976961,0.0,262691.8206519324,6288.936857785328,20421016.464360442,401.83338330820305,312.8156223983082
-2.0357142857142856,0.03,-0.005,269.0000621784459,4.964638757204548,-0.01601601667067036,0.0,262691.867117443,6288.937533073858,20420973.706979357,401.8335167064653,312.81567432164104
-2.0357142857142856,0.03,0.005,269.0000621784459,4.964622074082351,-0.016013999468151227,0.0,262691.87107022636,6288.937530360779,20420975.399567395,401.8335228799795,312.8156767245914
-2.0357142857142856,0.03,0.015,269.0000621784459,4.964638757204548,-0.01601601667067036,0.0,262691.867117443,6288.937533073858,20420973.706979357,401.8335167064653,312.81567432164104
-2.0357142857142856,0.05,-0.005,268.9987636861713,4.948287380456486,-0.026580427698799414,0.0,262691.9549192102,6288.938864545794,20420888.252119157,401.833774655271,312.8157747244363
-2.0357142857142856,0.05,0.005,268.9987636861713,4.9482708274300045,-0.026577076977619248,0.0,262691.95885101665,6288.938861876583,20420889.932385888,401.8337807953805,312.8157771143837
-2.0357142857142856,0.05,0.015,268.9987636861713,4.948287380456486,-0.026580427698799414,0.0,262691.9549192102,6288.938864545794,20420888.252119157,401.833774655271,312.8157747244363
-2.0357142857142856,0.07,-0.005,268.9968318687147,4.923816377791454,-0.03697716637826824,0.0,262692.07769559557,6288.940826450079,20420760.524333704,401.83414674526165,312.8159195549597
-2.0357142857142856,0.07,0.005,268.9968318687147,4.923800019137455,-0.03697249929507332,0.0,262692.08159576193,6288.940823845505,20420762.18618764,401.8341528350139,312.8159219253051
-2.0357142857142856,0.07,0.015,268.9968318687147,4.923816377791454,-0.03697716637826824,0.0,262692.07769559557,6288.940826450079,20420760.524333704,401.83414674526165,312.8159195549597
-2.0357142857142856,0.09,-0.005,268.9942853419942,4.891231875578763,-0.04714183550030899,0.0,262692.22626234207,6288.943381329134,20420591.17448232,401.8346179817845,312.81610297670744
-2.0357142857142856,0.09,0.005,268.9942853419942,4.8912157745557066,-0.04713587587204531,0.0,262692.2301200634,6288.943378808746,20420592.811919823,401.8346240040292,312.81610532077514
-2.0357142857142856,0.09,0.015,268.9942853419942,4.891231875578763,-0.04714183550030899,0.0,262692.22626234207,6288.943381329134,20420591.17448232,401.8346179817845,312.81610297670744
-2.0357142857142856,0.11,-0.005,268.99114840081353,4.850541241087965,-0.05701101569090943,0.0,262692.3888056617,6288.94648069725,20420381.06447537,401.83516904113566,312.8163174681573
-2.0357142857142856,0.11,0.005,268.99114840081353,4.850525459611333,-0.05700379383884669,0.0,262692.39260994893,6288.946478279007,20420382.671606783,401.83517497846634,312.816319779172
-2.0357142857142856,0.11,0.015,268.99114840081353,4.850541241087965,-0.05701101569090943,0.0,262692.3888056617,6288.94648069725,20420381.06447537,401.83516904113566,312.8163174681573
-2.0357142857142856,0.13,-0.005,268.9874505838513,4.80175332557676,-0.06652250838867,0.0,262692.55121734046,6288.950066178089,20420131.26029305,401.83577678226845,312.8165540219559
-2.0357142857142856,0.13,0.005,268.9874505838513,4.801737923900394,-0.06651406091968323,0.0,262692.5549569935,6288.950063878041,20420132.831369843,401.83578261698733,312.81655629302867
-2.0357142857142856,0.13,0.015,268.9874505838513,4.80175332557676,-0.06652250838867,0.0,262692.55121734046,6288.950066178089,20420131.26029305,401.83577678226845,312.8165540219559
-2.0357142857142856,0.15,-0.005,268.98322615216824,4.7448784470770935,-0.0756155793849058,0.0,262692.6975025236,6288.954070887236,20419843.02420407,401.8364148718551,312.8168023882263
-2.0357142857142856,0.15,0.005,268.98322615216824,4.7448634834856165,-0.07560594892922821,0.0,262692.70116611477,6288.954068719234,20419844.553645123,401.836420585953,312.81680461234754
-2.0357142857142856,0.15,0.015,268.98322615216824,4.7448784470770935,-0.0756155793849058,0.0,262692.6975025236,6288.954070887236,20419843.02420407,401.8364148718551,312.8168023882263
-2.0357142857142856,0.17,-0.005,268.97851348421864,4.679928391362877,-0.0842311964802547,0.0,262692.81025009404,6288.958421029184,20419517.805515353,401.8370545051677,312.8170513551697
-2.0357142857142856,0.17,0.005,268.97851348421864,4.67991392187958,-0.08422043138876903,0.0,262692.8138259654,6288.958419004654,20419519.287932236,401.83706008032544,312.81705352520896
-2.0357142857142856,0.17,0.015,268.97851348421864,4.679928391362877,-0.0842311964802547,0.0,262692.81025009404,6288.958421029184,20419517.805515353,401.8370545051677,312.8170513551697
-2.0357142857142856,0.19000000000000003,-0.005,268.97335440289515,4.606916369575914,-0.09231225846454369,0.0,262692.8711557956,6288.96303767412,20419157.23028526,401.8376652081646,312.8172890612697
-2.0357142857142856,0.19000000000000003,0.005,268.97335440289515,4.606902447685141,-0.09230041246906086,0.0,262692.8746320708,6288.963035801888,20419158.660506364,401.83767062577573,312.81729116998497
-2.0357142857142856,0.19000000000000003,0.015,268.97335440289515,4.606916369575914,-0.09231225846454369,0.0,262692.8711557956,6288.96303767412,20419157.23028526,401.8376652081646,312.8172890612697
-2.0357142857142856,0.20999999999999996,-0.005,268.9677934449605,4.525856979061041,-0.09980381306976166,0.0,262692.86158618727,6288.967838677028,20418763.089839138,401.8382157022062,312.81750333186915
-2.0357142857142856,0.20999999999999996,0.005,268.9677934449605,4.525843655448545,-0.09979094490995082,0.0,262692.86495079927,6288.967836963204,20418764.46293252,401.8382209434241,312.8175053719248
-2.0357142857142856,0.20999999999999996,0.015,268.9677934449605,4.525856979061041,-0.09980381306976166,0.0,262692.86158618727,6288.967838677028,20418763.089839138,401.8382157022062,312.81750333186915
-2.0357142857142856,0.23,-0.005,268.9618770888051,4.436766194660605,-0.1066532649886029,0.0,262692.763169698,6288.97274069349,20418337.328217592,401.8386748102132,312.8176820318706
-2.0357142857142856,0.23,0.005,268.9618770888051,4.436753516973664,-0.10663943800960336,0.0,262692.7664104336,6288.972739141423,20418338.639512397,401.83867985602296,312.8176839958659
-2.0357142857142856,0.23,0.015,268.9618770888051,4.436766194660605,-0.1066532649886029,0.0,262692.763169698,6288.97274069349,20418337.328217592,401.8386748102132,312.8176820318706
-2.0357142857142856,0.25,-0.005,268.9556529582316,4.339661330827218,-0.11281057276868639,0.0,262692.5584003835,6288.977661244637,20417882.028801575,401.8390123826693,312.817813426156
-2.0357142857142856,0.25,0.005,268.9556529582316,4.339649343454909,-0.11279585449388223,0.0,262692.56150494516,6288.977659854936,20417883.273907885,401.8390172139853,312.81781530666245
-2.0357142857142856,0.25,0.015,268.9556529582316,4.339661330827218,-0.11281057276868639,0.0,262692.5584003835,6288.977661244637,20417882.028801575,401.8390123826693,312.817813426156
-2.0357142857142856,0.27,-0.005,268.94916902138374,4.23456100808981,-0.11822843345022115,0.0,262692.23123776115,6288.982520776111,20417399.40025961,401.83920021779494,312.8178865377313
-2.0357142857142856,0.27,0.005,268.94916902138374,4.234549751965148,-0.11821289513365238,0.0,262692.2341938455,6288.982519546734,20417400.575086754,401.8392048155842,312.8178883273411
-2.0357142857142856,0.27,0.015,268.94916902138374,4.23456100808981,-0.11822843345022115,0.0,262692.23123776115,6288.982520776111,20417399.40025961,401.83920021779494,312.8178865377313
-2.0357142857142856,0.29,-0.005,268.94247280486087,4.121485099063454,-0.1228624527852741,0.0,262691.7676853667,6288.987244654038,20416891.761997398,401.83921294950596,312.8178914933291
-2.0357142857142856,0.29,0.005,268.94247280486087,4.121474611487486,-0.1228461689481411,0.0,262691.7704807595,6288.987243580444,20416892.862770434,401.83921729493534,312.8178931847121
-2.0357142857142856,0.29,0.015,268.94247280486087,4.121485099063454,-0.1228624527852741,0.0,262691.7676853667,6288.987244654038,20416891.761997398,401.83921294950596,312.8178914933291
-2.0357142857142856,0.31,-0.005,268.9356106407741,4.000454750348263,-0.12667130456644693,0.0,262691.1563287875,6288.991765036702,20416361.528931104,401.8390288731013,312.81781984477226
-2.0357142857142856,0.31,0.005,268.9356106407741,4.000445064838895,-0.12665435252241103,0.0,262691.1589514744,6288.991764112078,20416362.552205615,401.8390329477083,312.81782143074275
-2.0357142857142856,0.31,0.015,268.9356106407741,4.000454750348263,-0.12667130456644693,0.0,262691.1563287875,6288.991765036702,20416361.528931104,401.8390288731013,312.81781984477226
-2.0357142857142856,0.33,-0.005,268.9286269749729,3.8714922774626315,-0.12961687331417363,0.0,262690.388815376,6288.996022559944,20415811.196411677,401.83863068275906,312.81766485601224
-2.0357142857142856,0.33,0.005,268.9286269749729,3.8714834236259943,-0.12959933268802826,0.0,262690.39125366585,6288.99602177548,20415812.13908667,401.8386344686419,312.8176663296026
-2.0357142857142856,0.33,0.015,268.9286269749729,3.8714922774626315,-0.12961687331417363,0.0,262690.388815376,6288.996022559944,20415811.196411677,401.83863068275906,312.81766485601224
-2.0357142857142856,0.35,-0.005,268.9215637509243,3.7346211500442528,-0.13166438243580625,0.0,262689.46025535656,6288.999967773333,20415243.32475346,401.8380060883971,312.81742174321676
-2.0357142857142856,0.35,0.005,268.9215637509243,3.7346131534703457,-0.13164633467995637,0.0,262689.46249801584,6288.999967118549,20415244.184082385,401.83800956842015,312.81742309775746
-2.0357142857142856,0.35,0.015,268.9215637509243,3.7346211500442528,-0.13166438243580625,0.0,262689.46025535656,6288.999967773333,20415243.32475346,401.8380060883971,312.81742174321676
-2.0357142857142856,0.36999999999999994,-0.005,268.9144598904874,3.5898660220792142,-0.1327825134402268,0.0,262688.3695257223,6289.003562266519,20414660.523555323,401.8371482838067,312.8170878569747
-2.0357142857142856,0.36999999999999994,0.005,268.9144598904874,3.5898589042653297,-0.13276404135347786,0.0,262688.3715621171,6289.003561729635,20414661.29715517,401.83715144181764,312.81708908617884
-2.0357142857142856,0.36999999999999994,0.015,268.9144598904874,3.5898660220792142,-0.1327825134402268,0.0,262688.3695257223,6289.003562266519,20414660.523555323,401.8371482838067,312.8170878569747
-2.0357142857142856,0.39,-0.005,268.9073508999682,3.4372526245185293,-0.13294350675206446,0.0,262687.11946220684,6289.006779430881,20414065.4368818,401.8360562445922,312.81666279826567
-2.0357142857142856,0.39,0.005,268.9073508999682,3.4372464028121796,-0.13292469400465026,0.0,262687.1212824491,6289.006778999222,20414066.122740276,401.8360590656444,312.8166638963156
-2.0357142857142856,0.39,0.015,268.9073508999682,3.4372526245185293,-0.13294350675206446,0.0,262687.11946220684,6289.006779430881,20414065.4368818,401.8360562445922,312.81666279826567
-2.0357142857142856,0.41,-0.005,268.90026860798685,3.27680767610992,-0.13212324241930037,0.0,262685.7169226656,6289.009604808774,20413460.728457186,401.8347348294186,312.8161484578796
-2.0357142857142856,0.41,0.005,268.90026860798685,3.2768023636759067,-0.1321041730879595,0.0,262685.718517758,6289.009604469174,20413461.32493797,401.8347372999917,312.8161494195126
-2.0357142857142856,0.41,0.015,268.90026860798685,3.27680767610992,-0.13212324241930037,0.0,262685.7169226656,6289.009604808774,20413460.728457186,401.8347348294186,312.8161484578796
-2.0357142857142856,0.43,-0.005,268.8932410498392,3.108558849520873,-0.13030130670177756,0.0,262684.1727112748,6289.012035993389,20412849.0671592,401.83319466820205,312.81554897291767
-2.0357142857142856,0.43,0.005,268.8932410498392,3.10855445533273,-0.13028206481862822,0.0,262684.17407325166,6289.012035732614,20412849.57300525,401.83319677641435,312.81554979350886
-2.0357142857142856,0.43,0.015,268.8932410498392,3.108558849520873,-0.13030130670177756,0.0,262684.1727112748,6289.012035993389,20412849.0671592,401.83319466820205,312.81554897291767
-2.0357142857142856,0.45,-0.005,268.8862924942772,2.93253511979519,-0.1274610702884625,0.0,262682.5013557574,6289.014082060415,20412233.11182959,401.8314518239357,312.81487059519236
-2.0357142857142856,0.45,0.005,268.8862924942772,2.9325316486562847,-0.12744173940724454,0.0,262682.50247781357,6289.014081865548,20412233.5261646,401.8314535597395,312.8148712708304
-2.0357142857142856,0.45,0.015,268.8862924942772,2.93253511979519,-0.1274610702884625,0.0,262682.5013557574,6289.014082060415,20412233.11182959,401.8314518239357,312.81487059519236
-2.0357142857142856,0.47000000000000003,-0.005,268.8794436537975,2.748766228590999,-0.12358972606852468,0.0,262680.720745049,6289.015762530921,20411615.499409117,401.82952724558163,312.814121478309
-2.0357142857142856,0.47000000000000003,0.005,268.8794436537975,2.7487636811697382,-0.12357038885055352,0.0,262680.7216216547,6289.015762389738,20411615.821737137,401.82952860093474,312.81412200586306
-2.0357142857142856,0.47000000000000003,0.015,268.8794436537975,2.748766228590999,-0.12358972606852468,0.0,262680.720745049,6289.015762530921,20411615.499409117,401.82952724558163,312.814121478309
-2.0357142857142856,0.49,-0.005,268.8727120292302,2.557282730148217,-0.11867831165995571,0.0,262678.8516278594,6289.017105888987,20410998.83231881,401.82744600525666,312.8133113807892
-2.0357142857142856,0.49,0.005,268.8727120292302,2.5572811030298395,-0.11865904948137584,0.0,262678.8522548537,6289.017105790253,20410999.06252217,401.82744697426193,312.81331175796316
-2.0357142857142856,0.49,0.015,268.8727120292302,2.557282730148217,-0.11867831165995571,0.0,262678.8516278594,6289.017105888987,20410998.83231881,401.82744600525666,312.8133113807892
-2.0357142857142856,0.51,-0.005,268.86611238197474,2.3581161112560705,-0.11272172968886475,0.0,262676.9169894929,6289.018147706646,20410385.66608285,401.82523634921586,312.81245129671544
-2.0357142857142856,0.51,0.005,268.86611238197474,2.358115397021309,-0.11270262227297931,0.0,262676.91736415203,6289.018147640372,20410385.804418124,401.825236928221,312.81245152208703
-2.0357142857142856,0.51,0.015,268.86611238197474,2.3581161112560705,-0.11272172968886475,0.0,262676.9169894929,6289.018147706646,20410385.66608285,401.82523634921586,312.81245129671544
-2.0357142857142856,0.53,-0.005,268.8596573112745,2.1512988286910484,-0.10571876536576817,0.0,262674.94133376755,6289.0189284599455,20409778.497597445,401.8229286043815,312.81155303014356
-2.0357142857142856,0.53,0.005,268.8596573112745,2.1512990160193706,-0.10569989044105842,0.0,262674.94145484426,6289.01892841755,20409778.54468977,401.82292879203413,312.8115531031856
-2.0357142857142856,0.53,0.015,268.8596573112745,2.1512988286910484,-0.10571876536576817,0.0,262674.94133376755,6289.0189284599455,20409778.497597445,401.8229286043815,312.81155303014356
-2.0357142857142856,0.55,-0.005,268.8533579230399,1.9368639389825697,-0.09767206936658873,0.0,262672.94991216983,6289.019491151699,20409179.756336786,401.82055400568504,312.81062873868257
-2.0357142857142856,0.55,0.005,268.8533579230399,1.9368650127612184,-0.09765350235238339,0.0,262672.949779903,6289.019491126097,20409179.71317294,401.82055380294247,312.81062865976673
-2.0357142857142856,0.55,0.015,268.8533579230399,1.9368639389825697,-0.09767206936658873,0.0,262672.94991216983,6289.019491151699,20409179.756336786,401.82055400568504,312.81062873868257
-2.0357142857142856,0.57,-0.005,268.84722449774864,1.7148455463488714,-0.08858816062649288,0.0,262670.9679351476,6289.019878885945,20408591.79397543,401.81814349342704,312.8096904653932
-2.0357142857142856,0.57,0.005,268.84722449774864,1.7148474877977646,-0.08856997434515021,0.0,262670.9675512395,6289.019878871538,20408591.66189524,401.81814290351576,312.8096902357745
-2.0357142857142856,0.57,0.015,268.84722449774864,1.7148455463488714,-0.08858816062649288,0.0,262670.9679351476,6289.019878885945,20408591.79397543,401.81814349342704,312.8096904653932
-2.0357142857142856,0.59,-0.005,268.84126715063127,1.4852781867928497,-0.07847737921505993,0.0,262669.01982858725,6289.02013256587,20408016.8771248,401.815726583305,312.8087496989591
-2.0357142857142856,0.59,0.005,268.84126715063127,1.4852809736214443,-0.07845964362953806,0.0,262669.0191961488,6289.02013255846,20408016.657810163,401.8157256116304,312.80874932074056
-2.0357142857142856,0.59,0.015,268.84126715063127,1.4852781867928497,-0.07847737921505993,0.0,262669.01982858725,6289.02013256587,20408016.8771248,401.815726583305,312.8087496989591
-2.0357142857142856,0.61,-0.005,268.83549637965166,1.2481973245903328,-0.06735387366262936,0.0,262667.12858406146,6289.020288898556,20407457.178678848,401.8133303766675,312.80781698842765
-2.0357142857142856,0.61,0.005,268.83549637965166,1.2482009311627398,-0.0673366556598127,0.0,262667.1277075356,6289.020288895186,20407456.87414308,401.8133290306911,312.80781646451277
-2.0357142857142856,0.61,0.015,268.83549637965166,1.2481973245903328,-0.06735387366262936,0.0,262667.12858406146,6289.020288898556,20407457.178678848,401.8133303766675,312.80781698842765
-2.0357142857142856,0.63,-0.005,268.82992350889015,1.0036385525961764,-0.055235519747999666,0.0,262665.315273086,6289.020378886603,20406914.774127748,401.8109788249153,312.806901656866
-2.0357142857142856,0.63,0.005,268.82992350889015,1.003642949936959,-0.055218882904055584,0.0,262665.31415817444,6289.020378885344,20406914.38671173,401.8109771140357,312.8069009909124
-2.0357142857142856,0.63,0.015,268.82992350889015,1.0036385525961764,-0.055235519747999666,0.0,262665.315273086,6289.020378886603,20406914.774127748,401.8109788249153,312.806901656866
-2.0357142857142856,0.65,-0.005,268.8245608478968,0.7516390612564546,-0.042143933230717405,0.0,262663.59874027775,6289.020426957257,20406391.63003515,401.8086922633256,312.8060116198815
-2.0357142857142856,0.65,0.005,268.8245608478968,0.7516442175542397,-0.04212793754161094,0.0,262663.5973937401,6289.020426956964,20406391.162362065,401.80869019856453,312.8060108161785
-2.0357142857142856,0.65,0.015,268.8245608478968,0.7516390612564546,-0.042143933230717405,0.0,262663.59874027775,6289.020426957257,20406391.63003515,401.8086922633256,312.8060116198815
-2.0357142857142856,0.67,-0.005,268.81942171464743,0.49223552851728136,-0.028104296899869066,0.0,262661.99554615543,6289.020450819417,20405889.601815376,401.80648733305117,312.805153355234
-2.0357142857142856,0.67,0.005,268.81942171464743,0.4922414092237999,-0.028088998594281607,0.0,262661.9939757195,6289.020450819495,20405889.05678413,401.80648492690926,312.8051524186468
-2.0357142857142856,0.67,0.015,268.81942171464743,0.49223552851728136,-0.028104296899869066,0.0,262661.99554615543,6289.020450819417,20405889.601815376,401.80648733305117,312.805153355234
-2.0357142857142856,0.69,-0.005,268.814520145449,0.22546725942196807,-0.013145419240613423,0.0,262660.52011533175,6289.020462040663,20405410.423398793,401.8043772106361,312.8043319921488
-2.0357142857142856,0.69,0.005,268.814520145449,0.22547382431520213,-0.013130870541758639,0.0,262660.5183295966,6289.020462040846,20405409.80417179,401.80437447693936,312.8043309280585
-2.0357142857142856,0.69,0.015,268.814520145449,0.22546725942196807,-0.013145419240613423,0.0,262660.52011533175,6289.020462040663,20405410.423398793,401.8043772106361,312.8043319921488
-2.0357142857142856,0.71,-0.005,268.8098744377788,-0.04848529654673638,0.0026985131685597964,0.0,262659.1861768093,6289.0204671755855,20404956.089123603,401.8023738320536,312.803552177
-2.0357142857142856,0.71,0.005,268.8098744377788,-0.04847808364410238,0.0027122637422250678,0.0,262659.18418520124,6289.020467175787,20404955.39912602,401.80237078587317,312.8035509912727
-2.0357142857142856,0.71,0.015,268.8098744377788,-0.04848529654673638,0.0026985131685597964,0.0,262659.1861768093,6289.0204671755855,20404956.089123603,401.8023738320536,312.803552177
-2.0357142857142856,0.73,-0.005,268.8055198888832,-0.3287843280973056,0.019387659628198235,0.0,262658.0107342887,6289.020469619421,20404530.158021837,401.8004945350924,312.80282065885734
-2.0357142857142856,0.73,0.005,268.8055198888832,-0.32877648785643965,0.019400567013346273,0.0,262658.00854704063,6289.020469619627,20404529.400945775,401.8004911927142,312.80281935783194
-2.0357142857142856,0.73,0.015,268.8055198888832,-0.3287843280973056,0.019387659628198235,0.0,262658.0107342887,6289.020469619421,20404530.158021837,401.8004945350924,312.80282065885734
-2.0357142857142856,0.7499999999999999,-0.005,268.8014522719589,-0.6160299307652669,0.036948434321938804,0.0,262656.99877221655,6289.020470433096,20404132.249037616,401.7987381493783,312.80213698248883
-2.0357142857142856,0.7499999999999999,0.005,268.8014522719589,-0.6160215026780629,0.03696045854998016,0.0,262656.9964001648,6289.020470433305,20404131.428779554,401.79873452799944,312.8021355728589
-2.0357142857142856,0.7499999999999999,0.015,268.8014522719589,-0.6160299307652669,0.036948434321938804,0.0,262656.99877221655,6289.020470433096,20404132.249037616,401.7987381493783,312.80213698248883
-2.0357142857142856,0.77,-0.005,268.79768203473174,-0.9102467656883427,0.055353949456598536,0.0,262656.15929395525,6289.0204696114115,20403763.38370295,401.7971091882317,312.8015029050319
-2.0357142857142856,0.77,0.005,268.79768203473174,-0.9102377933080354,0.05536505454309703,0.0,262656.15674852324,6289.020469611621,20403762.50435519,401.7971053059151,312.8015013938283
-2.0357142857142856,0.77,0.015,268.79768203473174,-0.9102467656883427,0.055353949456598536,0.0,262656.15929395525,6289.0204696114115,20403763.38370295,401.7971091882317,312.8015029050319
-2.0357142857142856,0.79,-0.005,268.7942202469752,-1.2113951948113204,0.0745680702324058,0.0,262655.50154809357,6289.020467083624,20403424.64233446,401.79561239310135,312.800920272415
-2.0357142857142856,0.79,0.005,268.7942202469752,-1.2113857233105916,0.07457822392351052,0.0,262655.4988414231,6289.020467083834,20403423.708229076,401.79560826897097,312.8009186670817
-2.0357142857142856,0.79,0.015,268.7942202469752,-1.2113951948113204,0.0745680702324058,0.0,262655.50154809357,6289.020467083624,20403424.64233446,401.79561239310135,312.800920272415
-2.0357142857142856,0.81,-0.005,268.79107576951156,-1.5195128087100644,0.09455344440366505,0.0,262655.0343854793,6289.020462810321,20403116.89016098,401.79425157051384,312.80039056663304
-2.0357142857142856,0.81,0.005,268.79107576951156,-1.5195028846061214,0.09456261839682166,0.0,262655.03153027635,6289.020462810531,20403115.90581542,401.7942472245139,312.80038887493333
-2.0357142857142856,0.81,0.015,268.79107576951156,-1.5195128087100644,0.09455344440366505,0.0,262655.0343854793,6289.020462810321,20403116.89016098,401.79425157051384,312.80039056663304
-2.0357142857142856,0.8299999999999998,-0.005,268.7882567667683,-1.8346043881460978,0.11526551336484776,0.0,262654.7666050327,6289.020456790318,20402840.92554371,401.7930302496888,312.7999151617213
-2.0357142857142856,0.8299999999999998,0.005,268.7882567667683,-1.834594059145809,0.11527368355349264,0.0,262654.763614404,6289.020456790528,20402839.89560272,401.79302570232784,312.7999133916382
-2.0357142857142856,0.8299999999999998,0.015,268.7882567667683,-1.8346043881460978,0.11526551336484776,0.0,262654.7666050327,6289.020456790318,20402840.92554371,401.7930302496888,312.7999151617213
-2.0357142857142856,0.8500000000000001,-0.005,268.7857704035968,-2.156654943079641,0.13665428653447695,0.0,262654.70685116336,6289.020449075858,20402597.450741865,401.79195156064856,312.79949527630606
-2.0357142857142856,0.8500000000000001,0.005,268.7857704035968,-2.1566442577411733,0.1366614329549352,0.0,262654.70373859117,6289.020449076072,20402596.379967656,401.7919468329557,312.79949343602533
-2.0357142857142856,0.8500000000000001,0.015,268.7857704035968,-2.156654943079641,0.13665428653447695,0.0,262654.70685116336,6289.020449075858,20402597.450741865,401.79195156064856,312.79949527630606
-2.0357142857142856,0.87,-0.005,268.78362257825245,-2.4856406017998838,0.15866536102594392,0.0,262654.863536336,6289.020439782262,20402387.046091635,401.7910181247502,312.7991319309898
-2.0357142857142856,0.87,0.005,268.78362257825245,-2.485629609206336,0.15867146780075828,0.0,262654.8603156526,6289.020439782483,20402385.93935397,401.7910132382321,312.7991300288832
-2.0357142857142856,0.87,0.015,268.78362257825245,-2.4856406017998838,0.15866536102594392,0.0,262654.863536336,6289.020439782262,20402387.046091635,401.7910181247502,312.7991319309898
-2.0357142857142856,0.89,-0.005,268.7818179742506,-2.8215325635175077,0.18124030640192829,0.0,262655.24485242565,6289.020429093587,20402210.175268713,401.79023208056304,312.7988259584212
-2.0357142857142856,0.89,0.005,268.7818179742506,-2.821521313520324,0.18124536176229492,0.0,262655.2415377643,6289.020429093821,20402209.037526526,401.79022705712225,312.7988240030148
-2.0357142857142856,0.89,0.015,268.7818179742506,-2.8215325635175077,0.18124030640192829,0.0,262655.24485242565,6289.020429093587,20402210.175268713,401.79023208056304,312.7988259584212
-2.0357142857142856,0.91,-0.005,268.7803602868052,-3.164300219330315,0.20431736298130496,0.0,262655.8588351633,6289.020417266054,20402067.207558036,401.7895951837857,312.79857804218625
-2.0357142857142856,0.91,0.005,268.7803602868052,-3.1642887625725513,0.20432135918917715,0.0,262655.8554408969,6289.020417266313,20402066.043836776,401.78959004562154,312.79857604212145
-2.0357142857142856,0.91,0.015,268.7803602868052,-3.164300219330315,0.20431736298130496,0.0,262655.8588351633,6289.020417266054,20402067.207558036,401.7895951837857,312.79857804218625
-2.0357142857142856,0.93,-0.005,268.7792521775126,-3.513911517676541,0.22783214521730266,0.0,262656.7133572792,6289.020404653885,20401958.414222468,401.7891088034969,312.7983887153463
-2.0357142857142856,0.93,0.005,268.7792521775126,-3.5138999043412027,0.22783507833717986,0.0,262656.70989797136,6289.020404654184,20401957.229597434,401.78910357303147,312.7983866793514
-2.0357142857142856,0.93,0.015,268.7792521775126,-3.513911517676541,0.22783214521730266,0.0,262656.7133572792,6289.020404653885,20401958.414222468,401.7891088034969,312.7983887153463
-2.0357142857142856,0.9500000000000001,-0.005,268.7784948340272,-3.87033907155519,0.2517179573635097,0.0,262657.8160237602,6289.020391712235,20401883.92551402,401.78877373371466,312.7982582870848
-2.0357142857142856,0.9500000000000001,0.005,268.7784948340272,-3.8703273513441006,0.25171982715681973,0.0,262657.81251411926,6289.020391712595,20401882.72509354,401.78876843351946,312.7982562239463
-2.0357142857142856,0.9500000000000001,0.015,268.7784948340272,-3.87033907155519,0.2517179573635097,0.0,262657.8160237602,6289.020391712235,20401883.92551402,401.78877373371466,312.7982582870848
-2.0357142857142856,0.97,-0.005,268.7780882337584,-4.2335454843674105,0.27590456237168115,0.0,262659.17420340725,6289.020379031582,20401843.75755013,401.7885903284414,312.79818689527366
-2.0357142857142856,0.97,0.005,268.7780882337584,-4.233533706704106,0.2759053722240378,0.0,262659.17065823753,6289.0203790320265,20401842.546457697,401.78858498115824,312.7981848138053
-2.0357142857142856,0.97,0.015,268.7780882337584,-4.2335454843674105,0.27590456237168115,0.0,262659.17420340725,6289.020379031582,20401843.75755013,401.7885903284414,312.79818689527366
-2.0357142857142856,0.99,-0.005,268.7780113051924,-4.602323144313338,0.3002276066777935,0.0,262660.7914391804,6289.020385741848,20401836.44805207,401.78856125351587,312.79817557764994
-2.0357142857142856,0.99,0.005,268.7780113051924,-4.602311333887144,0.3002273909963941,0.0,262660.7878664033,6289.0203857427805,20401835.22899947,401.78855587131613,312.79817348258996
-2.0357142857142856,0.99,0.015,268.7780113051924,-4.602323144313338,0.3002276066777935,0.0,262660.7914391804,6289.020385741848,20401836.44805207,401.78856125351587,312.79817557764994
-2.0357142857142856,1.01,-0.005,268.77837782353527,6.27604062909453e-06,-4.094107689508123e-07,0.0,262660.895082055,6289.046856555876,20402698.473335866,401.8049898301603,312.80457045392126
-2.0357142857142856,1.01,0.005,268.77874434187805,4.602323144313338,-0.3002276066777935,0.0,262660.99872464687,6289.0203864001805,20401908.19211523,401.7888783480522,312.79829900895487
-2.0357142857142856,1.01,0.015,268.77837782353527,6.27604062909453e-06,-4.094107689508123e-07,0.0,262660.895082055,6289.046856555876,20402698.473335866,401.8049898301603,312.80457045392126
-1.9642857142857144,-0.01,-0.005,269.00094306219285,4.981478575690738,8.254417898257526e-19,0.0,262717.7562798221,6289.001130756166,20423046.73559344,401.872992688741,312.8310393947789
-1.9642857142857144,-0.01,0.005,269.00094306219285,4.981478575690739,0.005520228431491919,0.0,262717.7562798221,6289.001130718253,20423046.73440894,401.8729926654331,312.8310393857071
-1.9642857142857144,-0.01,0.015,269.00094306219285,4.981478575690738,8.254417898257526e-19,0.0,262717.7562798221,6289.001130756166,20423046.73559344,401.872992688741,312.8310393947789
-1.9642857142857144,0.01,-0.005,269.0009430621928,4.981478575690739,-0.005520228431491919,0.0,262717.7562798221,6289.001130718253,20423046.734408937,401.8729926654331,312.8310393857071
-1.9642857142857144,0.01,0.005,269.0009430621928,4.981461505547213,-0.0055194033848432736,0.0,262717.7610306315,6289.001130005359,20423048.488268487,401.8730000630627,312.83104226498506
-1.9642857142857144,0.01,0.015,269.0009430621928,4.981478575690739,-0.005520228431491919,0.0,262717.7562798221,6289.001130718253,20423046.734408937,401.8729926654331,312.8310393857071
-1.9642857142857144,0.03,-0.005,269.0003736865145,4.973197140966518,-0.0165274759377208,0.0,262717.62642996747,6289.001309676555,20422996.614361558,401.87285689769647,312.83098654268633
-1.9642857142857144,0.03,0.005,269.0003736865145,4.973180136569124,-0.016525127938862533,0.0,262717.6311554346,6289.001308970355,20422998.35855601,401.8728642558947,312.8309894066175
-1.9642857142857144,0.03,0.015,269.0003736865145,4.973197140966518,-0.0165274759377208,0.0,262717.62642996747,6289.001309676555,20422996.614361558,401.87285689769647,312.83098654268633
-1.9642857142857144,0.05,-0.005,268.9992379372582,4.956738450529329,-0.02742700242461646,0.0,262717.3659092103,6289.001661704941,20422896.47714956,401.872583006359,312.8308799396769
-1.9642857142857144,0.05,0.005,268.9992379372582,4.956721577173923,-0.02742310219908656,0.0,262717.37060399505,6289.00166101191,20422898.208975546,401.87259031630344,312.8308827848279
-1.9642857142857144,0.05,0.015,268.9992379372582,4.956738450529329,-0.02742700242461646,0.0,262717.3659092103,6289.001661704941,20422896.47714956,401.872583006359,312.8308799396769
-1.9642857142857144,0.07,-0.005,268.9975434403706,4.9321147137402095,-0.03814994361715464,0.0,262716.9740770295,6289.002178694702,20422746.81917887,401.8721693112253,312.83071892266366
-1.9642857142857144,0.07,0.005,268.9975434403706,4.932098036201898,-0.03814451107993618,0.0,262716.9787258456,6289.002178021007,20422748.532520197,401.8721765488896,312.8307217396835
-1.9642857142857144,0.07,0.015,268.9975434403706,4.9321147137402095,-0.03814994361715464,0.0,262716.9740770295,6289.002178694702,20422746.81917887,401.8721693112253,312.83071892266366
-1.9642857142857144,0.09,-0.005,268.99530171415245,4.899333418693696,-0.04862832573703257,0.0,262716.45010621136,6289.002848935559,20422548.40177426,401.8716135818096,312.83050262341976
-1.9642857142857144,0.09,0.005,268.99530171415245,4.8993170006508375,-0.04862138854381241,0.0,262716.4546938726,6289.002848286932,20422550.090601586,401.87162072334024,312.8305054030247
-1.9642857142857144,0.09,0.015,268.99530171415245,4.899333418693696,-0.04862832573703257,0.0,262716.45010621136,6289.002848935559,20422548.40177426,401.8716135818096,312.83050262341976
-1.9642857142857144,0.11,-0.005,268.9925278586372,4.858403608641032,-0.05879516998476926,0.0,262715.79304570676,6289.00365738875,20422302.232793268,401.87091308658955,312.8302299786747
-1.9642857142857144,0.11,0.005,268.9925278586372,4.858387512385828,-0.05878676334661204,0.0,262715.7975571587,6289.003656770357,20422303.89118993,401.8709201083597,312.8302327116692
-1.9642857142857144,0.11,0.015,268.9925278586372,4.858403608641032,-0.05879516998476926,0.0,262715.79304570676,6289.00365738875,20422302.232793268,401.87091308658955,312.8302299786747
-1.9642857142857144,0.13,-0.005,268.98924033221607,4.809336163530749,-0.06858474248108799,0.0,262715.00193797075,6289.00458613402,20422009.5587385,401.8700647715622,312.8298997996091
-1.9642857142857144,0.13,0.005,268.98924033221607,4.809320449643008,-0.0685749089112418,0.0,262715.0063583303,6289.004585550358,20422011.180927366,401.87007165023823,312.82990247691174
-1.9642857142857144,0.13,0.015,268.98924033221607,4.809336163530749,-0.06858474248108799,0.0,262715.00193797075,6289.00458613402,20422009.5587385,401.8700647715622,312.8298997996091
-1.9642857142857144,0.15,-0.005,268.9854606890874,4.752143774364212,-0.07793280238779292,0.0,262714.0759587464,6289.005614904127,20421671.85577201,401.86906547572244,312.8295108557201
-1.9642857142857144,0.15,0.005,268.9854606890874,4.752128501395316,-0.07792159139888753,0.0,262714.08027334535,6289.005614358927,20421673.436141558,401.869072188336,312.8295134683915
-1.9642857142857144,0.15,0.015,268.9854606890874,4.752143774364212,-0.07793280238779292,0.0,262714.0759587464,6289.005614904127,20421671.85577201,401.86906547572244,312.8295108557201
-1.9642857142857144,0.17,-0.005,268.98121327653564,4.686840947392493,-0.08677684449969529,0.0,262713.01457338,6289.006721688721,20421290.818965245,401.8679121718682,312.82906196854464
-1.9642857142857144,0.17,0.005,268.98121327653564,4.686826171565741,-0.08676431225422317,0.0,262713.0187678133,6289.006721184893,20421292.352094702,401.86791869589575,312.82906450781854
-1.9642857142857144,0.17,0.015,268.98121327653564,4.686840947392493,-0.08677684449969529,0.0,262713.01457338,6289.006721688721,20421290.818965245,401.8679121718682,312.82906196854464
-1.9642857142857144,0.19,-0.005,268.9765249039128,4.613443942822643,-0.09505633301073604,0.0,262711.81770552334,6289.0078833901,20420868.350398798,401.86660222709185,312.8285521130459
-1.9642857142857144,0.19,0.005,268.9765249039128,4.61342971774897,-0.09504254192862702,0.0,262711.8217657024,6289.007882929682,20420869.831082176,401.86660854054,312.82855457036237
-1.9642857142857144,0.19,0.015,268.9765249039128,4.613443942822643,-0.09505633301073604,0.0,262711.81770552334,6289.0078833901,20420868.350398798,401.86660222709185,312.8285521130459
-1.9642857142857144,0.21,-0.005,268.971424487318,4.531970723681509,-0.10271292383877402,0.0,262710.48591111717,6289.009076509445,20420406.545833547,401.86513367151343,312.827980522209
-1.9642857142857144,0.21,0.005,268.971424487318,4.531957100094016,-0.102697942166371,0.0,262710.48982332763,6289.00907609359,20420407.969102502,401.8651397530126,312.82798288925073
-1.9642857142857144,0.21,0.015,268.971424487318,4.531970723681509,-0.10271292383877402,0.0,262710.48591111717,6289.009076509445,20420406.545833547,401.86513367151343,312.827980522209
-1.9642857142857144,0.23,-0.005,268.96594267904356,4.442440940587604,-0.10969067739159709,0.0,262709.02055127017,6289.010277841025,20419907.68013633,401.8635054653204,312.82734679097865
-1.9642857142857144,0.23,0.005,268.96594267904356,4.4424279660968,-0.10967457873665268,0.0,262709.0243022342,6289.010277470013,20419909.041281596,401.8635112942235,312.82734905970955
-1.9642857142857144,0.23,0.015,268.96594267904356,4.442440940587604,-0.10969067739159709,0.0,262709.02055127017,6289.010277841025,20419907.68013633,401.8635054653204,312.82734679097865
-1.9642857142857144,0.25,-0.005,268.96011149215843,4.344875882454953,-0.11593626029192701,0.0,262707.42395734653,6289.011465151262,20419374.19175319,401.861717754381,312.8266509757524
-1.9642857142857144,0.25,0.005,268.96011149215843,4.344863601326134,-0.11591912312959468,0.0,262707.42753428995,6289.011464824534,20419375.48634464,401.8617233108695,312.8266531384586
-1.9642857142857144,0.25,0.015,268.96011149215843,4.344875882454953,-0.11593626029192701,0.0,262707.42395734653,6289.011465151262,20419374.19175319,401.861717754381,312.8266509757524
-1.9642857142857144,0.27,-0.005,268.95396392942115,4.239298428745863,-0.12139913465315298,0.0,262705.6995814233,6289.012617818797,20418808.66638296,401.8597721037089,312.82589368525475
-1.9642857142857144,0.27,0.005,268.95396392942115,4.239286881698908,-0.1213810418081341,0.0,262705.70297214534,6289.0126175350115,20418809.890288044,401.85977736890226,312.8258957345875
-1.9642857142857144,0.27,0.015,268.95396392942115,4.239298428745863,-0.12139913465315298,0.0,262705.6995814233,6289.012617818797,20418808.66638296,401.8597721037089,312.82589368525475
-1.9642857142857144,0.29,-0.005,268.9475336264903,4.125732974441801,-0.12603173227596304,0.0,262703.85212502285,6289.013717411176,20418213.82006646,401.8576716981085,312.82507615864074
-1.9642857142857144,0.29,0.005,268.9475336264903,4.125722198474036,-0.1260127703859751,0.0,262703.8553179694,6289.013717168297,20418214.96946704,401.8576766541784,312.8250780876607
-1.9642857142857144,0.29,0.015,268.9475336264903,4.125732974441801,-0.12603173227596304,0.0,262703.85212502285,6289.013717411176,20418213.82006646,401.8576716981085,312.82507615864074
-1.9642857142857144,0.31,-0.005,268.9408545138239,4.004205455221012,-0.12978961875604833,0.0,262701.8876392678,6289.014748176734,20417592.48145057,401.8554214986988,312.8242003264286
-1.9642857142857144,0.31,0.005,268.9408545138239,4.004195483456241,-0.12976987772199555,0.0,262701.89062360517,6289.01474797213,20417593.55285799,401.8554261289834,312.82420212865026
-1.9642857142857144,0.31,0.015,268.9408545138239,4.004205455221012,-0.12978961875604833,0.0,262701.8876392678,6289.014748176734,20417592.48145057,401.8554214986988,312.8242003264286
-1.9642857142857144,0.33,-0.005,268.9339605142076,3.874743207756347,-0.13263163965775546,0.0,262699.8135917378,6289.015697430773,20416947.57423393,401.85302834979865,312.82326885211535
-1.9642857142857144,0.33,0.005,268.9339605142076,3.8747340693175665,-0.13261121208589915,0.0,262699.8163574277,6289.01569726133,20416948.564502396,401.8530326389186,312.8232705215522
-1.9642857142857144,0.33,0.015,268.9339605142076,3.874743207756347,-0.13263163965775546,0.0,262699.8135917378,6289.015697430773,20416947.57423393,401.85302834979865,312.82326885211535
-1.9642857142857144,0.35,-0.005,268.92688527468874,3.7373749456854917,-0.13452005211664908,0.0,262697.6388940557,6289.01655581906,20416282.099144693,401.8505010252061,312.8222851502047
-1.9642857142857144,0.35,0.005,268.92688527468874,3.737366665592075,-0.13449903275778288,0.0,262697.641431927,6289.016555681316,20416283.005482677,401.85050495917403,312.82228668141204
-1.9642857142857144,0.35,0.015,268.92688527468874,3.7373749456854917,-0.13452005211664908,0.0,262697.6388940557,6289.01655581906,20416282.099144693,401.8505010252061,312.8222851502047
-1.9642857142857144,0.37,-0.005,268.91966193830433,3.5921308050180643,-0.13542064940587936,0.0,262695.3738862234,6289.017317445637,20415599.11557194,401.84785020819,312.8212533784365
-1.9642857142857144,0.37,0.005,268.91966193830433,3.5921234041130496,-0.13539913459662056,0.0,262695.3761880426,6289.017317335906,20415599.935551867,401.84785377451834,312.82125476655307
-1.9642857142857144,0.37,0.015,268.91966193830433,3.5921308050180643,-0.13542064940587936,0.0,262695.3738862234,6289.017317445637,20415599.11557194,401.84785020819,312.8212533784365
-1.9642857142857144,0.39,-0.005,268.91232297295477,3.439042184329801,-0.13530286426991892,0.0,262693.0302787355,6289.017979857789,20414901.724328224,401.8450884083316,312.82017840543705
-1.9642857142857144,0.39,0.005,268.91232297295477,3.4390356792272416,-0.13528095138050372,0.0,262693.0323372704,6289.017979772301,20414902.45589411,401.84509159612895,312.8201796462228
-1.9642857142857144,0.39,0.015,268.91232297295477,3.439042184329801,-0.13530286426991892,0.0,262693.0302787355,6289.017979857789,20414901.724328224,401.8450884083316,312.82017840543705
-1.9642857142857144,0.41,-0.005,268.9049000451771,3.2781416331549784,-0.13413985072842177,0.0,262690.6210493396,6289.018543886425,20414193.050289817,401.84222980882123,312.81906575130125
-1.9642857142857144,0.41,0.005,268.9049000451771,3.2781360362136027,-0.13411763762151158,0.0,262690.62285841623,6289.018543821446,20414193.691762887,401.8422326088776,312.8190668411706
-1.9642857142857144,0.41,0.015,268.9049000451771,3.2781416331549784,-0.13413985072842177,0.0,262690.6210493396,6289.018543886425,20414193.050289817,401.84222980882123,312.81906575130125
-1.9642857142857144,0.43,-0.005,268.8974239412427,3.1094628064751997,-0.13190855241611874,0.0,262688.1602976239,6289.019013347948,20413476.22534471,401.8392900490424,312.8179215029853
-1.9642857142857144,0.43,0.005,268.8974239412427,3.1094581257963108,-0.1318861369220433,0.0,262688.1618521763,6289.0190132999,20413476.77542742,401.8392924539033,312.8179224390356
-1.9642857142857144,0.43,0.015,268.8974239412427,3.1094628064751997,-0.13190855241611874,0.0,262688.1602976239,6289.019013347948,20413476.22534471,401.8392900490424,312.8179215029853
-1.9642857142857144,0.45,-0.005,268.8899245205181,2.933040911683623,-0.1285897905630491,0.0,262685.66305993043,6289.019394621494,20412754.370607752,401.83628594444787,312.81675220528984
-1.9642857142857144,0.45,0.005,268.8899245205181,2.9330371511347533,-0.12856726997497617,0.0,262685.6643560401,6289.0193945870515,20412754.828386288,401.83628794847164,312.81675298532423
-1.9642857142857144,0.45,0.015,268.8899245205181,2.933040911683623,-0.1285897905630491,0.0,262685.66305993043,6289.019394621494,20412754.370607752,401.83628594444787,312.81675220528984
-1.9642857142857144,0.47,-0.005,268.8824307411456,2.7489120279495296,-0.12416829968770608,0.0,262683.1450992064,6289.019696122373,20412030.58247691,401.8332351738731,312.81556473916544
-1.9642857142857144,0.47,0.005,268.8824307411456,2.7489091872059213,-0.12414577027817013,0.0,262683.1461341302,6289.019696098541,20412030.94742138,401.8332367732704,312.81556536170774
-1.9642857142857144,0.47,0.015,268.8824307411456,2.7489120279495296,-0.12416829968770608,0.0,262683.1450992064,6289.019696122373,20412030.58247691,401.8332351738731,312.81556473916544
-1.9642857142857144,0.49,-0.005,268.8749707015795,2.557113140262023,-0.11863274860526683,0.0,262680.62267218804,6289.019927702033,20411307.917950876,401.8301559285335,312.8143661851001
-1.9642857142857144,0.49,0.005,268.8749707015795,2.5571112148625654,-0.11861030516528197,0.0,262680.6234443732,6289.019927686206,20411308.18991367,401.8301571213865,312.8143666494027
-1.9642857142857144,0.49,0.015,268.8749707015795,2.557113140262023,-0.11863274860526683,0.0,262680.62267218804,6289.019927702033,20411307.917950876,401.8301559285335,312.8143661851001
-1.9642857142857144,0.51,-0.005,268.8675716916777,2.3576822868682212,-0.11197576332162346,0.0,262678.1122836695,6289.020100008959,20410589.37966786,401.82706654114827,312.8131636787674
-1.9642857142857144,0.51,0.005,268.8675716916777,2.35768126831148,-0.11195349872794373,0.0,262678.11279275455,6289.020099998945,20410589.55887967,401.82706732740706,312.81316398480965
-1.9642857142857144,0.51,0.015,268.8675716916777,2.3576822868682212,-0.11197576332162346,0.0,262678.1122836695,6289.020100008959,20410589.37966786,401.82706654114827,312.8131636787674
-1.9642857142857144,0.53,-0.005,268.86026025405096,2.150658646420376,-0.10419394997863633,0.0,262675.6304445773,6289.0202238529655,20409877.90206043,401.8239851216038,312.8119642692148
-1.9642857142857144,0.53,0.005,268.86026025405096,2.1506585223021806,-0.10417195479718923,0.0,262675.63069137756,6289.020223846994,20409877.98912364,401.8239855030598,312.8119644176927
-1.9642857142857144,0.53,0.015,268.86026025405096,2.150658646420376,-0.10419394997863633,0.0,262675.6304445773,6289.0202238529655,20409877.90206043,401.8239851216038,312.8119642692148
-1.9642857142857144,0.55,-0.005,268.85306226949416,1.9360820500446378,-0.09528787522572352,0.0,262673.1934534969,6289.020309614463,20409176.341267522,401.82092923063834,312.8107747918461
-1.9642857142857144,0.55,0.005,268.85306226949416,1.9360828040909623,-0.09526623733812867,0.0,262673.1934400013,6289.020309611162,20409176.337155778,401.820929210914,312.8107747841686
-1.9642857142857144,0.55,0.015,268.85306226949416,1.9360820500446378,-0.09528787522572352,0.0,262673.1934534969,6289.020309614463,20409176.341267522,401.82092923063834,312.8107747918461
-1.9642857142857144,0.57,-0.005,268.8460029916638,1.713993501570028,-0.08526206846838917,0.0,262670.81720168015,6289.020366742149,20408487.46286896,401.81791558608086,312.80960175407233
-1.9642857142857144,0.57,0.005,268.8460029916638,1.7139951138379788,-0.085240872696552,0.0,262670.8169309931,6289.02036674051,20408487.36890995,401.8179151705347,312.80960159232393
-1.9642857142857144,0.57,0.015,268.8460029916638,1.713993501570028,-0.08526206846838917,0.0,262670.81720168015,6289.020366742149,20408487.46286896,401.81791558608086,312.80960175407233
-1.9642857142857144,0.59,-0.005,268.83910705733757,1.484434479979285,-0.07412495813227359,0.0,262668.5170181425,6289.0204033743485,20407813.931075633,401.8149598344762,312.8084512464086
-1.9642857142857144,0.59,0.005,268.83910705733757,1.4844369270643523,-0.07410428589260018,0.0,262668.5164944309,6289.020403373674,20407813.74893708,401.8149590301163,312.80845093331595
-1.9642857142857144,0.59,0.015,268.83910705733757,1.484434479979285,-0.07412495813227359,0.0,262668.5170181425,6289.0204033743485,20407813.931075633,401.8149598344762,312.8084512464086
-1.9642857142857144,0.61,-0.005,268.8323984482299,1.247447517021367,-0.06188885237566243,0.0,262666.30756433576,6289.020426111768,20407158.297911733,401.81207639486456,312.8073288816543
-1.9642857142857144,0.61,0.005,268.8323984482299,1.2474507712618974,-0.06186878132909273,0.0,262666.30679277476,6289.020426111603,20407158.029588055,401.8120752102605,312.80732842055215
-1.9642857142857144,0.61,0.015,268.8323984482299,1.247447517021367,-0.06188885237566243,0.0,262666.30756433576,6289.020426111768,20407158.297911733,401.81207639486456,312.8073288816543
-1.9642857142857144,0.63,-0.005,268.82590044318795,1.0030747132943045,-0.04856980910342813,0.0,262664.20278808946,6289.020439952009,20406522.99650737,401.80927839784204,312.80623977115977
-1.9642857142857144,0.63,0.005,268.82590044318795,1.003078743311738,-0.04855041290637332,0.0,262664.2017748148,6289.020439952087,20406522.644307863,401.8092768430441,312.806239165959
-1.9642857142857144,0.63,0.015,268.82590044318795,1.0030747132943045,-0.04856980910342813,0.0,262664.20278808946,6289.020439952009,20406522.99650737,401.80927839784204,312.80623977115977
-1.9642857142857144,0.65,-0.005,268.81963547164264,0.7513609076148275,-0.03418775125030261,0.0,262662.2159175167,6289.0204483790285,20405910.329566862,401.8065776771968,312.80518852155615
-1.9642857142857144,0.65,0.005,268.81963547164264,0.7513656829506165,-0.03416909961587537,0.0,262662.2146695829,6289.02044837921,20405909.896105144,401.80657576365894,312.8051877767145
-1.9642857142857144,0.65,0.015,268.81963547164264,0.7513609076148275,-0.03418775125030261,0.0,262662.2159175167,6289.0204483790285,20405910.329566862,401.8065776771968,312.80518852155615
-1.9642857142857144,0.67,-0.005,268.81362507661385,0.4923499861930994,-0.01876623110468618,0.0,262660.3595285893,6289.020453579655,20405322.472523738,401.8039848869573,312.8041792803029
-1.9642857142857144,0.67,0.005,268.81362507661385,0.4923554715559355,-0.018748389367334115,0.0,262660.35805392324,6289.020453579872,20405321.960707568,401.8039826274704,312.8041784007982
-1.9642857142857144,0.67,0.015,268.81362507661385,0.4923499861930994,-0.01876623110468618,0.0,262660.3595285893,6289.020453579655,20405322.472523738,401.8039848869573,312.8041792803029
-1.9642857142857144,0.69,-0.005,268.80788967313606,0.22608896494873873,-0.0023325869037326076,0.0,262658.64559542114,6289.020456742525,20404761.459258344,401.80150958075734,312.8032157665674
-1.9642857142857144,0.69,0.005,268.80788967313606,0.2260951224653767,-0.0023156159951571416,0.0,262658.6439027662,6289.020456742751,20404760.872271597,401.8015069893525,312.80321475786064
-1.9642857142857144,0.69,0.015,268.80788967313606,0.22608896494873873,-0.0023325869037326076,0.0,262658.64559542114,6289.020456742525,20404761.459258344,401.80150958075734,312.8032157665674
-1.9642857142857144,0.71,-0.005,268.8024516531377,-0.04726267851779472,0.015080040848574078,0.0,262657.08649717306,6289.020458415049,20404229.497045364,401.7991617724125,312.8023018786705
-1.9642857142857144,0.71,0.005,268.8024516531377,-0.047255887120650895,0.01509608430832547,0.0,262657.0845960547,6289.020458415275,20404228.838336725,401.7991588643011,312.80230074668214
-1.9642857142857144,0.71,0.015,268.8024516531377,-0.04726267851779472,0.015080040848574078,0.0,262657.08649717306,6289.020458415049,20404229.497045364,401.7991617724125,312.8023018786705
-1.9642857142857144,0.73,-0.005,268.7973463327656,-0.32702068541274887,0.03343019302769669,0.0,262655.6979770036,6289.020458912867,20403730.050413392,401.7969569165183,312.8014436327969
-1.9642857142857144,0.73,0.005,268.7973463327656,-0.32701328762065174,0.033445256457031856,0.0,262655.69587787794,6289.020458913095,20403729.3237479,401.79695370831524,312.8014423839939
-1.9642857142857144,0.73,0.015,268.7973463327656,-0.32702068541274887,0.03343019302769669,0.0,262655.6979770036,6289.020458912867,20403730.050413392,401.7969569165183,312.8014436327969
-1.9642857142857144,0.75,-0.005,268.79257586718774,-0.6136395792722302,0.05273594270473488,0.0,262654.4862850983,6289.020458062531,20403263.324069623,401.7948958423769,312.800641352214
-1.9642857142857144,0.75,0.005,268.79257586718774,-0.613631615897072,0.05274997901189976,0.0,262654.48399905855,6289.02045806276,20403262.533429008,401.79489235165477,312.800639993436
-1.9642857142857144,0.75,0.015,268.79257586718774,-0.6136395792722302,0.05273594270473488,0.0,262654.4862850983,6289.020458062531,20403263.324069623,401.7948958423769,312.800641352214
-1.9642857142857144,0.77,-0.005,268.78815362174925,-0.9071203538610478,0.07296890701026429,0.0,262653.46110253606,6289.020455739869,20402830.621148128,401.7929842521603,312.79989725695157
-1.9642857142857144,0.77,0.005,268.78815362174925,-0.9071118690247836,0.07298187396924034,0.0,262653.458641289,6289.020455740099,20402829.77071896,401.792980497399,312.79989579539176
-1.9642857142857144,0.77,0.015,268.78815362174925,-0.9071203538610478,0.07296890701026429,0.0,262653.46110253606,6289.020455739869,20402830.621148128,401.7929842521603,312.79989725695157
-1.9642857142857144,0.79,-0.005,268.78409285163104,-1.2074133181276108,0.09409229017581086,0.0,262652.6321774548,6289.020451864106,20402433.23539418,401.79122782709084,312.79921355887416
-1.9642857142857144,0.79,0.005,268.78409285163104,-1.2074043575364377,0.09410415039506749,0.0,262652.6295532577,6289.020451864337,20402432.32954457,401.7912238275736,312.7992120020384
-1.9642857142857144,0.79,0.015,268.78409285163104,-1.2074133181276108,0.09409229017581086,0.0,262652.6321774548,6289.020451864106,20402433.23539418,401.79122782709084,312.79921355887416
-1.9642857142857144,0.81,-0.005,268.7804042438628,-1.5145367778361365,0.11606829957926758,0.0,262652.0087434861,6289.020446425248,20402072.211517353,401.7896311822808,312.7985920548411
-1.9642857142857144,0.81,0.005,268.7804042438628,-1.5145273886983288,0.11607902051977219,0.0,262652.0059691112,6289.020446425481,20402071.25478347,401.7896269580359,312.79859041052555
-1.9642857142857144,0.81,0.015,268.7804042438628,-1.5145367778361365,0.11606829957926758,0.0,262652.0087434861,6289.020446425248,20402072.211517353,401.7896311822808,312.7985920548411
-1.9642857142857144,0.83,-0.005,268.7770974440004,-1.8284807749960656,0.13885202902809948,0.0,262651.59987069614,6289.0204394686125,20401748.494099565,401.788198516709,312.79803437970656
-1.9642857142857144,0.83,0.005,268.7770974440004,-1.8284710054882019,0.1388615829884933,0.0,262651.59695937444,6289.020439468851,20401747.491164874,401.78819408841724,312.7980326559614
-1.9642857142857144,0.83,0.015,268.7770974440004,-1.8284807749960656,0.13885202902809948,0.0,262651.59987069614,6289.0204394686125,20401748.494099565,401.788198516709,312.79803437970656
-1.9642857142857144,0.85,-0.005,268.7741808846768,-2.149218223662648,0.16239306515526206,0.0,262651.41440027766,6289.020431105284,20401462.911149807,401.78693354549966,312.79754197995373
-1.9642857142857144,0.85,0.005,268.7741808846768,-2.149208122780994,0.16240142925903778,0.0,262651.41136564856,6289.020431105531,20401461.8668265,401.7869289344131,312.79754018505156
-1.9642857142857144,0.85,0.015,268.7741808846768,-2.149218223662648,0.16239306515526206,0.0,262651.41440027766,6289.020431105284,20401462.911149807,401.78693354549966,312.79754197995373
-1.9642857142857144,0.87,-0.005,268.77166151728676,-2.4767134101599346,0.18663647082917942,0.0,262651.4608635747,6289.020421520478,20401216.148115277,401.78583938907224,312.7971160705407
-1.9642857142857144,0.87,0.005,268.77166151728676,-2.4767030276590933,0.18664362701718973,0.0,262651.4577196445,6289.020421520742,20401215.067328494,401.7858346169445,312.7971142129494
-1.9642857142857144,0.87,0.015,268.77166151728676,-2.4767134101599346,0.18663647082917942,0.0,262651.4608635747,6289.020421520478,20401216.148115277,401.78583938907224,312.7971160705407
-1.9642857142857144,0.89,-0.005,268.7695449535409,-2.810926879087949,0.21152342512864006,0.0,262651.74751685985,6289.020410968906,20401008.76159695,401.7849186314158,312.79675765758003
-1.9642857142857144,0.89,0.005,268.7695449535409,-2.8109162655310214,0.21152936013009982,0.0,262651.7442779451,6289.020410969197,20401007.64936392,401.7849137204101,312.7967557459271
-1.9642857142857144,0.89,0.015,268.7695449535409,-2.810926879087949,0.21152342512864006,0.0,262651.74751685985,6289.020410968906,20401008.76159695,401.7849186314158,312.79675765758003
-1.9642857142857144,0.91,-0.005,268.76783557097997,-3.151820050902281,0.23699214525219098,0.0,262652.2823896187,6289.0203998080915,20400841.19071996,401.78417338611723,312.796467564037
-1.9642857142857144,0.91,0.005,268.76783557097997,-3.1518092569945195,0.23699685039948815,0.0,262652.2790702794,6289.0203998084235,20400840.052126154,401.78416835870127,312.7964656070685
-1.9642857142857144,0.91,0.015,268.76783557097997,-3.151820050902281,0.23699214525219098,0.0,262652.2823896187,6289.0203998080915,20400841.19071996,401.78417338611723,312.796467564037
-1.9642857142857144,0.93,-0.005,268.7665362850039,-3.499353328446735,0.26297810424561,0.0,262653.07321190555,6289.020388498926,20400713.73483999,401.7836051981379,312.79624639149284
-1.9642857142857144,0.93,0.005,268.7665362850039,-3.499342404201706,0.26298157528819716,0.0,262653.06982690346,6289.020388499318,20400712.575024646,401.7836000770199,312.79624439804854
-1.9642857142857144,0.93,0.015,268.7665362850039,-3.499353328446735,0.26297810424561,0.0,262653.07321190555,6289.020388498926,20400713.73483999,401.7836051981379,312.79624639149284
-1.9642857142857144,0.95,-0.005,268.7656483949476,-3.853489499413943,0.2894140195750071,0.0,262654.12738491374,6289.020377620628,20400626.538958184,401.78321498650445,312.7960944978338
-1.9642857142857144,0.95,0.005,268.7656483949476,-3.8534784942375864,0.2894162566327634,0.0,262654.1239491576,6289.0203776211065,20400625.363094375,401.7832097945468,312.7960924768135
-1.9642857142857144,0.95,0.015,268.7656483949476,-3.853489499413943,0.2894140195750071,0.0,262654.12738491374,6289.020377620628,20400626.538958184,401.78321498650445,312.7960944978338
-1.9642857142857144,0.97,-0.005,268.76517187021307,-4.2141814164153875,0.31622886986765375,0.0,262655.45202657743,6289.020367910652,20400579.62296455,401.78300319244113,312.7960120549117
-1.9642857142857144,0.97,0.005,268.76517187021307,-4.214170379240389,0.3162298773552025,0.0,262655.4485550657,6289.020367911249,20400578.436238576,401.7829979525681,312.7960100152393
-1.9642857142857144,0.97,0.015,268.76517187021307,-4.2141814164153875,0.31622886986765375,0.0,262655.45202657743,6289.020367910652,20400579.62296455,401.78300319244113,312.7960120549117
-1.9642857142857144,0.99,-0.005,268.7650877915251,-4.5801131646336195,0.34324241537222383,0.0,262657.0510231354,6289.020379747334,20400571.774032872,401.78297417837393,312.796000760899
-1.9642857142857144,0.99,0.005,268.7650877915251,-4.5801021199418335,0.3432422284038361,0.0,262657.0475241653,6289.020379748474,20400570.579280045,401.78296890331313,312.79599870752935
-1.9642857142857144,0.99,0.015,268.7650877915251,-4.5801131646336195,0.34324241537222383,0.0,262657.0510231354,6289.020379747334,20400571.774032872,401.78297417837393,312.796000760899
-1.9642857142857144,1.01,-0.005,268.76547338937854,6.571227968912305e-06,-4.924603560856924e-07,0.0,262657.15991674387,6289.046631233879,20401428.76964425,401.7992759683409,312.80234632966756
-1.9642857142857144,1.01,0.005,268.765858987232,4.5801131646336195,-0.3432424153722239,0.0,262657.2688100398,6289.020379699648,20400647.22899678,401.78330733746435,312.79613044634635
-1.9642857142857144,1.01,0.015,268.76547338937854,6.571227968912305e-06,-4.924603560856924e-07,0.0,262657.15991674387,6289.046631233879,20401428.76964425,401.7992759683409,312.80234632966756
-1.8928571428571428,-0.01,-0.005,269.0172311498946,4.990298200183037,0.0,0.0,262728.5158995345,6289.016355868172,20425116.43262937,401.88938492729807,312.83741945617624
-1.8928571428571428,-0.01,0.005,269.0172311498946,4.990298200183037,0.0056920950005804076,0.0,262728.5158995345,6289.016355827863,20425116.431369886,401.88938490251616,312.83741944653093
-1.8928571428571428,-0.01,0.015,269.0172311498946,4.990298200183037,0.0,0.0,262728.5158995345,6289.016355868172,20425116.43262937,401.88938492729807,312.83741945617624
-1.8928571428571428,0.01,-0.005,269.0172311498946,4.990298200183037,-0.0056920950005804076,0.0,262728.5158995345,6289.016355827863,20425116.431369886,401.88938490251616,312.83741944653093
-1.8928571428571428,0.01,0.005,269.0172311498946,4.990280857790123,-0.005691160379431136,0.0,262728.5209530141,6289.016355659465,20425118.23194888,401.88939276546466,312.8374225068562
-1.8928571428571428,0.01,0.015,269.0172311498946,4.990298200183037,-0.0056920950005804076,0.0,262728.5158995345,6289.016355827863,20425116.431369886,401.88938490251616,312.83741944653093
-1.8928571428571428,0.03,-0.005,269.0166313637863,4.981958033124944,-0.017041273185811782,0.0,262728.3222730903,6289.016398326305,20425059.069649123,401.88915212028974,312.83732884572845
-1.8928571428571428,0.03,0.005,269.0166313637863,4.981940757219275,-0.017038599655235707,0.0,262728.3272994566,6289.016398159702,20425060.860477224,401.8891599410952,312.8373318896522
-1.8928571428571428,0.03,0.015,269.0166313637863,4.981958033124944,-0.017041273185811782,0.0,262728.3222730903,6289.016398326305,20425059.069649123,401.88915212028974,312.83732884572845
-1.8928571428571428,0.05,-0.005,269.01543387004233,4.965393270004258,-0.02827700147384192,0.0,262727.93573736184,6289.016481762629,20424944.493835893,401.8886864610677,312.8371476071598
-1.8928571428571428,0.05,0.005,269.01543387004233,4.965376126300631,-0.028272560509447674,0.0,262727.94072999095,6289.01648159955,20424946.272277102,401.8886942289443,312.837150630485
-1.8928571428571428,0.05,0.015,269.01543387004233,4.965393270004258,-0.02827700147384192,0.0,262727.93573736184,6289.016481762629,20424944.493835893,401.8886864610677,312.8371476071598
-1.8928571428571428,0.07,-0.005,269.01364514569514,4.9406184843194545,-0.039326501680290324,0.0,262727.35770127806,6289.016603893766,20424773.271399856,401.8879893550119,312.8368762872994
-1.8928571428571428,0.07,0.005,269.01364514569514,4.9406015381733,-0.03932031593536105,0.0,262727.36264345,6289.016603735845,20424775.031330276,401.8879970437389,312.83687927982135
-1.8928571428571428,0.07,0.015,269.01364514569514,4.9406184843194545,-0.039326501680290324,0.0,262727.35770127806,6289.016603893766,20424773.271399856,401.8879893550119,312.8368762872994
-1.8928571428571428,0.08999999999999998,-0.005,269.0112751024043,4.9076425068268765,-0.05011792655996978,0.0,262726.5903173702,6289.016761520156,20424546.27257656,401.8870631101528,312.8365157842201
-1.8928571428571428,0.08999999999999998,0.005,269.0112751024043,4.907625822435937,-0.05011002748905682,0.0,262726.5951925509,6289.016761368889,20424548.007956177,401.88707069381365,312.83651873585285
-1.8928571428571428,0.08999999999999998,0.015,269.0112751024043,4.9076425068268765,-0.05011792655996978,0.0,262726.5903173702,6289.016761520156,20424546.27257656,401.8870631101528,312.8365157842201
-1.8928571428571428,0.11000000000000001,-0.005,269.00833681585897,4.866476076815804,-0.06058044168898174,0.0,262725.6364845004,6289.016950563788,20424264.64986353,401.88591085929426,312.8360673169325
-1.8928571428571428,0.11000000000000001,0.005,269.00833681585897,4.866459716933596,-0.060570869348338746,0.0,262725.6412764038,6289.016950420498,20424266.35476313,401.8859183123767,312.83607021774696
-1.8928571428571428,0.11000000000000001,0.015,269.00833681585897,4.866476076815804,-0.06058044168898174,0.0,262725.6364845004,6289.016950563788,20424264.64986353,401.88591085929426,312.8360673169325
-1.8928571428571428,0.13,-0.005,269.00484638207325,4.817132131037483,-0.07064448012340438,0.0,262724.49986701086,6289.017166215323,20423929.828547858,401.8845365885768,312.8355324365067
-1.8928571428571428,0.13,0.005,269.00484638207325,4.817116156641661,-0.07063328287901176,0.0,262724.5045596628,6289.017166081132,20423931.49717598,401.88454388607687,312.83553527677185
-1.8928571428571428,0.13,0.015,269.00484638207325,4.817132131037483,-0.07064448012340438,0.0,262724.49986701086,6289.017166215323,20423929.828547858,401.8845365885768,312.8355324365067
-1.8928571428571428,0.15,-0.005,269.00082275892044,4.759625764028924,-0.08024199654765726,0.0,262723.1849181603,6289.0174031068,20423543.49658718,401.8829451754109,312.83491304084373
-1.8928571428571428,0.15,0.005,269.00082275892044,4.759610233998694,-0.08022923073141316,0.0,262723.18949596095,6289.017402982597,20423545.123315644,401.8829522929338,312.83491581106534
-1.8928571428571428,0.15,0.015,269.00082275892044,4.759625764028924,-0.08024199654765726,0.0,262723.1849181603,6289.0174031068,20423543.49658718,401.8829451754109,312.83491304084373
-1.8928571428571428,0.16999999999999998,-0.005,268.9962875801363,4.693974239201898,-0.08930671506818083,0.0,262721.6969031564,6289.017655502508,20423107.592362586,401.8811424257316,312.8342113891832
-1.8928571428571428,0.16999999999999998,0.005,268.9962875801363,4.693959210008974,-0.08929244458153988,0.0,262721.701350944,6289.017655388941,20423109.17175147,401.8811493395938,312.8342140801438
-1.8928571428571428,0.16999999999999998,0.015,268.9962875801363,4.693974239201898,-0.08930671506818083,0.0,262721.6969031564,6289.017655502508,20423107.592362586,401.8811424257316,312.8342113891832
-1.8928571428571428,0.19,-0.005,268.9912649526899,4.620196904765949,-0.09777436781807641,0.0,262720.041921449,6289.0179175013445,20422624.29116039,401.87913511113084,312.8334301165656
-1.8928571428571428,0.19,0.005,268.9912649526899,4.620182430182057,-0.09775866368685142,0.0,262720.046224563,6289.017917398812,20422625.817981947,401.8791417984621,312.83343271936405
-1.8928571428571428,0.19,0.015,268.9912649526899,4.620196904765949,-0.09777436781807641,0.0,262720.041921449,6289.0179175013445,20422624.29116039,401.87913511113084,312.8334301165656
-1.8928571428571428,0.21,-0.005,268.98578123638146,4.5383151304646905,-0.10558292176461585,0.0,262718.2269249644,6289.018183241756,20422095.989993874,401.87693099991566,312.8325722459311
-1.8928571428571428,0.21,0.005,268.98578123638146,4.538301261289332,-0.10556586164997847,0.0,262718.23106930876,6289.018183150403,20422097.459255267,401.87693743875985,312.8325747520219
-1.8928571428571428,0.21,0.015,268.98578123638146,4.5383151304646905,-0.10558292176461585,0.0,262718.2269249644,6289.018183241756,20422095.989993874,401.87693099991566,312.8325722459311
-1.8928571428571428,0.23,-0.005,268.97986481092346,4.448352286447478,-0.11267279632659845,0.0,262716.2597304165,6289.018447100714,20421525.29101238,401.87453887910004,312.8316411966922
-1.8928571428571428,0.23,0.005,268.97986481092346,4.448339070257277,-0.11265446399742772,0.0,262716.2637025226,6289.0184470204495,20421526.697977237,401.87454504851524,312.8316435979246
-1.8928571428571428,0.23,0.015,268.97986481092346,4.448352286447478,-0.11267279632659845,0.0,262716.2597304165,6289.018447100714,20421525.29101238,401.87453887910004,312.8316411966922
-1.8928571428571428,0.25,-0.005,268.97354583604886,4.350333683024374,-0.11898707016867317,0.0,262714.1490238131,6289.018703879139,20420914.983802576,401.871968565035,312.83064078888424
-1.8928571428571428,0.25,0.005,268.97354583604886,4.350321163946362,-0.1189675549407771,0.0,262714.1528109006,6289.018703809646,20420916.324011024,401.87197444518984,312.83064307753926
-1.8928571428571428,0.25,0.015,268.97354583604886,4.350333683024374,-0.11898707016867317,0.0,262714.1490238131,6289.018703879139,20420914.983802576,401.871968565035,312.83064078888424
-1.8928571428571428,0.27,-0.005,268.96685600962445,4.244286506980393,-0.12447167545797064,0.0,262711.9043552668,6289.018948965094,20420268.026799545,401.86923089951154,312.82957524166335
-1.8928571428571428,0.27,0.005,268.96685600962445,4.2442747254888324,-0.12445107160600924,0.0,262711.90794530377,6289.018948905862,20420269.29608689,401.8692364717799,312.8295774104912
-1.8928571428571428,0.27,0.015,268.96685600962445,4.244286506980393,-0.12447167545797064,0.0,262711.9043552668,6289.018948965094,20420268.026799545,401.86923089951154,312.82957524166335
-1.8928571428571428,0.29,-0.005,268.9598283282987,4.130239722794913,-0.12907557617578397,0.0,262709.53612235014,6289.019178467552,20419587.528025117,401.8663377288379,312.82844916517837
-1.8928571428571428,0.29,0.005,268.9598283282987,4.130228715531342,-0.12905398232384266,0.0,262709.5395041108,6289.019178417903,20419588.722538985,401.8663429758894,312.82845120743326
-1.8928571428571428,0.29,0.015,268.9598283282987,4.130239722794913,-0.12907557617578397,0.0,262709.53612235014,6289.019178467552,20419587.528025117,401.8663377288379,312.82844916517837
-1.8928571428571428,0.31,-0.005,268.952496848953,4.0082241044843006,-0.1327509376042427,0.0,262707.05554035684,6289.019389316112,20418876.72484111,401.8633018623158,312.82726754442484
-1.8928571428571428,0.31,0.005,268.952496848953,4.0082139041052685,-0.13272845610110662,0.0,262707.05870347616,6289.019389275238,20418877.841056954,401.8633067682007,312.8272694538983
-1.8928571428571428,0.31,0.015,268.952496848953,4.0082241044843006,-0.1327509376042427,0.0,262707.05554035684,6289.019389316112,20418876.72484111,401.8633018623158,312.82726754442484
-1.8928571428571428,0.33,-0.005,268.94489646526176,3.8782720569558973,-0.13545327638716698,0.0,262704.4745996265,6289.019579320595,20418138.963927917,401.8601370125499,312.82603571602806
-1.8928571428571428,0.33,0.005,268.94489646526176,3.8782626920065413,-0.13543001267232507,0.0,262704.4775346514,6289.019579287594,20418139.99866281,401.86014156277867,312.8260374870796
-1.8928571428571428,0.33,0.015,268.94489646526176,3.8782720569558973,-0.13545327638716698,0.0,262704.4745996265,6289.019579320595,20418138.963927917,401.8601370125499,312.82603571602806
-1.8928571428571428,0.35000000000000003,-0.005,268.93706269237254,3.740417580427165,-0.1371415958920614,0.0,262701.80600899574,6289.019747189328,20417377.680767834,401.85685771384175,312.82475933649556
-1.8928571428571428,0.35000000000000003,0.005,268.93706269237254,3.7404090752383645,-0.1371176578577186,0.0,262701.80870743166,6289.019747163244,20417378.631192476,401.8568618954561,312.8247609640807
-1.8928571428571428,0.35000000000000003,0.015,268.93706269237254,3.740417580427165,-0.1371415958920614,0.0,262701.80600899574,6289.019747189328,20417377.680767834,401.85685771384175,312.82475933649556
-1.8928571428571428,0.37,-0.005,268.92903145922173,3.594696341573222,-0.1377785171826957,0.0,262699.0631245546,6289.019892505036,20416596.378553104,401.8534792177957,312.82344434159927
-1.8928571428571428,0.37,0.005,268.92903145922173,3.5946887161938568,-0.13775401453592662,0.0,262699.06557890645,6289.019892484896,20416597.2422017,401.85348301943134,312.8234458212937
-1.8928571428571428,0.37,0.015,268.92903145922173,3.594696341573222,-0.1377785171826957,0.0,262699.0631245546,6289.019892505036,20416596.378553104,401.8534792177957,312.82344434159927
-1.8928571428571428,0.39,-0.005,268.9208389278055,3.441145447689393,-0.1373303846036937,0.0,262696.2598686224,6289.0200156607325,20415798.608486485,401.85001737596235,312.82209690071045
-1.8928571428571428,0.39,0.005,268.9208389278055,3.4411387178692117,-0.1373054282336482,0.0,262696.262072422,6289.02001564558,20415799.383262187,401.8500207878892,312.822098228726
-1.8928571428571428,0.39,0.015,268.9208389278055,3.441145447689393,-0.1373303846036937,0.0,262696.2598686224,6289.0200156607325,20415798.608486485,401.85001737596235,312.82209690071045
-1.8928571428571428,0.41,-0.005,268.91252132071435,3.279803314191759,-0.13576734869290474,0.0,262693.41063663585,6289.020117759085,20414987.949745297,401.84648850354057,312.8207233637608
-1.8928571428571428,0.41,0.005,268.91252132071435,3.27979749135226,-0.13574205005787754,0.0,262693.4125844744,6289.020117748015,20414988.633927703,401.8464915177113,312.82072453696384
-1.8928571428571428,0.41,0.015,268.91252132071435,3.279803314191759,-0.13576734869290474,0.0,262693.41063663585,6289.020117759085,20414987.949745297,401.84648850354057,312.8207233637608
-1.8928571428571428,0.43,-0.005,268.9041147653139,3.110709609774188,-0.13306343849539218,0.0,262690.5301972761,6289.020200482893,20414167.990172684,401.84290923248136,312.81933020407524
-1.8928571428571428,0.43,0.005,268.9041147653139,3.1107047009323927,-0.13303790903676857,0.0,262690.5318848488,6289.020200475073,20414168.582430013,401.8429118425977,312.8193312200131
-1.8928571428571428,0.43,0.015,268.9041147653139,3.110709609774188,-0.13306343849539218,0.0,262690.5301972761,6289.020200482893,20414167.990172684,401.84290923248136,312.81933020407524
-1.8928571428571428,0.44999999999999996,-0.005,268.89565513940545,2.9339058105576448,-0.12919666335132382,0.0,262687.6335859562,6289.02026594381,20413342.306453433,401.8392963519047,312.8179239562649
-1.8928571428571428,0.44999999999999996,0.005,268.89565513940545,2.9339018183703636,-0.1291710139147389,0.0,262687.6350100711,6289.0202659384995,20413342.80584289,401.83929855342797,312.8179248131696
-1.8928571428571428,0.44999999999999996,0.015,268.89565513940545,2.9339058105576448,-0.12919666335132382,0.0,262687.6335859562,6289.02026594381,20413342.306453433,401.8392963519047,312.8179239562649
-1.8928571428571428,0.4699999999999999,-0.005,268.88717795420274,2.749434360602969,-0.1241490444870301,0.0,262684.73599966394,6289.020316519857,20412514.44758746,401.8356666576973,312.8165111576899
-1.8928571428571428,0.4699999999999999,0.005,268.88717795420274,2.7494312834702526,-0.12412338475690295,0.0,262684.73715823836,6289.020316516421,20412514.85355172,401.83566844783917,312.81651185447464
-1.8928571428571428,0.4699999999999999,0.015,268.88717795420274,2.749434360602969,-0.1241490444870301,0.0,262684.73599966394,6289.020316519857,20412514.44758746,401.8356666576973,312.8165111576899
-1.8928571428571428,0.49,-0.005,268.8787182342748,2.55733867546734,-0.11790663093571818,0.0,262681.85269384,6289.020354693083,20411687.918068696,401.83203680084404,312.81509828942643
-1.8928571428571428,0.49,0.005,268.8787182342748,2.5573365075949464,-0.11788106889593793,0.0,262681.853585898,6289.020354690997,20411688.230433658,401.832038178559,312.8150988256828
-1.8928571428571428,0.49,0.015,268.8787182342748,2.55733867546734,-0.11790663093571818,0.0,262681.85269384,6289.020354693083,20411687.918068696,401.83203680084404,312.81509828942643
-1.8928571428571428,0.51,-0.005,268.870310380623,2.3576633568488705,-0.11045952330533669,0.0,262678.9988789659,6289.020382897516,20410866.159742627,401.82842313480586,312.8136917168602
-1.8928571428571428,0.51,0.005,268.870310380623,2.3576620883756885,-0.11043416472876537,0.0,262678.9995046267,6289.02038289636,20410866.3787124,401.8284241007687,312.8136920928495
-1.8928571428571428,0.51,0.015,268.870310380623,2.3576633568488705,-0.11045952330533669,0.0,262678.9988789659,6289.020382897516,20410866.159742627,401.82842313480586,312.8136917168602
-1.8928571428571428,0.53,-0.005,268.86198804648853,2.1504543903366202,-0.10180190717224576,0.0,262676.1896288654,6289.020403388506,20410052.535579987,401.8248415815294,312.81229763752873
-1.8928571428571428,0.53,0.005,268.86198804648853,2.1504540081477743,-0.10177685517149508,0.0,262676.1899893273,6289.020403387961,20410052.661730196,401.82484213810346,312.8122978541694
-1.8928571428571428,0.53,0.015,268.86198804648853,2.1504543903366202,-0.10180190717224576,0.0,262676.1896288654,6289.020403388506,20410052.535579987,401.8248415815294,312.81229763752873
-1.8928571428571428,0.55,-0.005,268.85378404056576,1.935758182453082,-0.09193200089948728,0.0,262673.4398057562,6289.020418141241,20409250.31704538,401.82130752720866,312.8109220405417
-1.8928571428571428,0.55,0.005,268.85378404056576,1.9357586673605163,-0.09190735533542195,0.0,262673.4399032658,6289.020418141076,20409250.3513151,401.8213076784034,312.810922099393
-1.8928571428571428,0.55,0.015,268.85378404056576,1.935758182453082,-0.09193200089948728,0.0,262673.4398057562,6289.020418141241,20409250.31704538,401.82130752720866,312.8109220405417
-1.8928571428571428,0.57,-0.005,268.84573020217414,1.713622585014291,-0.0808520755858248,0.0,262670.7639961571,6289.020428784842,20408462.669834543,401.81783572778374,312.80957066978965
-1.8928571428571428,0.57,0.005,268.84573020217414,1.7136239159200581,-0.08082793285164398,0.0,262670.76383399323,6289.020428784899,20408462.61351776,401.8178354792107,312.80957057303436
-1.8928571428571428,0.57,0.015,268.84573020217414,1.713622585014291,-0.0808520755858248,0.0,262670.7639961571,6289.020428784842,20408462.669834543,401.81783572778374,312.80957066978965
-1.8928571428571428,0.59,-0.005,268.8378572866526,1.4840960672071073,-0.06856839103488784,0.0,262668.17646045185,6289.02043657389,20407692.641782977,401.81444024185697,312.80824899782243
-1.8928571428571428,0.59,0.005,268.8378572866526,1.4840982195560901,-0.06854484362565279,0.0,262668.17604289425,6289.020436574065,20407692.49651943,401.8144396006821,312.8082487482485
-1.8928571428571428,0.59,0.015,268.8378572866526,1.4840960672071073,-0.06856839103488784,0.0,262668.17646045185,6289.02043657389,20407692.641782977,401.81444024185697,312.80824899782243
-1.8928571428571428,0.61,-0.005,268.8301948576812,1.2472282720261052,-0.0550911909218684,0.0,262665.6911018514,6289.020442396665,20406943.152600236,401.8111343891514,312.8069622096689
-1.8928571428571428,0.61,0.005,268.8301948576812,1.2472312179354819,-0.055068327118607076,0.0,262665.6904341513,6289.020442396898,20406942.920365427,401.8111333640443,312.8069618106498
-1.8928571428571428,0.61,0.015,268.8301948576812,1.2472282720261052,-0.0550911909218684,0.0,262665.6911018514,6289.020442396665,20406943.152600236,401.8111343891514,312.8069622096689
-1.8928571428571428,0.63,-0.005,268.8227711875856,1.0030688988033583,-0.04043459612515204,0.0,262663.32144720946,6289.020446813748,20406216.98534259,401.8079307311011,312.80571519527035
-1.8928571428571428,0.63,0.005,268.8227711875856,1.0030726070557152,-0.040412499763537175,0.0,262663.3205355332,6289.020446814005,20406216.668428224,401.8079293321424,312.8057146507287
-1.8928571428571428,0.63,0.015,268.8227711875856,1.0030688988033583,-0.04043459612515204,0.0,262663.32144720946,6289.020446813748,20406216.98534259,401.8079307311011,312.80571519527035
-1.8928571428571428,0.65,-0.005,268.81561313264746,0.7516699135803164,-0.024616729671456967,0.0,262661.0806333606,6289.020450118254,20405516.776067697,401.80484105372585,312.80451254280246
-1.8928571428571428,0.65,0.005,268.81561313264746,0.7516743501083977,-0.02459548001692197,0.0,262661.0794848484,6289.020450118518,20405516.377101555,401.80483929249,312.80451185724263
-1.8928571428571428,0.65,0.015,268.81561313264746,0.7516699135803164,-0.024616729671456967,0.0,262661.0806333606,6289.020450118254,20405516.776067697,401.80484105372585,312.80451254280246
-1.8928571428571428,0.67,-0.005,268.80874619575377,0.49308206288013634,-0.007659470531719812,0.0,262658.98144475993,6289.020452407236,20404845.02224758,401.8018764386228,312.803358566297
-1.8928571428571428,0.67,0.005,268.80874619575377,0.49308719081023916,-0.007639142129359098,0.0,262658.98006746883,6289.0204524075,20404844.544173054,401.80187432808435,312.8033577447683
-1.8928571428571428,0.67,0.015,268.80874619575377,0.49308206288013634,-0.007659470531719812,0.0,262658.98144475993,6289.020452407236,20404845.02224758,401.8018764386228,312.803358566297
-1.8928571428571428,0.69,-0.005,268.80219427887437,0.22735993570878013,0.010411268377005505,0.0,262657.0362703378,6289.020453652284,20404204.06076608,401.79904719930414,312.80225728084906
-1.8928571428571428,0.69,0.005,268.80219427887437,0.22736571574580042,0.01043060588604002,0.0,262657.03467318934,6289.020453652545,20404203.506823044,401.7990447537507,312.80225632891216
-1.8928571428571428,0.69,0.015,268.80219427887437,0.22735993570878013,0.010411268377005505,0.0,262657.0362703378,6289.020453652284,20404204.06076608,401.79904719930414,312.80225728084906
-1.8928571428571428,0.7100000000000001,-0.005,268.7959823666311,-0.045353725251493476,0.029563516491019258,0.0,262655.257887441,6289.020453798078,20403596.33358278,401.7963641009234,312.8012128773879
-1.8928571428571428,0.7100000000000001,0.005,268.7959823666311,-0.04534733281936233,0.029581798487708366,0.0,262655.2560801663,6289.020453798337,20403595.707287077,401.7963613358649,312.8012118010795
-1.8928571428571428,0.7100000000000001,0.015,268.7959823666311,-0.045353725251493476,0.029563516491019258,0.0,262655.257887441,6289.020453798078,20403596.33358278,401.7963641009234,312.8012128773879
-1.8928571428571428,0.7299999999999999,-0.005,268.79014537185543,-0.32449834032300245,0.04975503831638755,0.0,262653.66179602477,6289.020452940467,20403025.258764375,401.79384229092574,312.80023125269673
-1.8928571428571428,0.7299999999999999,0.005,268.79014537185543,-0.3244913665265739,0.04977220512226221,0.0,262653.65978915617,6289.020452940726,20403024.563903876,401.7938392230774,312.8002300585226
-1.8928571428571428,0.7299999999999999,0.015,268.79014537185543,-0.32449834032300245,0.04975503831638755,0.0,262653.66179602477,6289.020452940467,20403025.258764375,401.79384229092574,312.80023125269673
-1.8928571428571428,0.75,-0.005,268.784690745798,-0.610408635465701,0.07099662729246566,0.0,262652.2556619022,6289.020450839899,20402491.556991648,401.7914848476707,312.79931360563575
-1.8928571428571428,0.75,0.005,268.784690745798,-0.6104011225928153,0.07101262553326786,0.0,262652.25346659234,6289.020450840157,20402490.79756447,401.7914814946773,312.7993123004637
-1.8928571428571428,0.75,0.015,268.784690745798,-0.610408635465701,0.07099662729246566,0.0,262652.2556619022,6289.020450839899,20402491.556991648,401.7914848476707,312.79931360563575
-1.8928571428571428,0.77,-0.005,268.7796343884088,-0.9030652664478851,0.0932588312700153,0.0,262651.04978535173,6289.020447387022,20401996.77968527,401.78929857922054,312.7984625868529
-1.8928571428571428,0.77,0.005,268.7796343884088,-0.9030572597238933,0.09327361319143897,0.0,262651.0474133761,6289.020447387281,20401995.959897343,401.7892949596474,312.7984611779093
-1.8928571428571428,0.77,0.015,268.7796343884088,-0.9030652664478851,0.0932588312700153,0.0,262651.04978535173,6289.020447387022,20401996.77968527,401.78929857922054,312.7984625868529
-1.8928571428571428,0.79,-0.005,268.7749914711492,-1.202408620928423,0.11650438167298179,0.0,262650.0543532777,6289.020442539743,20401542.40912134,401.7872900201755,312.797680740536
-1.8928571428571428,0.79,0.005,268.7749914711492,-1.2024001669280238,0.11651790506690397,0.0,262650.0518169846,6289.020442540005,20401541.53336777,401.7872861534258,312.79767923537344
-1.8928571428571428,0.79,0.015,268.7749914711492,-1.202408620928423,0.11650438167298179,0.0,262650.0543532777,6289.020442539743,20401542.40912134,401.7872900201755,312.797680740536
-1.8928571428571428,0.81,-0.005,268.7707744545125,-1.508438452072693,0.14069502800608732,0.0,262649.2789726259,6289.020436338849,20401129.664956197,401.78546458469077,312.7969701747109
-1.8928571428571428,0.81,0.005,268.7707744545125,-1.508429598867132,0.14070725623975516,0.0,262649.2762848897,6289.020436339117,20401128.737803698,401.78546049092864,312.79696858117836
-1.8928571428571428,0.81,0.015,268.7707744545125,-1.508438452072693,0.14069502800608732,0.0,262649.2789726259,6289.020436338849,20401129.664956197,401.78546458469077,312.7969701747109
-1.8928571428571428,0.83,-0.005,268.7669944393232,-1.821130110683296,0.1657854499229353,0.0,262648.73298000457,6289.020428891289,20400759.63592946,401.78382713987565,312.79633278443174
-1.8928571428571428,0.83,0.005,268.7669944393232,-1.82112090737435,0.16579635192255107,0.0,262648.73015418014,6289.020428891568,20400758.66209929,401.7838228399506,312.7963311106451
-1.8928571428571428,0.83,0.015,268.7669944393232,-1.821130110683296,0.1657854499229353,0.0,262648.73298000457,6289.020428891289,20400759.63592946,401.78382713987565,312.79633278443174
-1.8928571428571428,0.85,-0.005,268.76366109824664,-2.1404446480811754,0.19172482340986122,0.0,262648.4254083625,6289.020420381136,20400433.27351513,401.7823819828562,312.795770242846
-1.8928571428571428,0.85,0.005,268.76366109824664,-2.140435144627761,0.19173437365365675,0.0,262648.42245823186,6289.020420381431,20400432.257863406,401.78237749821596,312.79576849715414
-1.8928571428571428,0.85,0.015,268.76366109824664,-2.1404446480811754,0.19172482340986122,0.0,262648.4254083625,6289.020420381136,20400433.27351513,401.7823819828562,312.795770242846
-1.8928571428571428,0.87,-0.005,268.7607824441919,-2.466335159472163,0.21845782093739646,0.0,262648.3649091649,6289.020411064221,20400151.36910195,401.7811327373441,312.79528396092644
-1.8928571428571428,0.87,0.005,268.7607824441919,-2.466325406613449,0.2184659994233037,0.0,262648.3618488845,6289.020411064544,20400150.316600006,401.7811280899492,312.7952821518778
-1.8928571428571428,0.87,0.015,268.7607824441919,-2.466335159472163,0.21845782093739646,0.0,262648.3649091649,6289.020411064221,20400151.36910195,401.7811327373441,312.79528396092644
-1.8928571428571428,0.8900000000000001,-0.005,268.7583649447159,-2.7987528150038483,0.24592547526118744,0.0,262648.5597987741,6289.020401302603,20399914.56627285,401.78008242419276,312.79487511493
-1.8928571428571428,0.8900000000000001,0.005,268.7583649447159,-2.7987428638715226,0.24593226737962764,0.0,262648.5566428098,6289.020401302968,20399913.481983826,401.78007763641193,312.7948732512322
-1.8928571428571428,0.8900000000000001,0.015,268.7583649447159,-2.7987528150038483,0.24592547526118744,0.0,262648.5597987741,6289.020401302603,20399914.56627285,401.78008242419276,312.79487511493
-1.8928571428571428,0.9099999999999999,-0.005,268.75641348763287,-3.137651179545973,0.2740659511970721,0.0,262649.0180542975,6289.020391562371,20399723.357373476,401.77923344511083,312.7945446400536
-1.8928571428571428,0.9099999999999999,0.005,268.75641348763287,-3.137641080848326,0.2740713475249508,0.0,262649.01481736853,6289.020391562797,20399722.24643239,401.7792285396344,312.7945427305394
-1.8928571428571428,0.9099999999999999,0.015,268.75641348763287,-3.137651179545973,0.2740659511970721,0.0,262649.0180542975,6289.020391562371,20399723.357373476,401.77923344511083,312.7945446400536
-1.8928571428571428,0.93,-0.005,268.7549311976379,-3.4829817721131353,0.302814239858218,0.0,262649.7472550415,6289.020382435327,20399578.066248447,401.77858751670215,312.79429320475424
-1.8928571428571428,0.93,0.005,268.7549311976379,-3.482971575848279,0.3028182360615489,0.0,262649.74395207356,6289.020382435838,20399576.933845654,401.7785825164687,312.7942912583532
-1.8928571428571428,0.93,0.015,268.7549311976379,-3.4829817721131353,0.302814239858218,0.0,262649.7472550415,6289.020382435327,20399578.066248447,401.77858751670215,312.79429320475424
-1.8928571428571428,0.95,-0.005,268.75391943974853,-3.8346969388519474,0.332102138891403,0.0,262650.7545941677,6289.020374656759,20399478.849140976,401.7781456828624,312.79412121557175
-1.8928571428571428,0.95,0.005,268.75391943974853,-3.834686694363602,0.3321047356925733,0.0,262650.7512402345,6289.020374657388,20399477.700501002,401.7781406109657,312.79411924127385
-1.8928571428571428,0.95,0.015,268.75391943974853,-3.8346969388519474,0.332102138891403,0.0,262650.7545941677,6289.020374656759,20399478.849140976,401.7781456828624,312.79412121557175
-1.8928571428571428,0.97,-0.005,268.75337809240744,-4.192739966555861,0.36185751635079416,0.0,262652.04692345066,6289.0203691348925,20399425.722334646,401.77790845085184,312.79402887009445
-1.8928571428571428,0.97,0.005,268.75337809240744,-4.19272972245246,0.3618587194206629,0.0,262652.0435337153,6289.020369135683,20399424.562695153,401.77790333044874,312.7940268769143
-1.8928571428571428,0.97,0.015,268.75337809240744,-4.192739966555861,0.36185751635079416,0.0,262652.04692345066,6289.0203691348925,20399425.722334646,401.77790845085184,312.79402887009445
-1.8928571428571428,0.99,-0.005,268.7532906609382,-4.555712211098833,0.39188258812987864,0.0,262653.6285722498,6289.0203872556685,20399417.741575055,401.77788184943154,312.7940185151628
-1.8928571428571428,0.99,0.005,268.7532906609382,-4.5557019912588235,0.3918824333270607,0.0,262653.6251553596,6289.02038725705,20399416.57388641,401.77787669376625,312.79401650825633
-1.8928571428571428,0.99,0.015,268.7532906609382,-4.555712211098833,0.39188258812987864,0.0,262653.6285722498,6289.0203872556685,20399417.741575055,401.77788184943154,312.7940185151628
-1.8928571428571428,1.01,-0.005,268.75368984958004,6.7669182300990925e-06,-5.820906384782235e-07,0.0,262653.7411009699,6289.046405645613,20400268.746013585,401.79404604160646,312.80031056358365
-1.8928571428571428,1.01,0.005,268.75408903822193,4.555712211098833,-0.39188258812987864,0.0,262653.8536293557,6289.020386176278,20399495.823202014,401.7782261300986,312.79415253064144
-1.8928571428571428,1.01,0.015,268.75368984958004,6.7669182300990925e-06,-5.820906384782235e-07,0.0,262653.7411009699,6289.046405645613,20400268.746013585,401.79404604160646,312.80031056358365
-1.8214285714285716,-0.01,-0.005,269.0376711166785,4.999430959231617,0.0,0.0,262735.67087566585,6289.019692104101,20427221.074078567,401.9002604556666,312.84165227413655
-1.8214285714285716,-0.01,0.005,269.0376711166785,4.999430959231617,0.005870229056561103,0.0,262735.67087566585,6289.01969206123,20427221.07273892,401.9002604293094,312.8416522638782
-1.8214285714285716,-0.01,0.015,269.0376711166785,4.999430959231617,0.0,0.0,262735.67087566585,6289.019692104101,20427221.074078567,401.9002604556666,312.84165227413655
-1.8214285714285716,0.01,-0.005,269.0376711166785,4.999430959231617,-0.005870229056561103,0.0,262735.67087566585,6289.01969206123,20427221.07273892,401.9002604293094,312.8416522638782
-1.8214285714285716,0.01,0.005,269.0376711166785,4.9994134141018876,-0.005869187021284373,0.0,262735.676084616,6289.019692025072,20427222.91347888,401.90026853188266,312.84165541742476
-1.8214285714285716,0.01,0.015,269.0376711166785,4.999430959231617,-0.005870229056561103,0.0,262735.67087566585,6289.01969206123,20427221.07273892,401.9002604293094,312.8416522638782
-1.8214285714285716,0.03,-0.005,269.0370096006609,4.991033663866474,-0.017573690031051154,0.0,262735.4458691992,6289.0197006844965,20427156.60954042,401.89998018373154,312.8415431914123
-1.8214285714285716,0.03,0.005,269.0370096006609,4.991016186134535,-0.017570696966734863,0.0,262735.4510504494,6289.019700648772,20427158.440471366,401.89998824326204,312.84154632820764
-1.8214285714285716,0.03,0.015,269.0370096006609,4.991033663866474,-0.017573690031051154,0.0,262735.4458691992,6289.0197006844965,20427156.60954042,401.89998018373154,312.8415431914123
-1.8214285714285716,0.05,-0.005,269.03568871058053,4.9743650480071775,-0.029157457379118856,0.0,262734.9971475932,6289.019717618097,20427027.87588993,401.8994203914569,312.84132531837344
-1.8214285714285716,0.05,0.005,269.03568871058053,4.97434770423255,-0.029152485660857753,0.0,262735.0022943067,6289.019717583226,20427029.694442697,401.8994283968312,312.8413284340931
-1.8214285714285716,0.05,0.015,269.03568871058053,4.9743650480071775,-0.029157457379118856,0.0,262734.9971475932,6289.019717618097,20427027.87588993,401.8994203914569,312.84132531837344
-1.8214285714285716,0.07,-0.005,269.0337151155454,4.949442109964345,-0.04054446728945785,0.0,262734.3268739371,6289.0197423201425,20426835.511371188,401.8985836111875,312.840999640391
-1.8214285714285716,0.07,0.005,269.0337151155454,4.94942496590812,-0.040537542304342616,0.0,262734.3319690207,6289.019742286516,20426837.31142605,401.8985915356154,312.84100272460927
-1.8214285714285716,0.07,0.015,269.0337151155454,4.949442109964345,-0.04054446728945785,0.0,262734.3268739371,6289.0197423201425,20426835.511371188,401.8985836111875,312.840999640391
-1.8214285714285716,0.09,-0.005,269.03109904169133,4.916275189160852,-0.05165862406322246,0.0,262733.438288761,6289.01977404496,20426580.493814576,401.89747379455054,312.84056769511926
-1.8214285714285716,0.09,0.005,269.03109904169133,4.916258309565106,-0.051649781036243396,0.0,262733.4433153401,6289.0197740129315,20426582.26933602,401.89748161159434,312.8405707375474
-1.8214285714285716,0.09,0.015,269.03109904169133,4.916275189160852,-0.05165862406322246,0.0,262733.438288761,6289.01977404496,20426580.493814576,401.89747379455054,312.84056769511926
-1.8214285714285716,0.10999999999999999,-0.005,269.0278540184903,4.874876703767219,-0.06242487468143604,0.0,262732.33569416194,6289.019811849134,20426264.118257657,401.89609619632694,312.8400315273056
-1.8214285714285716,0.10999999999999999,0.005,269.0278540184903,4.874860152114189,-0.062414158461105027,0.0,262732.3406356449,6289.019811819009,20426265.86331925,401.89610388000506,312.8400345178324
-1.8214285714285716,0.10999999999999999,0.015,269.0278540184903,4.874876703767219,-0.06242487468143604,0.0,262732.33569416194,6289.019811849134,20426264.118257657,401.89609619632694,312.8400315273056
-1.8214285714285716,0.13,-0.005,269.02399675909,4.82526165462103,-0.07276945819807101,0.0,262731.0244377219,6289.019854631861,20425887.98648241,401.8944573477505,312.83939367840907
-1.8214285714285716,0.13,0.005,269.02399675909,4.825245492393578,-0.07275692293999456,0.0,262731.0292778663,6289.019854603891,20425889.69529248,401.8944648726475,312.8393966071434
-1.8214285714285716,0.13,0.015,269.02399675909,4.82526165462103,-0.07276945819807101,0.0,262731.0244377219,6289.019854631861,20425887.98648241,401.8944573477505,312.83939367840907
-1.8214285714285716,0.15,-0.005,269.0195470289878,4.767447559639339,-0.08262016324748994,0.0,262729.5108929647,6289.019901182484,20425453.995633695,401.89256502922296,312.83865717599303
-1.8214285714285716,0.15,0.005,269.0195470289878,4.767431846139239,-0.0826058720323696,0.0,262729.51561594574,6289.019901156862,20425455.662560742,401.8925723705982,312.8386600333063
-1.8214285714285716,0.15,0.015,269.0195470289878,4.767447559639339,-0.08262016324748994,0.0,262729.5108929647,6289.019901182484,20425453.995633695,401.89256502922296,312.83865717599303
-1.8214285714285716,0.17,-0.005,269.0145274889549,4.701454464155033,-0.09190658200298392,0.0,262727.8024340647,6289.019950231473,20424964.324422617,401.8904282340402,312.8378255196222
-1.8214285714285716,0.17,0.005,269.0145274889549,4.701439256182631,-0.09189060639151334,0.0,262727.80702454195,6289.019950208324,20424965.944020107,401.8904353679359,312.8378282961905
-1.8214285714285716,0.17,0.015,269.0145274889549,4.701454464155033,-0.09190658200298392,0.0,262727.8024340647,6289.019950231473,20424964.324422617,401.8904282340402,312.8378255196222
-1.8214285714285716,0.19,-0.005,269.00896352332114,4.627304830098207,-0.10056035418310569,0.0,262725.9074063139,6289.020000503098,20424421.417949773,401.88805712688685,312.83690266472456
-1.8214285714285716,0.19,0.005,269.00896352332114,4.627290181650172,-0.10054277371661707,0.0,262725.9118494968,6289.020000482486,20424422.984979946,401.8880640302319,312.8369053515686
-1.8214285714285716,0.19,0.015,269.00896352332114,4.627304830098207,-0.10056035418310569,0.0,262725.9074063139,6289.020000503098,20424421.417949773,401.88805712688685,312.83690266472456
-1.8214285714285716,0.21,-0.005,269.00288304953745,4.54502346109848,-0.10851539881401218,0.0,262723.835090725,6289.020050766791,20423827.97065232,401.8854629934239,312.8358930029881
-1.8214285714285716,0.21,0.005,269.00288304953745,4.545009423087631,-0.10849630046682379,0.0,262723.8393724357,6289.020050748716,20423829.480108853,401.88546964413507,312.8358955915132
-1.8214285714285716,0.21,0.015,269.00288304953745,4.54502346109848,-0.10851539881401218,0.0,262723.835090725,6289.020050766791,20423827.97065232,401.8854629934239,312.8358930029881
-1.8214285714285716,0.23000000000000004,-0.005,268.9963163130891,4.454637475392685,-0.11570813704249942,0.0,262721.5956630757,6289.02009988492,20423186.907705367,401.8826581813788,312.83480133945136
-1.8214285714285716,0.23000000000000004,0.005,268.9963163130891,4.454624095390217,-0.1156876146312568,0.0,262721.59976980987,6289.0200998693235,20423188.354834806,401.88266455845724,312.83480382148434
-1.8214285714285716,0.23000000000000004,0.015,268.9963163130891,4.454637475392685,-0.11570813704249942,0.0,262721.5956630757,6289.02009988492,20423186.907705367,401.8826581813788,312.83480133945136
-1.8214285714285716,0.25,-0.005,268.98929567128215,4.356176236423188,-0.12207770433698362,0.0,262719.20014687226,6289.020146854319,20422501.36513787,401.8796560329759,312.8336328662241
-1.8214285714285716,0.25,0.005,268.98929567128215,4.356163558426782,-0.12205585789307764,0.0,262719.204065857,6289.020146841091,20422502.74545983,401.87966211659864,312.8336352340496
-1.8214285714285716,0.25,0.015,268.98929567128215,4.356176236423188,-0.12207770433698362,0.0,262719.20014687226,6289.020146854319,20422501.36513787,401.8796560329759,312.8336328662241
-1.8214285714285716,0.27,-0.005,268.9818553698749,4.249671271196361,-0.12756615015001868,0.0,262716.66036079853,6289.020190839779,20421774.66899696,401.87647080933766,312.832393133083
-1.8214285714285716,0.27,0.005,268.9818553698749,4.249659335417458,-0.12754308526319655,0.0,262716.66408004914,6289.020190828769,20421775.97832351,401.8764765809482,312.83239537947816
-1.8214285714285716,0.27,0.015,268.9818553698749,4.249671271196361,-0.12756615015001868,0.0,262716.66036079853,6289.020190839779,20421774.66899696,401.87647080933766,312.832393133083
-1.8214285714285716,0.29,-0.005,268.9740313163624,4.135156143389115,-0.1321186206890356,0.0,262713.98886072595,6289.020231197354,20421010.31386573,401.8731176071612,312.8310880150605
-1.8214285714285716,0.29,0.005,268.9740313163624,4.135144986045519,-0.1320944478271367,0.0,262713.9923691035,6289.020231188372,20421011.548320808,401.8731230495584,312.8310901333299
-1.8214285714285716,0.29,0.015,268.9740313163624,4.135156143389115,-0.1321186206890356,0.0,262713.98886072595,6289.020231197354,20421010.31386573,401.8731176071612,312.8310880150605
-1.8214285714285716,0.31,-0.005,268.96586084369477,4.012666496167661,-0.1356835346702363,0.0,262711.19887546124,6289.020267487493,20420211.940132957,401.86961226501694,312.8297236759942
-1.8214285714285716,0.31,0.005,268.96586084369477,4.0126561493468635,-0.13565836847920187,0.0,262711.2021627161,6289.020267480327,20420213.09616674,401.86961736242415,312.82972565999654
-1.8214285714285716,0.31,0.015,268.96586084369477,4.012666496167661,-0.1356835346702363,0.0,262711.19887546124,6289.020267487493,20420211.940132957,401.86961226501694,312.8297236759942
-1.8214285714285716,0.33,-0.005,268.95738247968717,3.882239832170633,-0.1382127379863786,0.0,262708.304238027,6289.020299476356,20419383.31144774,401.86597126480683,312.8283065301902
-1.8214285714285716,0.33,0.005,268.95738247968717,3.8822303237089413,-0.13818669657955424,0.0,262708.3072948421,6289.020299470783,20419384.385850593,401.86597600293834,312.8283083743643
-1.8214285714285716,0.33,0.015,268.95738247968717,3.882239832170633,-0.1382127379863786,0.0,262708.304238027,6289.020299476356,20419383.31144774,401.86597126480683,312.8283065301902
-1.8214285714285716,0.35000000000000003,-0.005,268.94863571630844,3.743915459573632,-0.13966164292392544,0.0,262705.3193129709,6289.020327126027,20418528.29181759,401.8622116263129,312.8268432013964
-1.8214285714285716,0.35000000000000003,0.005,268.94863571630844,3.7439068129534765,-0.1396348471669171,0.0,262705.3221310006,6289.020327121815,20418529.281732462,401.8622159924338,312.8268449007846
-1.8214285714285716,0.35000000000000003,0.015,268.94863571630844,3.743915459573632,-0.13966164292392544,0.0,262705.3193129709,6289.020327126027,20418528.29181759,401.8622116263129,312.8268432013964
-1.8214285714285716,0.37,-0.005,268.93966077193886,3.5977346092401428,-0.1399893668658984,0.0,262702.25891821645,6289.02035057504,20417650.8217194,401.8583507927468,312.82534047827073
-1.8214285714285716,0.37,0.005,268.93966077193886,3.5977268440451833,-0.13996193968180343,0.0,262702.26149012137,6289.020350571964,20417651.724652253,401.8583547757229,312.82534202853816
-1.8214285714285716,0.37,0.015,268.93966077193886,3.5977346092401428,-0.1399893668658984,0.0,262702.25891821645,6289.02035057504,20417650.8217194,401.8583507927468,312.82534047827073
-1.8214285714285716,0.39,-0.005,268.9304983764331,3.4437402155162498,-0.13915884371031806,0.0,262699.13824818947,6289.020370109873,20416754.896162305,401.85440652055684,312.82380527150445
-1.8214285714285716,0.39,0.005,268.9304983764331,3.4437333480479606,-0.13913090940368714,0.0,262699.1405676668,6289.020370107721,20416755.709990527,401.8544101108968,312.8238066689556
-1.8214285714285716,0.39,0.015,268.9304983764331,3.4437402155162498,-0.13915884371031806,0.0,262699.13824818947,6289.020370109873,20416754.896162305,401.85440652055684,312.82380527150445
-1.8214285714285716,0.41,-0.005,268.9211895527947,3.2819766524580976,-0.1371369041157806,0.0,262695.9727932568,6289.020386130173,20415844.542226184,401.8503967638925,312.82224456886365
-1.8214285714285716,0.41,0.005,268.9211895527947,3.2819706928292627,-0.13710858756511712,0.0,262695.97485505074,6289.020386128751,20415845.26520485,401.8503999537784,312.82224581045415
-1.8214285714285716,0.41,0.015,268.9211895527947,3.2819766524580976,-0.1371369041157806,0.0,262695.9727932568,6289.020386130173,20415844.542226184,401.8503967638925,312.82224456886365
-1.8214285714285716,0.43,-0.005,268.9117753989516,3.1124894539036028,-0.13389434067022524,0.0,262692.77825760166,6289.020399110122,20414923.796492737,401.8463395567077,312.8206653893083
-1.8214285714285716,0.43,0.005,268.9117753989516,3.112484404704945,-0.13386576656848434,0.0,262692.78005751583,6289.020399109259,20414924.427258693,401.8463423400158,312.8206664726531
-1.8214285714285716,0.43,0.015,268.9117753989516,3.1124894539036028,-0.13389434067022524,0.0,262692.77825760166,6289.020399110122,20414923.796492737,401.8463395567077,312.8206653893083
-1.8214285714285716,0.44999999999999996,-0.005,268.90229686608626,2.935326253297101,-0.12940603177948656,0.0,262689.5704793621,6289.020409558744,20413996.68211008,401.8422528927018,312.8190747362677
-1.8214285714285716,0.44999999999999996,0.005,268.90229686608626,2.9353221158326765,-0.12937732422762638,0.0,262689.5720142873,6289.020409558297,20413997.219683744,401.8422552650114,312.8190756596445
-1.8214285714285716,0.44999999999999996,0.015,268.90229686608626,2.935326253297101,-0.12940603177948656,0.0,262689.5704793621,6289.020409558744,20413996.68211008,401.8422528927018,312.8190747362677
-1.8214285714285716,0.47,-0.005,268.8927945808908,2.7505358796524693,-0.1236509705893494,0.0,262686.3653573574,6289.020417981517,20413067.190199003,401.83815462498757,312.81747955859043
-1.8214285714285716,0.47,0.005,268.8927945808908,2.750532650928889,-0.12362225234364439,0.0,262686.366625264,6289.020417981364,20413067.633984227,401.838156583582,312.8174803209404
-1.8214285714285716,0.47,0.015,268.8927945808908,2.7505358796524693,-0.1236509705893494,0.0,262686.3653573574,6289.020417981517,20413067.190199003,401.83815462498757,312.81747955859043
-1.8214285714285716,0.49,-0.005,268.88330866780484,2.5581681564945646,-0.1166122637521782,0.0,262683.17878238024,6289.020424847046,20412139.261418954,401.83406236884605,312.81588671269424
-1.8214285714285716,0.49,0.005,268.88330866780484,2.55816582927192,-0.11658365561284721,0.0,262683.1797823154,6289.020424847095,20412139.611201357,401.83406391270483,312.8158873136183
-1.8214285714285716,0.49,0.015,268.88330866780484,2.5581681564945646,-0.1166122637521782,0.0,262683.17878238024,6289.020424847046,20412139.261418954,401.83406236884605,312.81588671269424
-1.8214285714285716,0.51,-0.005,268.87387853323844,2.3582742782362778,-0.10827716285723661,0.0,262680.02656154725,6289.0204305597035,20411216.764003582,401.8299933916905,312.81430291973294
-1.8214285714285716,0.51,0.005,268.87387853323844,2.358272841184489,-0.10824878309941743,0.0,262680.02729362715,6289.020430559882,20411217.019946862,401.82999452147266,312.81430335948613
-1.8214285714285716,0.51,0.015,268.87387853323844,2.3582742782362778,-0.10827716285723661,0.0,262680.02656154725,6289.0204305597035,20411216.764003582,401.8299933916905,312.81430291973294
-1.8214285714285716,0.53,-0.005,268.8645426950198,2.1509069547512762,-0.09863711222211917,0.0,262676.9243578461,6289.020435441174,20410303.476500914,401.8259645280085,312.8127347324846
-1.8214285714285716,0.53,0.005,268.8645426950198,2.150906392594201,-0.09860907606386128,0.0,262676.924823249,6289.02043544143,20410303.63914356,401.8259652460372,312.8127350119695
-1.8214285714285716,0.53,0.015,268.8645426950198,2.1509069547512762,-0.09863711222211917,0.0,262676.9243578461,6289.020435441174,20410303.476500914,401.8259645280085,312.8127347324846
-1.8214285714285716,0.55,-0.005,268.85533863910075,1.9361196342475777,-0.0876877072010076,0.0,262673.8876384952,6289.02043972022,20409403.073448952,401.8219921111334,312.81118850878704
-1.8214285714285716,0.55,0.005,268.85533863910075,1.9361199277941619,-0.08766012632416734,0.0,262673.8878394289,6289.020439720519,20409403.143692102,401.82199242134106,312.81118862953264
-1.8214285714285716,0.55,0.015,268.85533863910075,1.9361196342475777,-0.0876877072010076,0.0,262673.8876384952,6289.02043972022,20409403.073448952,401.8219921111334,312.81118850878704
-1.8214285714285716,0.57,-0.005,268.84630267203937,1.7139671119706579,-0.0754287009470959,0.0,262670.9316289953,6289.020443531817,20408519.110910002,401.81809190883587,312.8096703864586
-1.8214285714285716,0.57,0.005,268.84630267203937,1.713968238282342,-0.07540168309276192,0.0,262670.9315687064,6289.020443532138,20408519.090019744,401.81809181677295,312.8096703506237
-1.8214285714285716,0.57,0.015,268.84630267203937,1.7139671119706579,-0.0754287009470959,0.0,262670.9316289953,6289.020443531817,20408519.110910002,401.81809190883587,312.8096703864586
-1.8214285714285716,0.59,-0.005,268.8374697813244,1.4845048467407302,-0.061863966830948657,0.0,262668.07126963406,6289.020446923992,20407655.013035137,401.8142790670947,312.80818626140086
-1.8214285714285716,0.59,0.005,268.8374697813244,1.4845067793751627,-0.06183761545838337,0.0,262668.0709523995,6289.020446924321,20407654.902638473,401.8142785799102,312.80818607176684
-1.8214285714285716,0.59,0.015,268.8374697813244,1.4845048467407302,-0.061863966830948657,0.0,262668.07126963406,6289.020446923992,20407655.013035137,401.8142790670947,312.80818626140086
-1.8214285714285716,0.61,-0.005,268.8288735486468,1.2477894989117786,-0.047001523243625484,0.0,262665.3211916896,6289.0204498707835,20406814.063999735,401.81056808048135,312.80674177605965
-1.8214285714285716,0.61,0.005,268.8288735486468,1.247792208054632,-0.04697593721208452,0.0,262665.3206227994,6289.020449871112,20406813.86607739,401.81056720689065,312.8067414360175
-1.8214285714285716,0.61,0.015,268.8288735486468,1.2477894989117786,-0.047001523243625484,0.0,262665.3211916896,6289.0204498707835,20406814.063999735,401.81056808048135,312.80674177605965
-1.8214285714285716,0.63,-0.005,268.8205460505394,1.003877765096098,-0.030853424599789618,0.0,262662.69568915205,6289.020452289491,20405999.398838945,401.8069727597053,312.805342306779
-1.8214285714285716,0.63,0.005,268.8205460505394,1.003881217766854,-0.030828697875851456,0.0,262662.6948748788,6289.020452289816,20405999.11571352,401.8069715099368,312.80534182030874
-1.8214285714285716,0.63,0.015,268.8205460505394,1.003877765096098,-0.030853424599789618,0.0,262662.69568915205,6289.020452289491,20405999.398838945,401.8069727597053,312.805342306779
-1.8214285714285716,0.65,-0.005,268.8125177118785,0.7528290168992731,-0.013435932327528564,0.0,262660.2086821264,6289.020454059278,20405213.989712812,401.80350617961506,312.80399294354726
-1.8214285714285716,0.65,0.005,268.8125177118785,0.7528331771861339,-0.013412153707511542,0.0,262660.2076296864,6289.020454059597,20405213.62403394,401.80350456534416,312.8039923151923
-1.8214285714285716,0.65,0.015,268.8125177118785,0.7528290168992731,-0.013435932327528564,0.0,262660.2086821264,6289.020454059278,20405213.989712812,401.80350617961506,312.80399294354726
-1.8214285714285716,0.67,-0.005,268.80481736407916,0.4947007846875924,0.0052308703203532885,0.0,262657.8737302812,6289.020455039643,20404460.652194817,401.80018071552115,312.8026985041219
-1.8214285714285716,0.67,0.005,268.80481736407916,0.49470561390049184,0.005253617471701802,0.0,262657.87244779157,6289.020455039957,20404460.206922878,401.8001787497981,312.8026977389611
-1.8214285714285716,0.67,0.015,268.80481736407916,0.4947007846875924,0.0052308703203532885,0.0,262657.8737302812,6289.020455039643,20404460.652194817,401.80018071552115,312.8026985041219
-1.8214285714285716,0.69,-0.005,268.7974719105696,0.22955555962639684,0.025122633484163246,0.0,262655.70394427795,6289.020455087396,20403742.013089098,401.79700790895106,312.8014634817602
-1.8214285714285716,0.69,0.005,268.7974719105696,0.22956101677501886,0.02514427145246959,0.0,262655.70244070655,6289.0204550877015,20403741.491476227,401.79700560611735,312.801462585375
-1.8214285714285716,0.69,0.015,268.7974719105696,0.22955555962639684,0.025122633484163246,0.0,262655.70394427795,6289.020455087396,20403742.013089098,401.79700790895106,312.8014634817602
-1.8214285714285716,0.71,-0.005,268.7905086203332,-0.04247625942716514,0.04620886308591801,0.0,262653.71263858175,6289.0204541051935,20403060.736371323,401.7939994881091,312.80029244242303
-1.8214285714285716,0.71,0.005,268.7905086203332,-0.04247021589266024,0.04622931992867336,0.0,262653.7109236991,6289.020454105494,20403060.141943254,401.79399686371704,312.8002914208665
-1.8214285714285716,0.71,0.015,268.7905086203332,-0.04247625942716514,0.04620886308591801,0.0,262653.71263858175,6289.0204541051935,20403060.736371323,401.7939994881091,312.80029244242303
-1.8214285714285716,0.73,-0.005,268.78396220433916,-0.3209329277669563,0.06844743348870044,0.0,262651.915220701,6289.020452230444,20402420.22146056,401.7911705409156,312.79919125989153
-1.8214285714285716,0.73,0.005,268.78396220433916,-0.3209263323514647,0.06846664293639311,0.0,262651.91330507305,6289.020452230743,20402419.55801285,401.7911676117137,312.79919011968235
-1.8214285714285716,0.73,0.015,268.78396220433916,-0.3209329277669563,0.06844743348870044,0.0,262651.915220701,6289.020452230444,20402420.22146056,401.7911705409156,312.79919125989153
-1.8214285714285716,0.75,-0.005,268.77784477943374,-0.6060510675137459,0.0918428407086575,0.0,262650.32061286125,6289.020449231673,20401821.64560387,401.7885261682079,312.7981619204411
-1.8214285714285716,0.75,0.005,268.77784477943374,-0.6060439641669011,0.0918607434548461,0.0,262650.3185076881,6289.020449231971,20401820.917146556,401.7885229518934,312.79816066846746
-1.8214285714285716,0.75,0.015,268.77784477943374,-0.6060510675137459,0.0918428407086575,0.0,262650.32061286125,6289.020449231673,20401821.64560387,401.7885261682079,312.7981619204411
-1.8214285714285716,0.77,-0.005,268.7721746194723,-0.8977937852766129,0.11636481712049114,0.0,262648.9396901718,6289.020445025624,20401266.793117367,401.7860742216356,312.7972074811016
-1.8214285714285716,0.77,0.005,268.7721746194723,-0.8977862206227595,0.11638136018095398,0.0,262648.9374072898,6289.020445025924,20401266.00387261,401.7860707368455,312.7972061246178
-1.8214285714285716,0.77,0.015,268.7721746194723,-0.8977937852766129,0.11636481712049114,0.0,262648.9396901718,6289.020445025624,20401266.793117367,401.7860742216356,312.7972074811016
-1.8214285714285716,0.79,-0.005,268.7669687217807,-1.1960914546691575,0.1419756711813188,0.0,262647.78305299865,6289.0204396188,20400757.32625338,401.78382205638866,312.7963308056362
-1.8214285714285716,0.79,0.005,268.7669687217807,-1.1960834766633874,0.1419908078307662,0.0,262647.7806048405,6289.020439619104,20400756.480640393,401.78381832263335,312.7963293522365
-1.8214285714285716,0.79,0.015,268.7669687217807,-1.1960914546691575,0.1419756711813188,0.0,262647.78305299865,6289.0204396188,20400757.32625338,401.78382205638866,312.7963308056362
-1.8214285714285716,0.8099999999999999,-0.005,268.7622412606911,-1.5009262023540146,0.16863671755713247,0.0,262646.8606670142,6289.020433114031,20400294.634114847,401.7817758670015,312.7955343059861
-1.8214285714285716,0.8099999999999999,0.005,268.7622412606911,-1.5009178604186273,0.168650407381508,0.0,262646.8580665543,6289.020433114347,20400293.73672945,401.78177190457467,312.79553276356995
-1.8214285714285716,0.8099999999999999,0.015,268.7622412606911,-1.5009262023540146,0.16863671755713247,0.0,262646.8606670142,6289.020433114031,20400294.634114847,401.7817758670015,312.7955343059861
-1.8214285714285716,0.83,-0.005,268.7580047594819,-1.812259070677997,0.19630229885892667,0.0,262646.18212759093,6289.020425688634,20399879.946648885,401.7799411800785,312.7948201340575
-1.8214285714285716,0.83,0.005,268.7580047594819,-1.8122504153158023,0.1963145077415371,0.0,262646.17938829656,6289.020425688967,20399879.00224538,401.7799370099771,312.7948185107981
-1.8214285714285716,0.83,0.015,268.7580047594819,-1.812259070677997,0.19630229885892667,0.0,262646.18212759093,6289.020425688634,20399879.946648885,401.7799411800785,312.7948201340575
-1.8214285714285716,0.85,-0.005,268.754270079098,-2.1300398000593552,0.22492137615490693,0.0,262645.75664375396,6289.020417599571,20399514.333718594,401.7783228524987,312.7941901810135
-1.8214285714285716,0.85,0.005,268.754270079098,-2.1300308824824294,0.2249320762264536,0.0,262645.7537795257,6289.020417599933,20399513.347187866,401.7783184963266,312.7941884853205
-1.8214285714285716,0.85,0.015,268.754270079098,-2.1300398000593552,0.22492137615490693,0.0,262645.75664375396,6289.020417599571,20399514.333718594,401.7783228524987,312.7941901810135
-1.8214285714285716,0.87,-0.005,268.7510462219384,-2.4542112051739764,0.2544384646787997,0.0,262645.59298267437,6289.020409211054,20399198.686775275,401.77692500349747,312.79364605082804
-1.8214285714285716,0.87,0.005,268.7510462219384,-2.454202077085206,0.2544476342188753,0.0,262645.5900077882,6289.020409211457,20399197.66312364,401.77692048337184,312.79364429131107
-1.8214285714285716,0.87,0.015,268.7510462219384,-2.4542112051739764,0.2544384646787997,0.0,262645.59298267437,6289.020409211054,20399198.686775275,401.77692500349747,312.79364605082804
-1.8214285714285716,0.89,-0.005,268.7483403700178,-2.7847155433784696,0.2847945186082449,0.0,262645.6994826392,6289.020400994748,20398933.722608056,401.77575103119614,312.7931890667133
-1.8214285714285716,0.89,0.005,268.7483403700178,-2.784706256357747,0.2848021418749422,0.0,262645.69641168544,6289.020400995211,20398932.66693531,401.77574636965124,312.79318725214455
-1.8214285714285716,0.89,0.015,268.7483403700178,-2.7847155433784696,0.2847945186082449,0.0,262645.6994826392,6289.020400994748,20398933.722608056,401.77575103119614,312.7931890667133
-1.8214285714285716,0.91,-0.005,268.74615779285125,-3.121497527192192,0.3159273763888029,0.0,262646.08404229244,6289.020393558118,20398719.975219116,401.77480359013157,312.79282026236666
-1.8214285714285716,0.91,0.005,268.74615779285125,-3.121488132185748,0.31593344348038754,0.0,262646.08089012414,6289.020393558665,20398718.892700326,401.77479881003813,312.792818401649
-1.8214285714285716,0.91,0.015,268.74615779285125,-3.121497527192192,0.3159273763888029,0.0,262646.08404229244,6289.020393558118,20398719.975219116,401.77480359013157,312.79282026236666
-1.8214285714285716,0.93,-0.005,268.7445017967343,-3.464498690986318,0.34777118088395664,0.0,262646.7540886869,6289.020387650735,20398557.791065373,401.77408457316454,312.79254037492285
-1.8214285714285716,0.93,0.005,268.7445017967343,-3.464489238258324,0.3477756876887641,0.0,262646.7508703657,6289.020387651399,20398556.686931264,401.774079697644,312.7925384770572
-1.8214285714285716,0.93,0.015,268.7445017967343,-3.464498690986318,0.34777118088395664,0.0,262646.7540886869,6289.020387650735,20398557.791065373,401.77408457316454,312.79254037492285
-1.8214285714285716,0.95,-0.005,268.74337376880726,-3.8136605163526163,0.380256527772928,0.0,262647.7166000735,6289.020384185334,20398447.334032793,401.77359514342413,312.79234985738526
-1.8214285714285716,0.95,0.005,268.74337376880726,-3.8136510554414946,0.3802594759039119,0.0,262647.71333081013,6289.020384186152,20398446.21354845,401.77359019575425,312.7923479314333
-1.8214285714285716,0.95,0.015,268.74337376880726,-3.8136605163526163,0.380256527772928,0.0,262647.7166000735,6289.020384185334,20398447.334032793,401.77359514342413,312.79234985738526
-1.8214285714285716,0.9699999999999999,-0.005,268.7427733978673,-4.16891659514898,0.4133098862184611,0.0,262648.9781467903,6289.020384278125,20398388.608300764,401.77333585446223,312.79224892539554
-1.8214285714285716,0.9699999999999999,0.005,268.7427733978673,-4.168907174584413,0.4133112828689906,0.0,262648.97484188667,6289.020384279149,20398387.476745132,401.77333085798784,312.7922469804451
-1.8214285714285716,0.9699999999999999,0.015,268.7427733978673,-4.16891659514898,0.4133098862184611,0.0,262648.9781467903,6289.020384278125,20398388.608300764,401.77333585446223,312.79224892539554
-1.8214285714285716,0.9899999999999999,-0.005,268.74268678664765,-4.528813042800047,0.4467146869254454,0.0,262650.54355484585,6289.020410018134,20398380.94557936,401.7733142889633,312.7922405307108
-1.8214285714285716,0.9899999999999999,0.005,268.74268678664765,-4.52880368608401,0.44671456896841016,0.0,262650.54022328544,6289.020410019805,20398379.806012537,401.77330925741865,312.79223857210866
-1.8214285714285716,0.9899999999999999,0.015,268.74268678664765,-4.528813042800047,0.4467146869254454,0.0,262650.54355484585,6289.020410018134,20398380.94557936,401.7733142889633,312.7922405307108
-1.8214285714285716,1.01,-0.005,268.7430926678711,6.840035970794361e-06,-6.746899238795934e-07,0.0,262650.65768021956,6289.046181088293,20399224.84549443,401.7893291847525,312.7984745002652
-1.8214285714285716,1.01,0.005,268.74349854909457,4.528813042799997,-0.4467146869254404,0.0,262650.7718052485,6289.020407459404,20398460.290045593,401.77366345456977,312.7923764484843
-1.8214285714285716,1.01,0.015,268.7430926678711,6.840035970794361e-06,-6.746899238795934e-07,0.0,262650.65768021956,6289.046181088293,20399224.84549443,401.7893291847525,312.7984745002652
-1.75,-0.01,-0.005,269.0592366312391,5.00905419348267,0.0,0.0,262742.0869530446,6289.020393826252,20429353.612141866,401.9100017693967,312.84544360063757
-1.75,-0.01,0.005,269.0592366312391,5.00905419348267,0.006059979220561164,0.0,262742.0869530446,6289.020393780566,20429353.610714097,401.91000174130795,312.84544358970544
-1.75,-0.01,0.015,269.0592366312391,5.00905419348267,0.0,0.0,262742.0869530446,6289.020393826252,20429353.612141866,401.9100017693967,312.84544360063757
-1.75,0.01,-0.005,269.0592366312391,5.00905419348267,-0.006059979220561164,0.0,262742.0869530446,6289.020393780566,20429353.610714097,401.91000174130795,312.84544358970544
-1.75,0.01,0.005,269.0592366312391,5.009036534077658,-0.006058832248869579,0.0,262742.0922626318,6289.020393773797,20429355.483583767,401.9100099989658,312.8454468035725
-1.75,0.01,0.015,269.0592366312391,5.00905419348267,-0.006059979220561164,0.0,262742.0869530446,6289.020393780566,20429353.610714097,401.91000174130795,312.84544358970544
-1.75,0.03,-0.005,269.0585066977158,5.000601909241629,-0.0181407348883244,0.0,262741.8391833973,6289.020394642342,20429282.207260776,401.90968720430675,312.8453211723901
-1.75,0.03,0.005,269.0585066977158,5.000584318355409,-0.018137429137809965,0.0,262741.8444651029,6289.020394635667,20429284.070293143,401.9096954186414,312.845324369397
-1.75,0.03,0.015,269.0585066977158,5.000601909241629,-0.0181407348883244,0.0,262741.8391833973,6289.020394642342,20429282.207260776,401.90968720430675,312.8453211723901
-1.75,0.05,-0.005,269.05704932687775,4.983832694919445,-0.03009494319502757,0.0,262741.3452179728,6289.020396383127,20429139.63803619,401.90905918434186,312.8450767478456
-1.75,0.05,0.005,269.05704932687775,4.983815240187286,-0.030089452105683548,0.0,262741.35046504915,6289.020396376642,20429141.488727007,401.90906734437414,312.84507992372073
-1.75,0.05,0.015,269.05704932687775,4.983832694919445,-0.03009494319502757,0.0,262741.3452179728,6289.020396383127,20429139.63803619,401.90905918434186,312.8450767478456
-1.75,0.07,-0.005,269.0548717784311,4.958765984548946,-0.04184083012543717,0.0,262740.6075797785,6289.020398902075,20428926.61434301,401.90812076568585,312.844711516183
-1.75,0.07,0.005,269.0548717784311,4.958748732774464,-0.04183318179670172,0.0,262740.612775084,6289.020398895863,20428928.44658728,401.9081288445497,312.8447146604711
-1.75,0.07,0.015,269.0548717784311,4.958765984548946,-0.04184083012543717,0.0,262740.6075797785,6289.020398902075,20428926.61434301,401.90812076568585,312.844711516183
-1.75,0.09,-0.005,269.0519851683302,4.925413571609115,-0.053297610241645,0.0,262739.6300280891,6289.020402088774,20428644.221074045,401.9068766735228,312.8442273160202
-1.75,0.09,0.005,269.0519851683302,4.925396588433588,-0.053287843656648265,0.0,262739.63515471027,6289.020402082913,20428646.02885157,401.9068846447196,312.84423041840915
-1.75,0.09,0.015,269.0519851683302,4.925413571609115,-0.053297610241645,0.0,262739.6300280891,6289.020402088774,20428644.221074045,401.9068766735228,312.8442273160202
-1.75,0.10999999999999999,-0.005,269.04840420965803,4.883789638908953,-0.0643855739450084,0.0,262738.41753751825,6289.020405804143,20428293.89440441,401.9053331666258,312.84362658272323
-1.75,0.10999999999999999,0.005,269.04840420965803,4.883772988405009,-0.06437373871165812,0.0,262738.4225788316,6289.020405798698,20428295.671802968,401.9053410041258,312.84362963308325
-1.75,0.10999999999999999,0.015,269.04840420965803,4.883789638908953,-0.0643855739450084,0.0,262738.41753751825,6289.020405804143,20428293.89440441,401.9053331666258,312.84362658272323
-1.75,0.13,-0.005,269.04414709324084,4.833911287704204,-0.07502633531911325,0.0,262736.9762691765,6289.020409888925,20427877.410353933,401.903497991207,312.8429123304586
-1.75,0.13,0.005,269.04414709324084,4.833895032012864,-0.07501249132914373,0.0,262736.98120891885,6289.0204098839495,20427879.151595272,401.90350566956215,312.8429153188861
-1.75,0.13,0.015,269.04414709324084,4.833911287704204,-0.07502633531911325,0.0,262736.9762691765,6289.020409888925,20427877.410353933,401.903497991207,312.8429123304586
-1.75,0.15,-0.005,269.03923535666775,4.775798472181851,-0.08514309112286164,0.0,262735.31353589374,6289.020414173548,20427396.87225833,401.9013803306507,312.8420881326452
-1.75,0.15,0.005,269.03923535666775,4.775782671177697,-0.08512730813286076,0.0,262735.3183582285,6289.020414169076,20427398.571722496,401.9013878251015,312.8420910495046
-1.75,0.15,0.015,269.03923535666775,4.775798472181851,-0.08514309112286164,0.0,262735.31353589374,6289.020414173548,20427396.87225833,401.9013803306507,312.8420881326452
-1.75,0.17,-0.005,269.03369372612246,4.7094740355057025,-0.09466087869984353,0.0,262733.4377603343,6289.020418488805,20426854.69560169,401.8989907440488,312.84115809805195
-1.75,0.17,0.005,269.03369372612246,4.709458746470613,-0.09464323584375785,0.0,262733.4424499157,6289.020418484859,20426856.34785081,401.8989980306281,312.8411609340157
-1.75,0.17,0.015,269.03369372612246,4.7094740355057025,-0.09466087869984353,0.0,262733.4377603343,6289.020418488805,20426854.69560169,401.8989907440488,312.84115809805195
-1.75,0.19,-0.005,269.02754994274966,4.634963570087257,-0.10350682419547988,0.0,262731.35842729924,6289.02042267571,20426253.591306258,401.89634109755946,312.8401268441031
-1.75,0.19,0.005,269.02754994274966,4.63494884739783,-0.10348740943558805,0.0,262731.3629693378,6289.020422672295,20426255.191108055,401.89634815319636,312.8401295901922
-1.75,0.19,0.015,269.02754994274966,4.634963570087257,-0.10350682419547988,0.0,262731.35842729924,6289.02042267571,20426253.591306258,401.89634109755946,312.8401268441031
-1.75,0.21,-0.005,269.0208345668951,4.55229533327896,-0.11161037980371688,0.0,262729.0860296916,6289.020426595006,20425596.54684562,401.89344448603833,312.83899946639923
-1.75,0.21,0.005,269.0208345668951,4.552281228116676,-0.11158928932620753,0.0,262729.09041001624,6289.020426592118,20425598.08919602,401.8934512886582,312.8390021140224
-1.75,0.21,0.015,269.0208345668951,4.55229533327896,-0.11161037980371688,0.0,262729.0860296916,6289.020426595006,20425596.54684562,401.89344448603833,312.83899946639923
-1.75,0.23,-0.005,269.01358076591686,4.461500213337976,-0.11890355259843972,0.0,262726.632009184,6289.020430135085,20424886.80569866,401.89031514659666,312.8377815050974
-1.75,0.23,0.005,269.01358076591686,4.461486773420121,-0.1188808901606973,0.0,262726.6362143019,6289.020430132702,20424888.285843316,401.8903216752163,312.83778404608785
-1.75,0.23,0.015,269.01358076591686,4.461500213337976,-0.11890355259843972,0.0,262726.632009184,6289.020430135085,20424886.80569866,401.89031514659666,312.8377815050974
-1.75,0.25,-0.005,269.00582408724756,4.362611654112668,-0.1253211229064117,0.0,262724.0086914823,6289.020433217913,20424127.845297843,401.8869683645785,312.8364789083415
-1.75,0.25,0.005,269.00582408724756,4.362598923450059,-0.12529699914290807,0.0,262724.0127086363,6289.020433216005,20424129.258752465,401.88697459939675,312.8364813349922
-1.75,0.25,0.015,269.00582408724756,4.362611654112668,-0.1253211229064117,0.0,262724.0086914823,6289.020433217913,20424127.845297843,401.8869683645785,312.8364789083415
-1.75,0.27,-0.005,268.99760222183147,4.255665536716257,-0.13080084939071066,0.0,262721.22921747377,6289.020435802537,20423323.353960093,401.88342037389185,312.8350979934939
-1.75,0.27,0.005,268.99760222183147,4.2556535544974965,-0.13077538105639294,0.0,262721.2330346919,6289.020435801064,20423324.696529455,401.8834262963746,312.8351002985908
-1.75,0.27,0.015,268.99760222183147,4.255665536716257,-0.13080084939071066,0.0,262721.22921747377,6289.020435802537,20423323.353960093,401.88342037389185,312.8350979934939
-1.75,0.29,-0.005,268.98895475987683,4.140699962976917,-0.1352836538436973,0.0,262718.3074705586,6289.020437886047,20422477.206986904,401.8796882524457,312.8336454064627
-1.75,0.29,0.005,268.98895475987683,4.1406887642436345,-0.13525696307690654,0.0,262718.3110767082,6289.020437884964,20422478.47478234,401.8796938454043,312.8336475833152
-1.75,0.29,0.015,268.98895475987683,4.140699962976917,-0.1352836538436973,0.0,262718.3074705586,6289.020437886047,20422477.206986904,401.8796882524457,312.8336454064627
-1.75,0.31,-0.005,268.9799229327745,4.017755432466152,-0.1387138069956399,0.0,262715.25800043787,6289.020439501821,20421593.441327434,401.8757898099329,312.83212807804836
-1.75,0.31,0.005,268.9799229327745,4.017745048559081,-0.13868602056359772,0.0,262715.2613852737,6289.020439501078,20421594.63078272,401.8757950575955,312.8321301205171
-1.75,0.31,0.015,268.9799229327745,4.017755432466152,-0.1387138069956399,0.0,262715.25800043787,6289.020439501821,20421593.441327434,401.8757898099329,312.83212807804836
-1.75,0.33,-0.005,268.97054935839157,3.886874543958747,-0.1410390878967641,0.0,262712.0959445741,6289.020440715257,20420676.230495334,401.8717434755017,312.8305531802448
-1.75,0.33,0.005,268.97054935839157,3.8868650018263797,-0.14101033639038485,0.0,262712.09909877705,6289.020440714803,20420677.338380747,401.87174836357696,312.83055508276635
-1.75,0.33,0.015,268.97054935839157,3.886874543958747,-0.1410390878967641,0.0,262712.0959445741,6289.020440715257,20420676.230495334,401.8717434755017,312.8305531802448
-1.75,0.35,-0.005,268.960877786184,3.7481018987872567,-0.1422109254401254,0.0,262708.83694937447,6289.020441617218,20419729.859398715,401.867568183916,312.8289280819513
-1.75,0.35,0.005,268.960877786184,3.748093220884885,-0.14218134247776495,0.0,262708.8398645876,6289.0204416170045,20419730.882833444,401.86757269964863,312.82892983955986
-1.75,0.35,0.015,268.960877786184,3.7481018987872567,-0.1422109254401254,0.0,262708.83694937447,6289.020441617218,20419729.859398715,401.867568183916,312.8289280819513
-1.75,0.37,-0.005,268.95095282465184,3.6014842817445905,-0.14218454432887853,0.0,262705.49708655186,6289.020442315879,20418758.69739532,401.8632832530815,312.8272603013201
-1.75,0.37,0.005,268.95095282465184,3.601476485983334,-0.1421542657611516,0.0,262705.4997554129,6289.020442315858,20418759.633858167,401.86328738530125,312.82726190966684
-1.75,0.37,0.015,268.95095282465184,3.6014842817445905,-0.14218454432887853,0.0,262705.49708655186,6289.020442315879,20418758.69739532,401.8632832530815,312.8272603013201
-1.75,0.39,-0.005,268.9408196969662,3.4470702464299956,-0.14091907234556467,0.0,262702.09277431376,6289.020442927059,20417767.17405814,401.8589082727579,312.8255574624562
-1.75,0.39,0.005,268.9408196969662,3.447063346176493,-0.14088823546760235,0.0,262702.09519048885,6289.020442927188,20417768.021398745,401.8589120119299,312.8255589178283
-1.75,0.39,0.015,268.9408196969662,3.4470702464299956,-0.14091907234556467,0.0,262702.09277431376,6289.020442927059,20417767.17405814,401.8589082727579,312.8255574624562
-1.75,0.41,-0.005,268.9305239892104,3.2849099357117733,-0.13837762179496776,0.0,262698.64069737773,6289.020443564629,20416759.754230604,401.8544629901199,312.82382725088644
-1.75,0.41,0.005,268.9305239892104,3.2849039397752686,-0.13834636456252997,0.0,262698.64285557834,6289.020443564869,20416760.510674763,401.85446632836897,312.82382855021734
-1.75,0.41,0.015,268.9305239892104,3.2849099357117733,-0.13837762179496776,0.0,262698.64069737773,6289.020443564629,20416759.754230604,401.8544629901199,312.82382725088644
-1.75,0.43000000000000005,-0.005,268.9201113855626,3.1150550861702375,-0.13452737278867966,0.0,262695.15772367467,6289.020444330602,20415740.911800906,401.84996718946275,312.82207736674775
-1.75,0.43000000000000005,0.005,268.9201113855626,3.115049998770533,-0.13449583304705284,0.0,262695.1596196492,6289.020444330923,20415741.575946957,401.8499701205586,312.82207850761074
-1.75,0.43000000000000005,0.015,268.9201113855626,3.1150550861702375,-0.13452737278867966,0.0,262695.15772367467,6289.020444330602,20415740.911800906,401.84996718946275,312.82207736674775
-1.75,0.45,-0.005,268.9096274107426,2.9375598039563466,-0.12933970648270066,0.0,262691.6608257073,6289.020445306826,20414715.10422344,401.84544057590597,312.82031547952664
-1.75,0.45,0.005,268.9096274107426,2.937555624779531,-0.12930802123437637,0.0,262691.6624562577,6289.020445307203,20414715.67504721,401.84544309528576,312.82031646014394
-1.75,0.45,0.015,268.9096274107426,2.9375598039563466,-0.12933970648270066,0.0,262691.6608257073,6289.020445306826,20414715.10422344,401.84544057590597,312.82031547952664
-1.75,0.47,-0.005,268.8991172237537,2.7524793623228465,-0.12279021878172401,0.0,262688.1670101723,6289.020446547517,20413686.752098296,401.8409026817624,312.81854919161856
-1.75,0.47,0.005,268.8991172237537,2.75247608664486,-0.12275852349855068,0.0,262688.1683731713,6289.020446547927,20413687.228958294,401.84090478655276,312.81855001086996
-1.75,0.47,0.015,268.8991172237537,2.7524793623228465,-0.12279021878172401,0.0,262688.1670101723,6289.020446547517,20413686.752098296,401.8409026817624,312.81854919161856
-1.75,0.49,-0.005,268.8886254280177,2.559869946443421,-0.11485870404853873,0.0,262684.69325677113,6289.020448074473,20412660.220446777,401.83637278162087,312.81678600527493
-1.75,0.49,0.005,268.8886254280177,2.5598675651544895,-0.11482713201297072,0.0,262684.69435116893,6289.020448074902,20412660.60308544,401.83637447064535,312.8167866627008
-1.75,0.49,0.015,268.8886254280177,2.559869946443421,-0.11485870404853873,0.0,262684.69325677113,6289.020448074473,20412660.220446777,401.83637278162087,312.81678600527493
-1.75,0.51,-0.005,268.87819580109266,2.359789386345099,-0.10552921825451797,0.0,262681.25643748936,6289.020449874138,20411639.79217645,401.83186977378176,312.8150332764514
-1.75,0.51,0.005,268.87819580109266,2.359787886148165,-0.10549789995992584,0.0,262681.2572633152,6289.020449874574,20411640.080719627,401.8318710475578,312.8150337722512
-1.75,0.51,0.015,268.87819580109266,2.359789386345099,-0.10552921825451797,0.0,262681.25643748936,6289.020449874138,20411639.79217645,401.83186977378176,312.8150332764514
-1.75,0.53,-0.005,268.8678711271471,2.152297198518038,-0.0947901591247514,0.0,262677.8732634798,6289.020451897594,20410629.65169522,401.82741210782945,312.8132981866099
-1.75,0.53,0.005,268.8678711271471,2.15229656204947,-0.09475922172520294,0.0,262677.8738218428,6289.02045189803,20410629.84665132,401.827412968565,312.81329852164123
-1.75,0.53,0.015,268.8678711271471,2.152297198518038,-0.0947901591247514,0.0,262677.8732634798,6289.020451897594,20410629.65169522,401.82741210782945,312.8132981866099
-1.75,0.55,-0.005,268.85769304660863,1.9374536397078062,-0.08263422548298596,0.0,262674.5602352471,6289.020454062271,20409633.87026426,401.82301772065335,312.81158771780804
-1.75,0.55,0.005,268.85769304660863,1.9374538456692036,-0.08260379228807117,0.0,262674.5605283309,6289.020454062702,20409633.972521205,401.8230181722337,312.8115878935814
-1.75,0.55,0.015,268.85769304660863,1.9374536397078062,-0.08263422548298596,0.0,262674.5602352471,6289.020454062271,20409633.87026426,401.82301772065335,312.81158771780804
-1.75,0.57,-0.005,268.8477019098388,1.715320285917866,-0.06905841720650001,0.0,262671.3335986538,6289.020456256297,20408656.391830247,401.8187039758036,312.80990862908294
-1.75,0.57,0.005,268.8477019098388,1.7153213091835176,-0.06902860721293337,0.0,262671.33362970466,6289.0204562567205,20408656.402650025,401.81870402376705,312.8099086477524
-1.75,0.57,0.015,268.8477019098388,1.715320285917866,-0.06905841720650001,0.0,262671.3335986538,6289.020456256297,20408656.391830247,401.8187039758036,312.80990862908294
-1.75,0.59,-0.005,268.83793657842995,1.485959627366881,-0.054064023452860266,0.0,262668.2092841565,6289.020458343921,20407701.01376855,401.81448758085656,312.8082674242746
-1.75,0.59,0.005,268.83793657842995,1.4859614392663727,-0.05403495092029059,0.0,262668.2090574639,6289.020458344334,20407700.934779134,401.81448723235917,312.8082672886239
-1.75,0.59,0.015,268.83793657842995,1.485959627366881,-0.054064023452860266,0.0,262668.2092841565,6289.020458343921,20407701.01376855,401.81448758085656,312.8082674242746
-1.75,0.61,-0.005,268.8284343513442,1.2494352994972868,-0.03765663634307834,0.0,262665.2028830822,6289.020460172508,20406771.379893612,401.810384559647,312.80667034120285
-1.75,0.61,0.005,268.8284343513442,1.2494378679707308,-0.037628410392476115,0.0,262665.20240395225,6289.020460172911,20406771.21307814,401.81038382341507,312.80667005462703
-1.75,0.61,0.015,268.8284343513442,1.2494352994972868,-0.03765663634307834,0.0,262665.2028830822,6289.020460172508,20406771.379893612,401.810384559647,312.80667034120285
-1.75,0.63,-0.005,268.81923082096375,1.0058110122446184,-0.019846018526467044,0.0,262662.3296024984,6289.020461580029,20405870.96662812,401.8064101945089,312.8051233291699
-1.75,0.63,0.005,268.81923082096375,1.0058143021086634,-0.019818742773170417,0.0,262662.328877218,6289.020461580421,20405870.714311108,401.8064090807783,312.80512289565183
-1.75,0.63,0.015,268.81923082096375,1.0058110122446184,-0.019846018526467044,0.0,262662.3296024984,6289.020461580029,20405870.96662812,401.8064101945089,312.8051233291699
-1.75,0.65,-0.005,268.81035970705864,0.7551536319476865,-0.0006463356926935264,0.0,262659.6042187054,6289.020462403244,20405003.067034174,401.80257895938945,312.80363202290846
-1.75,0.65,0.005,268.81035970705864,0.7551576051676542,-0.0006201079147858849,0.0,262659.60325450107,6289.020462403626,20405002.731865518,401.8025774798353,312.80363144699135
-1.75,0.65,0.015,268.81035970705864,0.7551536319476865,-0.0006463356926935264,0.0,262659.6042187054,6289.020462403244,20405003.067034174,401.80257895938945,312.80363202290846
-1.75,0.67,-0.005,268.8018529335272,0.4975273744325975,0.019924393232166947,0.0,262657.04108972487,6289.020462485153,20404170.798575997,401.79890455736603,312.80220175716806
-1.75,0.67,0.005,268.8018529335272,0.4975319903009377,0.019949481379060937,0.0,262657.0398947167,6289.020462485525,20404170.383513696,401.7989027250264,312.8022010439259
-1.75,0.67,0.015,268.8018529335272,0.4975273744325975,0.019924393232166947,0.0,262657.04108972487,6289.020462485153,20404170.798575997,401.79890455736603,312.80220175716806
-1.75,0.69,-0.005,268.793740206018,0.23300306749353727,0.04184356714882863,0.0,262654.65403983643,6289.020461684033,20403377.062092848,401.79539974350473,312.8008374977452
-1.75,0.69,0.005,268.793740206018,0.2330082830340277,0.04186743036604244,0.0,262654.65262299794,6289.020461684395,20403376.57038729,401.79539757271186,312.80083665275566
-1.75,0.69,0.015,268.793740206018,0.23300306749353727,0.04184356714882863,0.0,262654.65403983643,6289.020461684033,20403377.062092848,401.79539974350473,312.8008374977452
-1.75,0.71,-0.005,268.7860509750763,-0.03829743434948253,0.0650824154764765,0.0,262652.4569127884,6289.020459910685,20402624.73506593,401.7920771956223,312.7995441804132
-1.75,0.71,0.005,268.7860509750763,-0.03829166279722356,0.06510497492705287,0.0,262652.45528390084,6289.0204599110375,20402624.170242604,401.7920747019265,312.79954320972837
-1.75,0.71,0.015,268.7860509750763,-0.03829743434948253,0.0650824154764765,0.0,262652.4569127884,6289.020459910685,20402624.73506593,401.7920771956223,312.7995441804132
-1.75,0.7300000000000001,-0.005,268.77882005471923,-0.31599025181968554,0.08959959492136843,0.0,262650.46511582617,6289.020457381159,20401917.22924169,401.7889520967253,312.7983277161438
-1.75,0.7300000000000001,0.005,268.77882005471923,-0.3159839624058121,0.08962077812870163,0.0,262650.46328547515,6289.020457381511,20401916.595098767,401.78894929688585,312.79832662628667
-1.75,0.7300000000000001,0.015,268.77882005471923,-0.31599025181968554,0.08959959492136843,0.0,262650.46511582617,6289.020457381159,20401917.22924169,401.7889520967253,312.7983277161438
-1.75,0.7500000000000001,-0.005,268.7720637185146,-0.6002319196592547,0.11539418043136304,0.0,262648.6886780186,6289.020453879458,20401256.128851198,401.7860313550136,312.79719079490854
-1.75,0.7500000000000001,0.005,268.7720637185146,-0.6002251584851827,0.11541392250964075,0.0,262648.68665745255,6289.02045387981,20401255.429410506,401.78602826677957,312.79718959278745
-1.75,0.7500000000000001,0.015,268.7720637185146,-0.6002319196592547,0.11539418043136304,0.0,262648.6886780186,6289.020453879458,20401256.128851198,401.7860313550136,312.79719079490854
-1.75,0.7699999999999999,-0.005,268.76580246883213,-0.8909703687414279,0.14243534709864353,0.0,262647.139007077,6289.020449351895,20400643.436973527,401.78332380520584,312.7961368565751
-1.75,0.7699999999999999,0.005,268.76580246883213,-0.8909631842982001,0.14245359019518927,0.0,262647.1368081948,6289.020449352251,20400642.67647363,401.7833204472869,312.7961355494724
-1.75,0.7699999999999999,0.015,268.76580246883213,-0.8909703687414279,0.14243534709864353,0.0,262647.139007077,6289.020449351895,20400643.436973527,401.78332380520584,312.7961368565751
-1.75,0.79,-0.005,268.7600550704112,-1.1881260475876527,0.1706851141101406,0.0,262645.8271026467,6289.0204438655155,20400080.990480237,401.7808376053406,312.79516907758784
-1.75,0.79,0.005,268.7600550704112,-1.1881184897744654,0.17070180737573673,0.0,262645.82473795884,6289.020443865881,20400080.17336157,401.7808339973416,312.7951676731348
-1.75,0.79,0.015,268.7600550704112,-1.1881260475876527,0.1706851141101406,0.0,262645.8271026467,6289.0204438655155,20400080.990480237,401.7808376053406,312.79516907758784
-1.75,0.81,-0.005,268.7548373253378,-1.4916645790371343,0.2001045398614955,0.0,262644.76326303213,6289.020437582446,20399570.3394012,401.77857969160243,312.79429015874007
-1.75,0.81,0.005,268.7548373253378,-1.4916566990443516,0.20011963947809094,0.0,262644.7607455985,6289.020437582829,20399569.470283095,401.7785758539221,312.79428866487683
-1.75,0.81,0.015,268.7548373253378,-1.4916645790371343,0.2001045398614955,0.0,262644.76326303213,6289.020437582446,20399570.3394012,401.77857969160243,312.79429015874007
-1.75,0.83,-0.005,268.75016312049206,-1.8015334495699327,0.2306478417389575,0.0,262643.9573304413,6289.020430761507,20399112.849470444,401.7765562316567,312.7935025016245
-1.75,0.83,0.005,268.75016312049206,-1.8015252995634354,0.2306613108743656,0.0,262643.95467382047,6289.020430761918,20399111.933132242,401.77655218540417,312.7935009265681
-1.75,0.83,0.015,268.75016312049206,-1.8015334495699327,0.2306478417389575,0.0,262643.9573304413,6289.020430761507,20399112.849470444,401.7765562316567,312.7935025016245
-1.75,0.85,-0.005,268.74604439958733,-2.1176715413260196,0.26226396741119395,0.0,262643.41867153946,6289.020423759023,20398709.699432086,401.7747726129386,312.7928082040648
-1.75,0.85,0.005,268.74604439958733,-2.117663173842621,0.26227577611467,0.0,262643.41588972736,6289.020423759476,20398708.740790863,401.7747683798357,312.79280655627076
-1.75,0.85,0.015,268.74604439958733,-2.1176715413260196,0.26226396741119395,0.0,262643.41867153946,6289.020423759023,20398709.699432086,401.7747726129386,312.7928082040648
-1.75,0.87,-0.005,268.74249104128734,-2.4400118272215217,0.2948973390283472,0.0,262643.1561433496,6289.020417059087,20398361.870070487,401.77323340846,312.7922090467941
-1.75,0.87,0.005,268.74249104128734,-2.440003294915855,0.2949074641169989,0.0,262643.1532507202,6289.020417059599,20398360.874159493,401.77322901074575,312.7922073349195
-1.75,0.87,0.015,268.74249104128734,-2.4400118272215217,0.2948973390283472,0.0,262643.1561433496,6289.020417059087,20398361.870070487,401.77323340846,312.7922090467941
-1.75,0.89,-0.005,268.7395107987619,-2.7684871400611266,0.32848863087937313,0.0,262643.1780791706,6289.020411277665,20398070.13843384,401.77194235310463,312.7917064842197
-1.75,0.89,0.005,268.7395107987619,-2.7684784951723236,0.3284970557978791,0.0,262643.17509041977,6289.020411278262,20398069.110382397,401.7719378134471,312.79170471708875
-1.75,0.89,0.015,268.7395107987619,-2.7684871400611266,0.32848863087937313,0.0,262643.1780791706,6289.020411277665,20398070.13843384,401.77194235310463,312.7917064842197
-1.75,0.91,-0.005,268.7371092585409,-3.1030321897723936,0.36297499347180784,0.0,262643.49228483875,6289.020407180459,20397835.074373297,401.77090233672345,312.79130164172705
-1.75,0.91,0.005,268.7371092585409,-3.1030234838844044,0.36298170820944164,0.0,262643.48921493045,6289.020407181169,20397834.01938753,401.7708976781343,312.79129982829795
-1.75,0.91,0.015,268.7371092585409,-3.1030321897723936,0.36297499347180784,0.0,262643.49228483875,6289.020407180459,20397835.074373297,401.77090233672345,312.79130164172705
-1.75,0.93,-0.005,268.73528986776813,-3.4435778491490088,0.39828942368438486,0.0,262644.10602869315,6289.020405693622,20397657.043553755,401.7701154224426,312.79099532280094
-1.75,0.93,0.005,268.73528986776813,-3.4435691331119305,0.3982944247104808,0.0,262644.10289279977,6289.020405694482,20397655.966895025,401.7701106681831,312.7909934721288
-1.75,0.93,0.015,268.73528986776813,-3.4435778491490088,0.39828942368438486,0.0,262644.10602869315,6289.020405693622,20397657.043553755,401.7701154224426,312.79099532280094
-1.75,0.95,-0.005,268.7340539665224,-3.790054510365515,0.43436108390387923,0.0,262645.0260696627,6289.0204079486,20397536.21202045,401.76958288813347,312.7907880251631
-1.75,0.95,0.005,268.7340539665224,-3.7900458341390846,0.4343643740608686,0.0,262645.02288310416,6289.020407949659,20397535.11898367,401.76957806161886,312.7907861463632
-1.75,0.95,0.015,268.7340539665224,-3.790054510365515,0.43436108390387923,0.0,262645.0260696627,6289.0204079486,20397536.21202045,401.76958288813347,312.7907880251631
-1.75,0.97,-0.005,268.73340095687087,-4.142385673285343,0.47111477178027467,0.0,262646.25867901713,6289.020415299652,20397472.563287966,401.76930531019394,312.79067997338274
-1.75,0.97,0.005,268.73340095687087,-4.142377085565226,0.47111636011587005,0.0,262646.25545720226,6289.020415300969,20397471.4591811,401.76930043490296,312.79067807559517
-1.75,0.97,0.015,268.73340095687087,-4.142385673285343,0.47111477178027467,0.0,262646.25867901713,6289.020415299652,20397472.563287966,401.76930531019394,312.79067997338274
-1.75,0.9900000000000001,-0.005,268.7333195612255,-4.499090246161862,0.5083144007686601,0.0,262647.8091748893,6289.020450191634,20397465.69636883,401.76929162152334,312.79067464484154
-1.75,0.9900000000000001,0.005,268.7333195612255,-4.499081770370532,0.5083143255254197,0.0,262647.8059271027,6289.0204501936505,20397464.584349316,401.76928671162096,312.7906727335809
-1.75,0.9900000000000001,0.015,268.7333195612255,-4.499090246161862,0.5083144007686601,0.0,262647.8091748893,6289.020450191634,20397465.69636883,401.76929162152334,312.79067464484154
-1.75,1.01,-0.005,268.733723818568,6.768211096524566e-06,-7.646832980571813e-07,0.0,262647.92242660804,6289.045959761532,20398301.241091143,401.7851449358973,312.7968457486143
-1.75,1.01,0.005,268.7341280759105,4.499090246161912,-0.5083144007686656,0.0,262648.0356779859,6289.02044555148,20397544.65753261,401.76963811419176,312.7908095228106
-1.75,1.01,0.015,268.733723818568,6.768211096524566e-06,-7.646832980571813e-07,0.0,262647.92242660804,6289.045959761532,20398301.241091143,401.7851449358973,312.7968457486143
-1.6785714285714286,-0.01,-0.005,269.08116253429193,5.019409479557759,0.0,0.0,262748.3917853295,6289.020557133505,20431504.65695108,401.91956714389727,312.8491664067518
-1.6785714285714286,-0.01,0.005,269.0811625342919,5.019409479557759,0.006266859102415248,0.0,262748.3917853295,6289.020557084647,20431504.655424044,401.91956711385797,312.8491663950607
-1.6785714285714286,-0.01,0.015,269.08116253429193,5.019409479557759,0.0,0.0,262748.3917853295,6289.020557133505,20431504.65695108,401.91956714389727,312.8491664067518
-1.6785714285714286,0.01,-0.005,269.08116253429193,5.019409479557759,-0.006266859102415248,0.0,262748.39178532944,6289.0205570846465,20431504.655424036,401.91956711385785,312.8491663950607
-1.6785714285714286,0.01,0.005,269.08116253429193,5.0193918113461455,-0.006265610018347826,0.0,262748.39716189477,6289.020557083932,20431506.5511018,401.919575474324,312.8491696489018
-1.6785714285714286,0.01,0.015,269.08116253429193,5.019409479557759,-0.006266859102415248,0.0,262748.39178532944,6289.0205570846465,20431504.655424036,401.91956711385785,312.8491663950607
-1.6785714285714286,0.03,-0.005,269.0803641425025,5.010904897329746,-0.01875891211510938,0.0,262748.1236760261,6289.020556219373,20431426.495966654,401.9192219815919,312.8490320717113
-1.6785714285714286,0.03,0.005,269.0803641425025,5.010887298995011,-0.01875530147710394,0.0,262748.1290247066,6289.020556218675,20431428.38181239,401.9192302987274,312.8490353086898
-1.6785714285714286,0.03,0.015,269.0803641425025,5.010904897329746,-0.01875891211510938,0.0,262748.1236760261,6289.020556219373,20431426.495966654,401.9192219815919,312.8490320717113
-1.6785714285714286,0.05,-0.005,269.07877028565855,4.9940393174586255,-0.031116853351677045,0.0,262747.58923301834,6289.020554595429,20431270.459647417,401.9185330112278,312.84876392852215
-1.6785714285714286,0.05,0.005,269.07877028565855,4.994021857961052,-0.0311108558706616,0.0,262747.5945472279,6289.020554594771,20431272.333219472,401.9185412742986,312.8487671444618
-1.6785714285714286,0.05,0.015,269.07877028565855,4.9940393174586255,-0.031116853351677045,0.0,262747.58923301834,6289.020554595429,20431270.459647417,401.9185330112278,312.84876392852215
-1.6785714285714286,0.07,-0.005,269.0763889126763,4.968834660012969,-0.04325371842660719,0.0,262746.7912318275,6289.020552216748,20431037.32861144,401.91750364822116,312.84836330610244
-1.6785714285714286,0.07,0.005,269.0763889126763,4.968817407339241,-0.043245364880575204,0.0,262746.7964945078,6289.020552216148,20431039.183839865,401.9175118304871,312.84836649059736
-1.6785714285714286,0.07,0.015,269.0763889126763,4.968834660012969,-0.04325371842660719,0.0,262746.7912318275,6289.020552216748,20431037.32861144,401.91750364822116,312.84836330610244
-1.6785714285714286,0.09,-0.005,269.07323216926534,4.935304212804161,-0.05508354081201129,0.0,262745.7337960878,6289.0205491264,20430728.29346249,401.9161391553527,312.84783225219326
-1.6785714285714286,0.09,0.005,269.07323216926534,4.935287233697429,-0.05507287391198199,0.0,262745.7389904021,6289.020549125873,20430730.124358993,401.9161472304317,312.8478353949769
-1.6785714285714286,0.09,0.015,269.07323216926534,4.935304212804161,-0.05508354081201129,0.0,262745.7337960878,6289.0205491264,20430728.29346249,401.9161391553527,312.84783225219326
-1.6785714285714286,0.11,-0.005,269.06931613617246,4.893463874602024,-0.06652145348651127,0.0,262744.4223781354,6289.020545377792,20430344.930414885,401.9144464984524,312.8471734772052
-1.6785714285714286,0.11,0.005,269.06931613617246,4.893447234006547,-0.0665085275747609,0.0,262744.42748753104,6289.020545377351,20430346.731096566,401.91445444042296,312.8471765681902
-1.6785714285714286,0.11,0.015,269.06931613617246,4.893463874602024,-0.06652145348651127,0.0,262744.4223781354,6289.020545377792,20430344.930414885,401.9144464984524,312.8471734772052
-1.6785714285714286,0.13,-0.005,269.0646606909022,4.843332787355342,-0.07748394362248233,0.0,262742.8637218283,6289.020541034741,20429889.187740132,401.91243428694776,312.84639033109653
-1.6785714285714286,0.13,0.005,269.0646606909022,4.843316547803834,-0.07746882427772372,0.0,262742.86873010674,6289.020541034396,20429890.95245543,401.91244207046367,312.84639336041914
-1.6785714285714286,0.13,0.015,269.0646606909022,4.843332787355342,-0.07748394362248233,0.0,262742.8637218283,6289.020541034741,20429889.187740132,401.91243428694776,312.84639033109653
-1.6785714285714286,0.15,-0.005,269.05928936803366,4.784933311058061,-0.08788911964617223,0.0,262741.0658211994,6289.020536171042,20429363.37206019,401.91011271355814,312.84548677992257
-1.6785714285714286,0.15,0.005,269.05928936803366,4.7849175329965385,-0.08787188323273191,0.0,262741.07071258617,6289.0205361708,20429365.095213417,401.9101203139559,312.8454897379846
-1.6785714285714286,0.15,0.015,269.05928936803366,4.784933311058061,-0.08788911964617223,0.0,262741.0658211994,6289.020536171042,20429363.37206019,401.91011271355814,312.84548677992257
-1.6785714285714286,0.17,-0.005,269.053229192213,4.718291064602592,-0.0976569735987503,0.0,262739.0378716523,6289.0205308706245,20428770.13198089,401.90749348258674,312.84446737795014
-1.6785714285714286,0.17,0.005,269.053229192213,4.7182758057056216,-0.09763770673200288,0.0,262739.0426308598,6289.020530870489,20428771.80815577,401.9075008759886,312.84447025545916
-1.6785714285714286,0.17,0.015,269.053229192213,4.718291064602592,-0.0976569735987503,0.0,262739.0378716523,6289.0205308706245,20428770.13198089,401.90749348258674,312.84446737795014
-1.6785714285714286,0.19,-0.005,269.0465104923454,4.643434741387709,-0.10670963196321209,0.0,262736.79021406913,6289.020525226682,20428112.439850464,401.9045897294981,312.84333723638275
-1.6785714285714286,0.19,0.005,269.0465104923454,4.643420056233321,-0.10668843091091255,0.0,262736.79482635943,6289.020525226651,20428114.06383304,401.90459689291333,312.8433400243912
-1.6785714285714286,0.19,0.015,269.0465104923454,4.643434741387709,-0.10670963196321209,0.0,262736.79021406913,6289.020525226682,20428112.439850464,401.9045897294981,312.84333723638275
-1.6785714285714286,0.21,-0.005,269.0391666907779,4.5603960181666805,-0.11497159791371196,0.0,262734.3342720367,6289.02051934077,20427393.571067393,401.9014159296987,312.8421019878853
-1.6785714285714286,0.21,0.005,269.0391666907779,4.560381957940239,-0.11494856793565222,0.0,262734.3387232821,6289.020519340842,20427395.13786801,401.90142284112034,312.84210467782816
-1.6785714285714286,0.21,0.015,269.0391666907779,4.5603960181666805,-0.11497159791371196,0.0,262734.3342720367,6289.02051934077,20427393.571067393,401.9014159296987,312.8421019878853
-1.6785714285714286,0.23,-0.005,269.0312340754314,4.469209507777062,-0.12236998566061379,0.0,262731.682483961,6289.020513321333,20426617.08170002,401.8979877996149,312.8407677481119
-1.6785714285714286,0.23,0.005,269.0312340754314,4.469196119996417,-0.12234524029362522,0.0,262731.68676070316,6289.020513321501,20426618.586574633,401.8979944381136,312.84077033184343
-1.6785714285714286,0.23,0.015,269.0312340754314,4.469209507777062,-0.12236998566061379,0.0,262731.682483961,6289.020513321333,20426617.08170002,401.8979877996149,312.8407677481119
-1.6785714285714286,0.25,-0.005,269.02275155308314,4.369912681176397,-0.12883474457094427,0.0,262728.8482293096,6289.020507281891,20425786.784251213,401.8943221894419,312.8393410739925
-1.6785714285714286,0.25,0.005,269.02275155308314,4.369900009448714,-0.12880840486669667,0.0,262728.8523188154,6289.020507282149,20425788.222721443,401.8943285352547,312.83934354382075
-1.6785714285714286,0.25,0.015,269.02275155308314,4.369912681176397,-0.12883474457094427,0.0,262728.8482293096,6289.020507281891,20425786.784251213,401.8943221894419,312.8393410739925
-1.6785714285714286,0.27,-0.005,269.0137603917369,4.26254574414061,-0.13429887041754524,0.0,262725.8457509669,6289.020501338393,20424906.722329393,401.89043697065716,312.8378289199822
-1.6785714285714286,0.27,0.005,269.0137603917369,4.262533827942737,-0.13427106413948797,0.0,262725.8496412796,6289.0205013387285,20424908.090200745,401.89044300526825,312.8378312687002
-1.6785714285714286,0.27,0.015,269.0137603917369,4.26254574414061,-0.13429887041754524,0.0,262725.8457509669,6289.020501338393,20424906.722329393,401.89043697065716,312.8378289199822
-1.6785714285714286,0.29,-0.005,269.0043039525501,4.14715144444848,-0.1386985957739906,0.0,262722.6900740152,6289.020495606307,20423981.144291926,401.8863509188707,312.8362385924934
-1.6785714285714286,0.29,0.005,269.0043039525501,4.147140318915357,-0.13866945656234086,0.0,262722.6937539969,6289.02049560671,20423982.43766906,401.8863566250788,312.83624081340565
-1.6785714285714286,0.29,0.015,269.0043039525501,4.14715144444848,-0.1386985957739906,0.0,262722.6900740152,6289.020495606307,20423981.144291926,401.8863509188707,312.8362385924934
-1.6785714285714286,0.31,-0.005,268.99442740449035,4.02377516282917,-0.14197357982206973,0.0,262719.39692041447,6289.020490197304,20423014.47518191,401.8820835889151,312.83457770130747
-1.6785714285714286,0.31,0.005,268.99442740449035,4.023764858622241,-0.14194324633800787,0.0,262719.40037979576,6289.020490197764,20423015.690485805,401.8820889509101,312.8345797882597
-1.6785714285714286,0.31,0.015,268.99442740449035,4.02377516282917,-0.14197357982206973,0.0,262719.39692041447,6289.020490197304,20423014.47518191,401.8820835889151,312.83457770130747
-1.6785714285714286,0.33,-0.005,268.9841774415244,3.8924646203310598,-0.14406707594263635,0.0,262715.98262242356,6289.020485215656,20422011.28891178,401.8776551908625,312.8328541113446
-1.6785714285714286,0.33,0.005,268.9841774415244,3.892455163536468,-0.144035690999246,0.0,262715.98585184367,6289.020485216162,20422012.422893908,401.87766019428796,312.83285605874806
-1.6785714285714286,0.33,0.015,268.9841774415244,3.8924646203310598,-0.14406707594263635,0.0,262715.98262242356,6289.020485215656,20422011.28891178,401.8776551908625,312.8328541113446
-1.6785714285714286,0.35,-0.005,268.9736020069182,3.753269714128642,-0.14492607323782927,0.0,262712.46403827047,6289.020480754301,20420976.281133637,401.87308646886106,312.8310758955282
-1.6785714285714286,0.35,0.005,268.9736020069182,3.7532611261509836,-0.14489378292129573,0.0,262712.46702931396,6289.0204807548425,20420977.330888435,401.8730911008703,312.8310776983815
-1.6785714285714286,0.35,0.015,268.9736020069182,3.753269714128642,-0.14492607323782927,0.0,262712.46403827047,6289.020480754301,20420976.281133637,401.87308646886106,312.8310758955282
-1.6785714285714286,0.37,-0.005,268.9627499855268,3.6062428062480665,-0.14450145031616704,0.0,262708.85846038576,6289.0204768912245,20419914.23899056,401.8683985663117,312.8292512823301
-1.6785714285714286,0.37,0.005,268.9627499855268,3.6062351037637206,-0.14446840310782427,0.0,262708.86120561406,6289.020476891791,20419915.201966207,401.8684028156154,312.8292529362378
-1.6785714285714286,0.37,0.015,268.9627499855268,3.6062428062480665,-0.14450145031616704,0.0,262708.85846038576,6289.0204768912245,20419914.23899056,401.8683985663117,312.8292512823301
-1.6785714285714286,0.39,-0.005,268.9516709337334,3.4514381745960288,-0.14274807979292511,0.0,262705.1835308056,6289.020473685876,20418830.01455716,401.8636129072802,312.8273886096316
-1.6785714285714286,0.39,0.005,268.9516709337334,3.4514313695235637,-0.1427144257006111,0.0,262705.18602378486,6289.020473686457,20418830.888564855,401.8636167641881,312.82739011082055
-1.6785714285714286,0.39,0.015,268.9516709337334,3.4514381745960288,-0.14274807979292511,0.0,262705.1835308056,6289.020473685876,20418830.01455716,401.8636129072802,312.8273886096316
-1.6785714285714286,0.41,-0.005,268.94041480012174,3.2889117983722524,-0.13962490676623426,0.0,262701.4571555158,6289.020471176256,20417728.497398164,401.85875107427415,312.8254962771656
-1.6785714285714286,0.41,0.005,268.94041480012174,3.28890589786672,-0.13959079647328423,0.0,262701.45939084206,6289.020471176847,20417729.280620173,401.8587545307315,312.825497622499
-1.6785714285714286,0.41,0.015,268.94041480012174,3.2889117983722524,-0.13962490676623426,0.0,262701.4571555158,6289.020471176256,20417728.497398164,401.85875107427415,312.8254962771656
-1.6785714285714286,0.43,-0.005,268.92903162600555,3.118721491612626,-0.13509505491840776,0.0,262697.69741418806,6289.020469376146,20416614.585165124,401.8538346773619,312.8235826955852
-1.6785714285714286,0.43,0.005,268.92903162600555,3.118716498145897,-0.13506063896554843,0.0,262697.69938750664,6289.020469376739,20416615.276160948,401.85383772697674,312.8235838825733
-1.6785714285714286,0.43,0.015,268.92903162600555,3.118721491612626,-0.13509505491840776,0.0,262697.69741418806,6289.020469376146,20416614.585165124,401.8538346773619,312.8235826955852
-1.6785714285714286,0.45,-0.005,268.9175712845376,2.9409277134285117,-0.12912598801545008,0.0,262693.92248306127,6289.020468273997,20415493.158024706,401.84888524092514,312.8216562423922
-1.6785714285714286,0.45,0.005,268.9175712845376,2.9409236248232156,-0.12909141601564209,0.0,262693.9241910836,6289.020468274587,20415493.75573609,401.8488878789912,312.8216572692013
-1.6785714285714286,0.45,0.015,268.9175712845376,2.9409277134285117,-0.12912598801545008,0.0,262693.92248306127,6289.020468273997,20415493.158024706,401.84888524092514,312.8216562423922
-1.6785714285714286,0.47,-0.005,268.90608324795954,2.755592187687895,-0.12168951643216366,0.0,262690.1505584208,6289.020467831584,20414369.055837464,401.84392410236427,312.8197252225131
-1.6785714285714286,0.47,0.005,268.90608324795954,2.7555889971997165,-0.12165493632598846,0.0,262690.1519989382,6289.020467832167,20414369.559592273,401.8439263258783,312.81972608797236
-1.6785714285714286,0.47,0.015,268.90608324795954,2.755592187687895,-0.12168951643216366,0.0,262690.1505584208,6289.020467831584,20414369.055837464,401.84392410236427,312.8197252225131
-1.6785714285714286,0.49,-0.005,268.8946164048674,2.5627772966534828,-0.11276174248120087,0.0,262686.3997981161,6289.020467984452,20413247.060291454,401.8389723334633,312.81779783769275
-1.6785714285714286,0.49,0.005,268.8946164048674,2.562774992971221,-0.11272729982627941,0.0,262686.4009700106,6289.020467985026,20413247.46980643,401.8389741411383,312.8177985412991
-1.6785714285714286,0.49,0.015,268.8946164048674,2.5627772966534828,-0.11276174248120087,0.0,262686.3997981161,6289.020467984452,20413247.060291454,401.8389723334633,312.81779783769275
-1.6785714285714286,0.51,-0.005,268.8832187177108,2.362547529656554,-0.10232319050449724,0.0,262682.6882235876,6289.02046864293,20412131.861425,401.83405059306466,312.81588212914613
-1.6785714285714286,0.51,0.005,268.8832187177108,2.3625460971561414,-0.10228902782410723,0.0,262682.6891268357,6289.02046864349,20412132.176805906,401.8340519853305,312.8158826710649
-1.6785714285714286,0.51,0.015,268.8832187177108,2.362547529656554,-0.10232319050449724,0.0,262682.6882235876,6289.02046864293,20412131.861425,401.83405059306466,312.81588212914613
-1.6785714285714286,0.53,-0.005,268.8719370733263,2.154969215912214,-0.09035890775057276,0.0,262679.0336712251,6289.020469694403,20411028.043081947,401.82917906383534,312.813985952939
-1.6785714285714286,0.53,0.005,268.8719370733263,2.154968634791603,-0.09032516391603723,0.0,262679.0343068971,6289.020469694951,20411028.26482196,401.8291800428325,312.81398633400147
-1.6785714285714286,0.53,0.015,268.8719370733263,2.154969215912214,-0.09035890775057276,0.0,262679.0336712251,6289.020469694403,20411028.043081947,401.82917906383534,312.813985952939
-1.6785714285714286,0.55,-0.005,268.8608171099596,1.9401093975868564,-0.07685840263317499,0.0,262675.4537356602,6289.020471006152,20409940.066088066,401.82437737919105,312.81211695153456
-1.6785714285714286,0.55,0.005,268.8608171099596,1.9401096440255032,-0.0768252122827509,0.0,262675.4541059107,6289.020471006686,20409940.195063267,401.8243779487512,312.8121171732301
-1.6785714285714286,0.55,0.015,268.8608171099596,1.9401093975868564,-0.07685840263317499,0.0,262675.4537356602,6289.020471006152,20409940.066088066,401.82437737919105,312.81211695153456
-1.6785714285714286,0.57,-0.005,268.84990305681754,1.7180362873688215,-0.06181561685665267,0.0,262671.96572095255,6289.020472429197,20408872.25268864,401.81966455622063,312.810282527672
-1.6785714285714286,0.57,0.005,268.84990305681754,1.7180373336700563,-0.06178310985197499,0.0,262671.9658290025,6289.020472429716,20408872.29015034,401.81966472183313,312.81028259213537
-1.6785714285714286,0.57,0.015,268.84990305681754,1.7180362873688215,-0.06181561685665267,0.0,262671.96572095255,6289.020472429197,20408872.25268864,401.81966455622063,312.810282527672
-1.6785714285714286,0.59,-0.005,268.8392374707292,1.4888194945712652,-0.04522895819747657,0.0,262668.58656190743,6289.02047380292,20407828.76094412,401.81505888460526,312.8084898011149
-1.6785714285714286,0.59,0.005,268.8392374707292,1.488821309488821,-0.0451972591295225,0.0,262668.5864120205,6289.020473803423,20407828.708509192,401.81505865337493,312.8084897111098
-1.6785714285714286,0.59,0.015,268.8392374707292,1.4888194945712652,-0.04522895819747657,0.0,262668.58656190743,6289.02047380292,20407828.76094412,401.81505888460526,312.8084898011149
-1.6785714285714286,0.61,-0.005,268.8288611835529,1.252529606688478,-0.02710128048619354,0.0,262665.33280381665,6289.020474960308,20406813.579769857,401.8105779069218,312.80674560096753
-1.6785714285714286,0.61,0.005,268.8288611835529,1.2525321556069633,-0.027070508217348677,0.0,262665.332401269,6289.020474960796,20406813.439408705,401.81057728751654,312.80674535986617
-1.6785714285714286,0.61,0.015,268.8288611835529,1.252529606688478,-0.02710128048619354,0.0,262665.33280381665,6289.020474960308,20406813.579769857,401.8105779069218,312.80674560096753
-1.6785714285714286,0.63,-0.005,268.81881311675954,1.0092374189395459,-0.007439751174721062,0.0,262662.22054487624,6289.020475733565,20405830.5109907,401.8062383417686,312.80505643573315
-1.6785714285714286,0.63,0.005,268.81881311675954,1.0092406641487501,-0.007410018439145187,0.0,262662.2198959238,6289.020475734038,20405830.28501438,401.80623734436233,312.80505604749413
-1.6785714285714286,0.63,0.015,268.81881311675954,1.0092374189395459,-0.007439751174721062,0.0,262662.22054487624,6289.020475733565,20405830.5109907,401.8062383417686,312.80505643573315
-1.6785714285714286,0.65,-0.005,268.8091301061541,0.7590174406593803,0.013743825941752694,0.0,262659.2653863285,6289.020475961253,20404883.15243764,401.8020560121943,312.80342846543545
-1.6785714285714286,0.65,0.005,268.8091301061541,0.7590213416237838,0.013772412889281565,0.0,262659.2644981718,6289.020475961714,20404882.843484014,401.8020546484073,312.80342793458044
-1.6785714285714286,0.65,0.015,268.8091301061541,0.7590174406593803,0.013743825941752694,0.0,262659.2653863285,6289.020475961253,20404883.15243764,401.8020560121943,312.80342846543545
-1.6785714285714286,0.67,-0.005,268.7998469958087,0.5019405452381019,0.036433744600402745,0.0,262656.4824472311,6289.02047549431,20403974.907352887,401.79804588971507,312.80186751873157
-1.6785714285714286,0.67,0.005,268.7998469958087,0.5019450588651148,0.03646108626902614,0.0,262656.48132797243,6289.020475494755,20403974.518370368,401.79804417254115,312.8018668503172
-1.6785714285714286,0.67,0.015,268.7998469958087,0.5019405452381019,0.036433744600402745,0.0,262656.4824472311,6289.02047549431,20403974.907352887,401.79804588971507,312.80186751873157
-1.6785714285714286,0.69,-0.005,268.79099618306117,0.23808622691370335,0.06060929416799295,0.0,262653.8862413178,6289.020474205173,20403108.94017638,401.7942219030918,312.80037901845714
-1.6785714285714286,0.69,0.005,268.79099618306117,0.238091307738557,0.06063529809384811,0.0,262653.88489992934,6289.020474205608,20403108.4744112,401.79421984684336,312.8003782180533
-1.6785714285714286,0.69,0.015,268.79099618306117,0.23808622691370335,0.06060929416799295,0.0,262653.8862413178,6289.020474205173,20403108.94017638,401.7942219030918,312.80037901845714
-1.6785714285714286,0.71,-0.005,268.78260922295703,-0.032428888681950645,0.08624362321862676,0.0,262651.4911231408,6289.020472016674,20402288.334462155,401.790597648958,312.79896825822044
-1.6785714285714286,0.71,0.005,268.78260922295703,-0.03242328689290836,0.08626820407291345,0.0,262651.4895694163,6289.020472017099,20402287.79544007,401.7905952691855,312.7989673318792
-1.6785714285714286,0.71,0.015,268.78260922295703,-0.032428888681950645,0.08624362321862676,0.0,262651.4911231408,6289.020472016674,20402288.334462155,401.790597648958,312.79896825822044
-1.6785714285714286,0.73,-0.005,268.7747213119559,-0.30928138451706755,0.1132967263683875,0.0,262649.3125798891,6289.020469242884,20401516.542217456,401.78718853811483,312.79764123784884
-1.6785714285714286,0.73,0.005,268.7747213119559,-0.30927530384089114,0.11331980589365684,0.0,262649.3108244344,6289.020469243305,20401515.93373906,401.7871858515879,312.7976401920971
-1.6785714285714286,0.73,0.015,268.7747213119559,-0.30928138451706755,0.1132967263683875,0.0,262649.3125798891,6289.020469242884,20401516.542217456,401.78718853811483,312.79764123784884
-1.6785714285714286,0.75,-0.005,268.7673524434404,-0.5925627026778448,0.1417631500879067,0.0,262647.36162329756,6289.020465697018,20400795.512325652,401.78400310597766,312.7964012808988
-1.6785714285714286,0.75,0.005,268.7673524434404,-0.5925561919335384,0.14178465826688744,0.0,262647.359677404,6289.020465697443,20400794.83842242,401.78400013048787,312.79640012266145
-1.6785714285714286,0.75,0.015,268.7673524434404,-0.5925627026778448,0.1417631500879067,0.0,262647.36162329756,6289.020465697018,20400795.512325652,401.78400310597766,312.7964012808988
-1.6785714285714286,0.77,-0.005,268.76052518024943,-0.8822075542953253,0.1716118796137693,0.0,262645.65014361846,6289.020461351088,20400127.450055376,401.78105109548613,312.7952521809505
-1.6785714285714286,0.77,0.005,268.76052518024943,-0.882200664330944,0.17163175416491566,0.0,262645.6480192396,6289.020461351521,20400126.714979127,401.7810478498023,312.79525091753294
-1.6785714285714286,0.77,0.015,268.76052518024943,-0.8822075542953253,0.1716118796137693,0.0,262645.65014361846,6289.020461351088,20400127.450055376,401.78105109548613,312.7952521809505
-1.6785714285714286,0.79,-0.005,268.754259999472,-1.1781270019233796,0.20280492712596046,0.0,262644.18952092645,6289.020456325226,20399514.36126872,401.7783414392809,312.79419741614424
-1.6785714285714286,0.79,0.005,268.754259999472,-1.1781197849956584,0.20282311348558588,0.0,262644.1872306349,6289.020456325677,20399513.569475222,401.7783379430761,312.79419605520405
-1.6785714285714286,0.79,0.015,268.754259999472,-1.1781270019233796,0.20280492712596046,0.0,262644.18952092645,6289.020456325226,20399514.36126872,401.7783414392809,312.79419741614424
-1.6785714285714286,0.81,-0.005,268.7485742014886,-1.4802711665383783,0.23530332661903358,0.0,262642.9903586303,6289.020450860164,20398957.944848277,401.7758817712468,312.7932399590257
-1.6785714285714286,0.81,0.005,268.7485742014886,-1.4802636758604706,0.23531977791476424,0.0,262642.9879155561,6289.020450860642,20398957.100974493,401.7758780449991,312.7932385085341
-1.6785714285714286,0.81,0.015,268.7485742014886,-1.4802711665383783,0.23530332661903358,0.0,262642.9903586303,6289.020450860164,20398957.944848277,401.7758817712468,312.7932399590257
-1.6785714285714286,0.83,-0.005,268.74348294742316,-1.7885747421667804,0.26906132744753525,0.0,262642.0627302213,6289.020445314507,20398459.694134027,401.77367887284487,312.79238245027
-1.6785714285714286,0.83,0.005,268.74348294742316,-1.7885670316820443,0.2690760044443476,0.0,262642.06014799565,6289.020445315025,20398458.802977446,401.77367493774545,312.7923809184759
-1.6785714285714286,0.83,0.015,268.74348294742316,-1.7885747421667804,0.26906132744753525,0.0,262642.0627302213,6289.020445314507,20398459.694134027,401.77367887284487,312.79238245027
-1.6785714285714286,0.85,-0.005,268.7389991404304,-2.1029656607148666,0.30402786554864153,0.0,262641.41613882873,6289.020440173597,20398020.885601044,401.77173862709526,312.79162718075486
-1.6785714285714286,0.85,0.005,268.7389991404304,-2.102957784452382,0.3040407365348712,0.0,262641.4134315263,6289.020440174177,20398019.95209869,401.7717345049564,312.79162557614904
-1.6785714285714286,0.85,0.015,268.7389991404304,-2.1029656607148666,0.30402786554864153,0.0,262641.41613882873,6289.020440173597,20398020.885601044,401.77173862709526,312.79162718075486
-1.6785714285714286,0.87,-0.005,268.7351334085879,-2.4233668977378824,0.34014711941146825,0.0,262641.0595050333,6289.020436060814,20397642.577553358,401.77006601797876,312.790976091316
-1.6785714285714286,0.87,0.005,268.7351334085879,-2.4233589095583965,0.3401581601079462,0.0,262641.05668711115,6289.020436061473,20397641.606759746,401.7700617311361,312.7909744225932
-1.6785714285714286,0.87,0.015,268.7351334085879,-2.4233668977378824,0.34014711941146825,0.0,262641.0595050333,6289.020436060814,20397642.577553358,401.77006601797876,312.790976091316
-1.6785714285714286,0.89,-0.005,268.73189398219586,-2.7497010291767077,0.37735916527438823,0.0,262641.00113428384,6289.020433745843,20397325.59838787,401.76866508236765,312.79043075402444
-1.6785714285714286,0.89,0.005,268.73189398219586,-2.749692982416044,0.37736835873349844,0.0,262640.99822052615,6289.020433746613,20397324.595454983,401.76866065359286,312.7904290300493
-1.6785714285714286,0.89,0.015,268.73189398219586,-2.7497010291767077,0.37735916527438823,0.0,262641.00113428384,6289.020433745843,20397325.59838787,401.76866508236765,312.79043075402444
-1.6785714285714286,0.91,-0.005,268.7292867102233,-3.081891987617885,0.4156001617232051,0.0,262641.24873146764,6289.020434172508,20397070.549083393,401.76753893413047,312.7899923815608
-1.6785714285714286,0.91,0.005,268.7292867102233,-3.081883934900798,0.4156074982484334,0.0,262641.2457369266,6289.020434173426,20397069.51923953,401.76753438653753,312.7899906113313
-1.6785714285714286,0.91,0.015,268.7292867102233,-3.081891987617885,0.4156001617232051,0.0,262641.24873146764,6289.020434172508,20397070.549083393,401.76753893413047,312.7899923815608
-1.6785714285714286,0.93,-0.005,268.72731510564137,-3.4198596088208015,0.4548017297327392,0.0,262641.8094024648,6289.020438487178,20396877.808531534,401.7666898010939,312.78966184159606
-1.6785714285714286,0.93,0.005,268.72731510564137,-3.419851601878375,0.45480720677192094,0.0,262641.8063423988,6289.020438488287,20396876.757059157,401.76668515804187,312.78966003420544
-1.6785714285714286,0.93,0.015,268.72731510564137,-3.4198596088208015,0.4548017297327392,0.0,262641.8094024648,6289.020438487178,20396877.808531534,401.7666898010939,312.78966184159606
-1.6785714285714286,0.95,-0.005,268.7259803756843,-3.7635230123770134,0.4948913712242541,0.0,262642.6896726374,6289.020448063794,20396747.53728504,401.76611905345237,312.78943966784476
-1.6785714285714286,0.95,0.005,268.7259803756843,-3.7635151018061856,0.4948949932255292,0.0,262642.6865624484,6289.020448065153,20396746.469498526,401.76611433844784,312.7894378324441
-1.6785714285714286,0.95,0.015,268.7259803756843,-3.7635230123770134,0.4948913712242541,0.0,262642.6896726374,6289.020448063794,20396747.53728504,401.76611905345237,312.78943966784476
-1.6785714285714286,0.97,-0.005,268.72528154192497,-4.112795062979807,0.5357919083773977,0.0,262643.8955019707,6289.020464532895,20396679.690213423,401.7658272734425,312.78932608718424
-1.6785714285714286,0.97,0.005,268.72528154192497,-4.11278729787185,0.5357936866050774,0.0,262643.8923571453,6289.02046453457,20396678.611438453,401.7658225100489,312.78932423294657
-1.6785714285714286,0.97,0.015,268.72528154192497,-4.112795062979807,0.5357919083773977,0.0,262643.8955019707,6289.020464532895,20396679.690213423,401.7658272734425,312.78932608718424
-1.6785714285714286,0.99,-0.005,268.7252098354637,-4.466194631961837,0.5772475614266489,0.0,262645.4326379034,6289.020510307099,20396674.110663615,401.76582445780866,312.7893249911475
-1.6785714285714286,0.99,0.005,268.7252098354637,-4.466187036134985,0.5772475359079896,0.0,262645.4294679906,6289.020510309526,20396673.024141714,401.7658196605591,312.78932312373075
-1.6785714285714286,0.99,0.015,268.7252098354637,-4.466194631961837,0.5772475614266489,0.0,262645.4326379034,6289.020510307099,20396674.110663615,401.76582445780866,312.7893249911475
-1.6785714285714286,1.01,-0.005,268.72560276072977,6.530593756240904e-06,-8.440674066187116e-07,0.0,262645.5421144676,6289.045744772219,20397499.931330845,401.78150365806226,312.7954283457857
-1.6785714285714286,1.01,0.005,268.7259956859959,4.466194631961837,-0.5772475614266488,0.0,262645.65159071167,6289.020502794927,20396750.764189586,401.7661594004383,312.78945537363757
-1.6785714285714286,1.01,0.015,268.72560276072977,6.530593756240904e-06,-8.440674066187116e-07,0.0,262645.5421144676,6289.045744772219,20397499.931330845,401.78150365806226,312.7954283457857
-1.6071428571428572,-0.01,-0.005,269.10319213668134,5.030801233885872,0.0,0.0,262754.6903947158,6289.0206197300695,20433662.765269537,401.92911485920195,312.8528822957994
-1.6071428571428572,-0.01,0.005,269.10319213668134,5.030801233885872,0.00649672238332957,0.0,262754.6903947158,6289.0206196775625,20433662.763628285,401.9291148269186,312.8528822832351
-1.6071428571428572,-0.01,0.015,269.10319213668134,5.030801233885872,0.0,0.0,262754.6903947158,6289.0206197300695,20433662.765269537,401.92911485920195,312.8528822957994
-1.6071428571428572,0.01,-0.005,269.10319213668134,5.030801233885872,-0.00649672238332957,0.0,262754.6903947158,6289.0206196775625,20433662.763628285,401.9291148269186,312.8528822832351
-1.6071428571428572,0.01,0.005,269.10319213668134,5.030783676373525,-0.0064953744155170695,0.0,262754.6958075288,6289.020619678024,20433664.671784315,401.92912324229195,312.8528855584069
-1.6071428571428572,0.01,0.015,269.10319213668134,5.030801233885872,-0.00649672238332957,0.0,262754.6903947158,6289.0206196775625,20433662.763628285,401.9291148269186,312.8528822832351
-1.6071428571428572,0.03,-0.005,269.102327041605,5.022247599570025,-0.019445751098813576,0.0,262754.40296471136,6289.020618363314,20433578.05952426,401.92874064608446,312.85273665608923
-1.6071428571428572,0.03,0.005,269.102327041605,5.022230113542944,-0.01944184453039836,0.0,262754.4083497722,6289.0206183637765,20433579.9578941,401.9287490183279,312.8527399144768
-1.6071428571428572,0.03,0.015,269.102327041605,5.022247599570025,-0.019445751098813576,0.0,262754.40296471136,6289.020618363314,20433578.05952426,401.92874064608446,312.85273665608923
-1.6071428571428572,0.05,-0.005,269.1006002313519,5.005290925006901,-0.03225230950865615,0.0,262753.83006006735,6289.0206158749625,20433408.979338232,401.9279937942893,312.85244598922105
-1.6071428571428572,0.05,0.005,269.1006002313519,5.005273580947853,-0.03224582057259368,0.0,262753.8354109749,6289.020615875436,20433410.865544908,401.9280021129502,312.8524492267579
-1.6071428571428572,0.05,0.015,269.1006002313519,5.005290925006901,-0.03225230950865615,0.0,262753.83006006735,6289.0206158749625,20433408.979338232,401.9279937942893,312.85244598922105
-1.6071428571428572,0.07,-0.005,269.0980203803867,4.979955437023219,-0.04482369441967981,0.0,262752.97468546743,6289.020612240726,20433156.377088245,401.926878044207,312.8520117505141
-1.6071428571428572,0.07,0.005,269.0980203803867,4.979938303674229,-0.044814656524992176,0.0,262752.9799853126,6289.0206122412155,20433158.2451149,401.9268862827774,312.85201495688506
-1.6071428571428572,0.07,0.015,269.0980203803867,4.979955437023219,-0.04482369441967981,0.0,262752.97468546743,6289.020612240726,20433156.377088245,401.926878044207,312.8520117505141
-1.6071428571428572,0.09000000000000001,-0.005,269.0946006645826,4.946255901722159,-0.05706819385317205,0.0,262751.84128239995,6289.020607542588,20432821.545558058,401.9253991258374,312.8514361694345
-1.6071428571428572,0.09000000000000001,0.005,269.0946006645826,4.946239046922154,-0.05705665335541183,0.0,262751.84651448554,6289.020607543095,20432823.389465343,401.9254072581495,312.8514393344566
-1.6071428571428572,0.09000000000000001,0.015,269.0946006645826,4.946255901722159,-0.05706819385317205,0.0,262751.84128239995,6289.020607542588,20432821.545558058,401.9253991258374,312.8514361694345
-1.6071428571428572,0.11,-0.005,269.09035854189887,4.904209917043847,-0.06889522624225479,0.0,262750.4357250731,6289.020601882591,20432406.197452538,401.92356462759244,312.85072219854993
-1.6071428571428572,0.11,0.005,269.09035854189887,4.904193406872557,-0.0688812421300388,0.0,262750.4408729765,6289.020601883121,20432408.011402816,401.92357262792376,312.8507253122134
-1.6071428571428572,0.11,0.015,269.09035854189887,4.904209917043847,-0.06889522624225479,0.0,262750.4357250731,6289.020601882591,20432406.197452538,401.92356462759244,312.85072219854993
-1.6071428571428572,0.13,-0.005,269.08531559451006,4.853838713011433,-0.08021559354835582,0.0,262748.7652772713,6289.020595380067,20431912.44983589,401.9213839266819,312.84987348645615
-1.6071428571428572,0.13,0.005,269.08531559451006,4.853822611366573,-0.08019923701543924,0.0,262748.7703249103,6289.020595380622,20431914.22811734,401.9213917698616,312.84987653896576
-1.6071428571428572,0.13,0.015,269.08531559451006,4.853838713011433,-0.08021559354835582,0.0,262748.7652772713,6289.020595380067,20431912.44983589,401.9213839266819,312.84987348645615
-1.6071428571428572,0.15,-0.005,269.07949737420563,4.795167063214485,-0.09094175612656598,0.0,262746.8385454771,6289.020588169121,20431342.80889326,401.9188681211328,312.84889435134306
-1.6071428571428572,0.15,0.005,269.07949737420563,4.795151431427324,-0.0909231100625201,0.0,262746.8434771783,6289.020588169703,20431344.54594507,401.91887578265204,312.848897333161
-1.6071428571428572,0.15,0.015,269.07949737420563,4.795167063214485,-0.09094175612656598,0.0,262746.8385454771,6289.020588169121,20431342.80889326,401.9188681211328,312.84889435134306
-1.6071428571428572,0.17,-0.005,269.0729332211636,4.728223336637417,-0.10098810260137803,0.0,262744.6654246715,6289.020580395697,20430700.15207094,401.91602995009634,312.847789750006
-1.6071428571428572,0.17,0.005,269.0729332211636,4.728208233103336,-0.10096726100634186,0.0,262744.6702252355,6289.020580396305,20430701.84250715,401.91603740621275,312.84779265189263
-1.6071428571428572,0.17,0.015,269.0729332211636,4.728223336637417,-0.10098810260137803,0.0,262744.6654246715,6289.020580395697,20430700.15207094,401.91602995009634,312.847789750006
-1.6071428571428572,0.18999999999999997,-0.005,269.0656560601441,4.653039302257138,-0.11027120521488752,0.0,262742.25703603495,6289.020572214097,20429987.70798657,401.91288370411127,312.84656524295053
-1.6071428571428572,0.18999999999999997,0.005,269.0656560601441,4.653024782091801,-0.11024827254313106,0.0,262742.2616907985,6289.020572214732,20429989.346618604,401.9128909319489,312.84656805600315
-1.6071428571428572,0.18999999999999997,0.015,269.0656560601441,4.653039302257138,-0.11027120521488752,0.0,262742.25703603495,6289.020572214097,20429987.70798657,401.91288370411127,312.84656524295053
-1.6071428571428572,0.20999999999999996,-0.005,269.05770216991175,4.569650041774268,-0.11871006884748496,0.0,262739.62565741735,6289.020563783723,20429209.03372347,401.909445123971,312.8452269550644
-1.6071428571428572,0.20999999999999996,0.005,269.05770216991175,4.569636156506366,-0.11868515928716296,0.0,262739.6301523115,6289.020563784385,20429210.615581512,401.9094521016132,312.84522967075327
-1.6071428571428572,0.20999999999999996,0.015,269.05770216991175,4.569650041774268,-0.11871006884748496,0.0,262739.62565741735,6289.020563783723,20429209.03372347,401.909445123971,312.8452269550644
-1.6071428571428572,0.23,-0.005,269.04911093821676,4.478093878039662,-0.12622637065254066,0.0,262736.784649336,6289.020555265396,20428367.99069668,401.9057312931127,312.8437815337688
-1.6071428571428572,0.23,0.005,269.04911093821676,4.47808067532226,-0.1261996073466795,0.0,262736.7889709435,6289.02055526608,20428369.51105027,401.90573799969377,312.8437841439731
-1.6071428571428572,0.23,0.015,269.04911093821676,4.478093878039662,-0.12622637065254066,0.0,262736.784649336,6289.020555265396,20428367.99069668,401.9057312931127,312.8437815337688
-1.6071428571428572,0.25,-0.005,269.03992459284314,4.378412301869995,-0.13274468894119362,0.0,262733.74837387307,6289.020546817587,20427468.71817375,401.9017605196304,312.84223610313245
-1.6071428571428572,0.25,0.005,269.03992459284314,4.37839982522803,-0.13271620315679317,0.0,262733.7525094821,6289.020546818293,20427470.172551207,401.9017669354209,312.8422386001733
-1.6071428571428572,0.25,0.015,269.03992459284314,4.378412301869995,-0.13274468894119362,0.0,262733.74837387307,6289.020546817587,20427468.71817375,401.9017605196304,312.84223610313245
-1.6071428571428572,0.27,-0.005,269.03018792124817,4.270649824989492,-0.13819271928432852,0.0,262730.5321098149,6289.020538592873,20426515.60568583,401.89755221349014,312.8405982161177
-1.6071428571428572,0.27,0.005,269.03018792124817,4.270638113599136,-0.1381626495380365,0.0,262730.53604747064,6289.020538593596,20426516.989892635,401.8975583199779,312.8406005927897
-1.6071428571428572,0.27,0.015,269.03018792124817,4.270649824989492,-0.13819271928432852,0.0,262730.5321098149,6289.020538592873,20426515.60568583,401.89755221349014,312.8405982161177
-1.6071428571428572,0.29,-0.005,269.0199479804744,4.15485374547729,-0.142501467085664,0.0,262727.1519643439,6289.020530734178,20425513.264482003,401.8931267594111,312.83887580513874
-1.6071428571428572,0.29,0.005,269.0199479804744,4.1548428339733485,-0.14246995823462713,0.0,262727.1556928964,6289.020530734915,20425514.574617878,401.893132539377,312.8388780547393
-1.6071428571428572,0.29,0.015,269.0199479804744,4.15485374547729,-0.142501467085664,0.0,262727.1519643439,6289.020530734178,20425513.264482003,401.8931267594111,312.83887580513874
-1.6071428571428572,0.31,-0.005,269.0092537843999,4.031074283612724,-0.14560544578910492,0.0,262723.62477978115,6289.020523371356,20424466.496778224,401.8885053801472,312.83707712888196
-1.6071428571428572,0.31,0.005,269.0092537843999,4.031064201938816,-0.14557264809729106,0.0,262723.6282889306,6289.0205233721035,20424467.729252927,401.88851081773504,312.8370792452389
-1.6071428571428572,0.31,0.015,269.0092537843999,4.031074283612724,-0.14560544578910492,0.0,262723.62477978115,6289.020523371356,20424466.496778224,401.8885053801472,312.83707712888196
-1.6071428571428572,0.33,-0.005,268.9981559907782,3.8993642794887196,-0.14744285670813986,0.0,262719.9680382292,6289.02051661807,20423380.264997855,401.8837099998291,312.835210719147
-1.6071428571428572,0.33,0.005,268.9981559907782,3.899355052801521,-0.14740892490048468,0.0,262719.971318567,6289.020516618825,20423381.416545603,401.8837150806093,312.83521269664317
-1.6071428571428572,0.33,0.015,268.9981559907782,3.8993642794887196,-0.14744285670813986,0.0,262719.9680382292,6289.02051661807,20423380.264997855,401.8837099998291,312.835210719147
-1.6071428571428572,0.35,-0.005,268.98670661292266,3.759778874868972,-0.14795572730356701,0.0,262716.1997729677,6289.020510568618,20422259.663425755,401.8787631178772,312.83328533180037
-1.6071428571428572,0.35,0.005,268.98670661292266,3.7597705234195846,-0.1479208196128535,0.0,262716.2028160155,6289.020510569377,20422260.731118605,401.8787678289069,312.83328716539677
-1.6071428571428572,0.35,0.015,268.98670661292266,3.759778874868972,-0.14795572730356701,0.0,262716.1997729677,6289.020510568618,20422259.663425755,401.8787631178772,312.83328533180037
-1.6071428571428572,0.37000000000000005,-0.005,268.9749586777343,3.6123759729908644,-0.1470900772430895,0.0,262712.3384678357,6289.020505295703,20421109.88464494,401.8736876602874,312.8313098889165
-1.6071428571428572,0.37000000000000005,0.005,268.9749586777343,3.612368512077713,-0.14705435446227533,0.0,262712.34126608074,6289.020505296461,20421110.86590486,401.8736919901634,312.8313115741734
-1.6071428571428572,0.37000000000000005,0.015,268.9749586777343,3.6123759729908644,-0.1470900772430895,0.0,262712.3384678357,6289.020505295703,20421109.88464494,401.8736876602874,312.8313098889165
-1.6071428571428572,0.38999999999999996,-0.005,268.96296593749963,3.4572155203615758,-0.1447960209742478,0.0,262708.40296693,6289.020500848128,20419936.19123777,401.86850685403454,312.82929342991514
-1.6071428571428572,0.38999999999999996,0.005,268.96296593749963,3.457208960298341,-0.1447596455223516,0.0,262708.40551385743,6289.020500848883,20419937.083847456,401.868510792942,312.8292949630107
-1.6071428571428572,0.38999999999999996,0.015,268.96296593749963,3.4572155203615758,-0.1447960209742478,0.0,262708.40296693,6289.020500848128,20419936.19123777,401.86850685403454,312.82929342991514
-1.6071428571428572,0.4099999999999999,-0.005,268.9507825712094,3.2943592437931355,-0.14102784456157136,0.0,262704.4123835443,6289.020497249441,20418743.886495877,401.8632440974832,312.82724506113846
-1.6071428571428572,0.4099999999999999,0.005,268.9507825712094,3.2943535898977303,-0.14099097957098938,0.0,262704.4146736667,6289.020497250189,20418744.688608438,401.86324763723854,312.8272464388857
-1.6071428571428572,0.4099999999999999,0.015,268.9507825712094,3.2943592437931355,-0.14102784456157136,0.0,262704.4123835443,6289.020497249441,20418743.886495877,401.8632440974832,312.82724506113846
-1.6071428571428572,0.43,-0.005,268.93846284344016,3.123871051893398,-0.13574415512542282,0.0,262700.385999275,6289.020494496806,20417538.28099026,401.8579228125626,312.8251738983276
-1.6071428571428572,0.43,0.005,268.93846284344016,3.12386630459692,-0.13570696356560746,0.0,262700.3880281576,6289.020494497545,20417538.991137154,401.85792594664974,312.8251751181882
-1.6071428571428572,0.43,0.015,268.93846284344016,3.123871051893398,-0.13574415512542282,0.0,262700.385999275,6289.020494496806,20417538.28099026,401.8579228125626,312.8251738983276
-1.6071428571428572,0.45,-0.005,268.9260608473298,2.945817725592267,-0.12890806958350345,0.0,262696.34318751976,6289.020492561157,20416324.667415805,401.8525663339788,312.82308902350843
-1.6071428571428572,0.45,0.005,268.9260608473298,2.9458138804746863,-0.128870713412434,0.0,262696.3449518014,6289.020492561883,20416325.284513388,401.85256905757814,312.8230900836046
-1.6071428571428572,0.45,0.015,268.9260608473298,2.945817725592267,-0.12890806958350345,0.0,262696.34318751976,6289.020492561157,20416324.667415805,401.8525663339788,312.82308902350843
-1.6071428571428572,0.47,-0.005,268.91363024458616,2.7602674107279332,-0.1204872084159539,0.0,262692.303328903,6289.020491387238,20415108.2951481,401.84719779702755,312.82099944133034
-1.6071428571428572,0.47,0.005,268.91363024458616,2.760264458618438,-0.12044984776720223,0.0,262692.3048263115,6289.020491387951,20415108.8185019,401.84720010703563,312.821000340452
-1.6071428571428572,0.47,0.015,268.91363024458616,2.7602674107279332,-0.1204872084159539,0.0,262692.303328903,6289.020491387238,20415108.2951481,401.84719779702755,312.82099944133034
-1.6071428571428572,0.49,-0.005,268.9012240933024,2.567288419492511,-0.11045356600579767,0.0,262688.2857540057,6289.020490894638,20413894.353428986,401.841840063883,312.8189140503749
-1.6071428571428572,0.49,0.005,268.9012240933024,2.567286346485364,-0.11041635840641321,0.0,262688.2869833652,6289.020490895336,20413894.782735363,401.8418419589204,312.8189147879829
-1.6071428571428572,0.49,0.015,268.9012240933024,2.567288419492511,-0.11045356600579767,0.0,262688.2857540057,6289.020490894638,20413894.353428986,401.841840063883,312.8189140503749
-1.6071428571428572,0.51,-0.005,268.88889441146756,2.3669519342087355,-0.09878375296662434,0.0,262684.3096223716,6289.020490979843,20412687.92872436,401.83651553631364,312.8168415702552
-1.6071428571428572,0.51,0.005,268.88889441146756,2.3669507219588017,-0.09874685261168734,0.0,262684.3105836061,6289.020490980523,20412688.264070205,401.8365170167247,312.81684214648146
-1.6071428571428572,0.51,0.015,268.88889441146756,2.3669519342087355,-0.09878375296662434,0.0,262684.3096223716,6289.020490979843,20412687.92872436,401.83651553631364,312.8168415702552
-1.6071428571428572,0.53,-0.005,268.87669204758276,2.1593311072235912,-0.0854590957819085,0.0,262680.3938771006,6289.020491518721,20411493.99215395,401.8312461012407,312.81479052041703
-1.6071428571428572,0.53,0.005,268.87669204758276,2.159330733107061,-0.08542265283824813,0.0,262680.3945712274,6289.020491519384,20411494.23401335,401.8312471690789,312.81479093605867
-1.6071428571428572,0.53,0.015,268.87669204758276,2.1593311072235912,-0.0854590957819085,0.0,262680.3938771006,6289.020491518721,20411493.99215395,401.8312461012407,312.81479052041703
-1.6071428571428572,0.55,-0.005,268.86466648498936,1.9444997513952142,-0.07046553436036636,0.0,262676.55718093674,6289.020492369689,20410317.38045837,401.82605304803735,312.812769187937
-1.6071428571428572,0.55,0.005,268.86466648498936,1.9445001886947066,-0.07042969431235543,0.0,262676.55761005566,6289.020492370333,20410317.52968734,401.8260537070428,312.81276944444767
-1.6071428571428572,0.55,0.015,268.86466648498936,1.9444997513952142,-0.07046553436036636,0.0,262676.55718093674,6289.020492369689,20410317.38045837,401.82605304803735,312.812769187937
-1.6071428571428572,0.57,-0.005,268.85286566541794,1.7225325789480475,-0.05379355878998814,0.0,262672.81786225445,6289.020493377737,20409162.77887848,401.82095699462167,312.81078559874084
-1.6071428571428572,0.57,0.005,268.85286566541794,1.7225337970454766,-0.05375846184519462,0.0,262672.81802952907,6289.0204933783625,20409162.836707074,401.8209572501872,312.81078569821756
-1.6071428571428572,0.57,0.015,268.85286566541794,1.7225325789480475,-0.05379355878998814,0.0,262672.81786225445,6289.020493377737,20409162.77887848,401.82095699462167,312.81078559874084
-1.6071428571428572,0.59,-0.005,268.8413356680206,1.4935064416421577,-0.0354383487008851,0.0,262669.19382151915,6289.02049437911,20408034.68991506,401.8159777514788,312.80884746465733
-1.6071428571428572,0.59,0.005,268.8413356680206,1.4935084063224486,-0.03540412925485896,0.0,262669.1937311577,6289.020494379717,20408034.65793922,401.8159776106141,312.8088474098266
-1.6071428571428572,0.59,0.015,268.8413356680206,1.4935064416421577,-0.0354383487008851,0.0,262669.19382151915,6289.02049437911,20408034.68991506,401.8159777514788,312.80884746465733
-1.6071428571428572,0.61,-0.005,268.8301206851655,1.2574988804536398,-0.015399682699222574,0.0,262665.7025165193,6289.020495206751,20406937.431157123,401.8111343143108,312.8069621805374
-1.6071428571428572,0.61,0.005,268.8301206851655,1.2575015541368475,-0.015366468851562835,0.0,262665.7021737466,6289.020495207338,20406937.311327316,401.81113378559326,312.8069619747361
-1.6071428571428572,0.61,0.015,268.8301206851655,1.2574988804536398,-0.015399682699222574,0.0,262665.7025165193,6289.020495206751,20406937.431157123,401.8111343143108,312.8069621805374
-1.6071428571428572,0.63,-0.005,268.81926281220456,1.0145878448415129,0.0063181598892429105,0.0,262662.3608982831,6289.020495696262,20405875.11492205,401.8064447766143,312.8051367902039
-1.6071428571428572,0.63,0.005,268.81926281220456,1.0145911868376256,0.0063502467630894635,0.0,262662.36030931247,6289.020495696832,20405874.909532122,401.8064438701398,312.80513643736
-1.6071428571428572,0.63,0.015,268.81926281220456,1.0145878448415129,0.0063181598892429105,0.0,262662.3608982831,6289.020495696262,20405875.11492205,401.8064447766143,312.8051367902039
-1.6071428571428572,0.65,-0.005,268.8088018651084,0.76485559587598,0.02970598061567384,0.0,262659.18535910454,6289.02049569376,20404851.630685776,401.8019262554411,312.8033779575299
-1.6071428571428572,0.65,0.005,268.8088018651084,0.7648595626363144,0.02973682624481464,0.0,262659.1845311065,6289.020495694312,20404851.342360288,401.80192498276904,312.80337746214144
-1.6071428571428572,0.65,0.015,268.8088018651084,0.76485559587598,0.02970598061567384,0.0,262659.18535910454,6289.02049569376,20404851.630685776,401.8019262554411,312.8033779575299
-1.6071428571428572,0.67,-0.005,268.7987754536957,0.5083797781892586,0.05475060248170978,0.0,262656.1917396502,6289.020495062537,20403870.65248772,401.79759492683013,312.8016919802072
-1.6071428571428572,0.67,0.005,268.7987754536957,0.5083843237225144,0.05478009999733905,0.0,262656.1906807101,6289.020495063074,20403870.28416589,401.79759330091224,312.80169134731403
-1.6071428571428572,0.67,0.015,268.7987754536957,0.5083797781892586,0.05475060248170978,0.0,262656.1917396502,6289.020495062537,20403870.65248772,401.79759492683013,312.8016919802072
-1.6071428571428572,0.69,-0.005,268.7892185897017,0.24524851122755068,0.08143338255302461,0.0,262653.39522565686,6289.020493693521,20402935.600934103,401.793465862592,312.8000847261886
-1.6071428571428572,0.69,0.005,268.7892185897017,0.24525358700215708,0.08146143280396907,0.0,262653.3939447427,6289.020493694046,20402935.155857038,401.7934638977168,312.80008396135145
-1.6071428571428572,0.69,0.015,268.7892185897017,0.24524851122755068,0.08143338255302461,0.0,262653.39522565686,6289.020493693521,20402935.600934103,401.793465862592,312.8000847261886
-1.6071428571428572,0.71,-0.005,268.7801648407879,-0.02442388640835047,0.1097296198474484,0.0,262650.8106609859,6289.020491525489,20402049.756775938,401.7895535409787,312.7985618324445
-1.6071428571428572,0.71,0.005,268.7801648407879,-0.024418329774976984,0.10975613150462996,0.0,262650.80916790117,6289.020491526006,20402049.238468543,401.78955125269215,312.7985609417136
-1.6071428571428572,0.71,0.015,268.7801648407879,-0.02442388640835047,0.1097296198474484,0.0,262650.8106609859,6289.020491525489,20402049.756775938,401.7895535409787,312.7985618324445
-1.6071428571428572,0.73,-0.005,268.771649989047,-0.30036021590032336,0.13960118918633962,0.0,262648.45367085206,6289.0204889818915,20401216.6325117,401.7858736954249,312.79712942458025
-1.6071428571428572,0.73,0.005,268.771649989047,-0.30035422471442547,0.13962607871282226,0.0,262648.45197621564,6289.020488982409,20401216.044774253,401.78587110049517,312.7971284144818
-1.6071428571428572,0.73,0.015,268.771649989047,-0.30036021590032336,0.13960118918633962,0.0,262648.45367085206,6289.0204889818915,20401216.6325117,401.7858736954249,312.79712942458025
-1.6071428571428572,0.75,-0.005,268.7636973645103,-0.5825994470201309,0.1710390649275942,0.0,262646.3361397799,6289.02048590927,20400438.50430718,401.7824363256691,312.79579139633876
-1.6071428571428572,0.75,0.005,268.7636973645103,-0.5825930732696113,0.17106225764752991,0.0,262646.3342549133,6289.020485909795,20400437.85117621,401.7824334419098,312.7957902738062
-1.6071428571428572,0.75,0.015,268.7636973645103,-0.5825994470201309,0.1710390649275942,0.0,262646.3361397799,6289.02048590927,20400438.50430718,401.7824363256691,312.79579139633876
-1.6071428571428572,0.77,-0.005,268.7563314142366,-0.8710644782278577,0.20401245456586256,0.0,262644.47038780514,6289.020482295403,20399717.762057524,401.7792520007087,312.79455186303727
-1.6071428571428572,0.77,0.005,268.7563314142366,-0.8710577755348312,0.2040338842008977,0.0,262644.4683247054,6289.020482295942,20399717.047793824,401.77924884692897,312.7945506353916
-1.6071428571428572,0.77,0.015,268.7563314142366,-0.8710644782278577,0.20401245456586256,0.0,262644.47038780514,6289.020482295403,20399717.762057524,401.7792520007087,312.79455186303727
-1.6071428571428572,0.79,-0.005,268.7495742360438,-1.1656578091279186,0.2384836747839446,0.0,262642.8681618481,6289.020478338561,20399056.572426558,401.77633040368767,312.79341459513745
-1.6071428571428572,0.79,0.005,268.7495742360438,-1.1656508323293677,0.23850328344158703,0.0,262642.86593313474,6289.020478339127,20399055.80149559,401.77632699960463,312.79341327005346
-1.6071428571428572,0.79,0.015,268.7495742360438,-1.1656578091279186,0.2384836747839446,0.0,262642.8681618481,6289.020478338561,20399056.572426558,401.77633040368767,312.79341459513745
-1.6071428571428572,0.81,-0.005,268.74344449057133,-1.466314553413678,0.2744138219158373,0.0,262641.54034566187,6289.020474385879,20398456.770503804,401.77367982371493,312.79238282040984
-1.6071428571428572,0.81,0.005,268.74344449057133,-1.4663073580349197,0.27443156004640457,0.0,262641.5379645214,6289.020474386489,20398455.947555136,401.77367618986335,312.7923814058808
-1.6071428571428572,0.81,0.015,268.74344449057133,-1.466314553413678,0.2744138219158373,0.0,262641.54034566187,6289.020474385879,20398456.770503804,401.77367982371493,312.79238282040984
-1.6071428571428572,0.83,-0.005,268.73795849362733,-1.7729570864623263,0.31175716947247584,0.0,262640.4972207195,6289.0204709119525,20397919.966036186,401.77130761441333,312.79145940241045
-1.6071428571428572,0.83,0.005,268.73795849362733,-1.7729497284680753,0.3117729958286211,0.0,262640.4947008433,6289.020470912619,20397919.0958807,401.7713037720457,312.79145790670907
-1.6071428571428572,0.83,0.015,268.73795849362733,-1.7729570864623263,0.31175716947247584,0.0,262640.4972207195,6289.0204709119525,20397919.966036186,401.77130761441333,312.79145940241045
-1.6071428571428572,0.85,-0.005,268.7331300026417,-2.085501962861139,0.35046246080461707,0.0,262639.74840358103,6289.020468540339,20397447.523222048,401.76922011466195,312.7906468096126
-1.6071428571428572,0.85,0.005,268.7331300026417,-2.0854944981449104,0.35047634234918945,0.0,262639.7457591095,6289.020468541085,20397446.610811703,401.769216085659,312.7906452412565
-1.6071428571428572,0.85,0.015,268.7331300026417,-2.085501962861139,0.35046246080461707,0.0,262639.74840358103,6289.020468540339,20397447.523222048,401.76922011466195,312.7906468096126
-1.6071428571428572,0.87,-0.005,268.72897028099305,-2.4038617355567693,0.3904733949043928,0.0,262639.3028501719,6289.020468036803,20397040.56681313,401.7674226720635,312.7899471245277
-1.6071428571428572,0.87,0.005,268.72897028099305,-2.403854219635429,0.3904853067292173,0.0,262639.3000956316,6289.020468037657,20397039.617218174,401.76741847883386,312.7899454922399
-1.6071428571428572,0.87,0.015,268.72897028099305,-2.4038617355567693,0.3904733949043928,0.0,262639.3028501719,6289.020468036803,20397040.56681313,401.7674226720635,312.7899471245277
-1.6071428571428572,0.89,-0.005,268.7254879550072,-2.7279481028806942,0.43172916443631454,0.0,262639.1688305062,6289.020470357859,20396699.969650704,401.7659196108292,312.7893620311911
-1.6071428571428572,0.89,0.005,268.7254879550072,-2.727940590645821,0.43173908967277913,0.0,262639.1659807525,6289.020470358858,20396698.98803904,401.765915276218,312.789360343865
-1.6071428571428572,0.89,0.015,268.7254879550072,-2.7279481028806942,0.43172916443631454,0.0,262639.1688305062,6289.020470357859,20396699.969650704,401.7659196108292,312.7893620311911
-1.6071428571428572,0.9100000000000001,-0.005,268.7226890623661,-3.0576737964834475,0.4741647004959485,0.0,262639.3539424202,6289.020476656702,20396426.357601013,401.7647142562182,312.7888928246654
-1.6071428571428572,0.9100000000000001,0.005,268.7226890623661,-3.057666341954731,0.47417263019915323,0.0,262639.35101257375,6289.020476657885,20396425.349215414,401.7647098034077,312.78889109132547
-1.6071428571428572,0.9100000000000001,0.015,268.7226890623661,-3.0576737964834475,0.4741647004959485,0.0,262639.3539424202,6289.020476656702,20396426.357601013,401.7647142562182,312.7888928246654
-1.6071428571428572,0.9300000000000002,-0.005,268.72057709928475,-3.3929473484872066,0.5177100192230455,0.0,262639.86511526746,6289.020488316738,20396220.115226932,401.7638089754435,312.78854042695514
-1.6071428571428572,0.9300000000000002,0.005,268.72057709928475,-3.392940004556092,0.5177159522297058,0.0,262639.86212065164,6289.020488318161,20396219.08536275,401.76380442785467,312.78853865671897
-1.6071428571428572,0.9300000000000002,0.015,268.72057709928475,-3.3929473484872066,0.5177100192230455,0.0,262639.86511526746,6289.020488316738,20396220.115226932,401.7638089754435,312.78854042695514
-1.6071428571428572,0.95,-0.005,268.71915304220494,-3.733676347559629,0.5622906792162805,0.0,262640.7086314568,6289.020506993714,20396081.38923168,401.763205212862,312.7883054006992
-1.6071428571428572,0.95,0.005,268.71915304220494,-3.733669165702391,0.5622946219720335,0.0,262640.7055875341,6289.020506995443,20396080.34321428,401.7632005940555,312.78830360273884
-1.6071428571428572,0.95,0.015,268.71915304220494,-3.733676347559629,0.5622906792162805,0.0,262640.7086314568,6289.020506993714,20396081.38923168,401.763205212862,312.7883054006992
-1.6071428571428572,0.9700000000000001,-0.005,268.7184154450487,-4.079762438372146,0.6078271494925488,0.0,262641.8901360478,6289.020534644002,20396010.09885977,401.76290354934844,312.78818797227905
-1.6071428571428572,0.9700000000000001,0.005,268.7184154450487,-4.079755468313173,0.6078291158500851,0.0,262641.88705836015,6289.020534646116,20396009.042023707,401.7628988829336,312.7881861557855
-1.6071428571428572,0.9700000000000001,0.015,268.7184154450487,-4.079762438372146,0.6078271494925488,0.0,262641.8901360478,6289.020534644002,20396010.09885977,401.76290354934844,312.78818797227905
-1.6071428571428572,0.9900000000000001,-0.005,268.7183578403854,-4.429749598287052,0.6540443838349641,0.0,262643.41568403103,6289.020593203224,20396006.29764777,401.7629146827049,312.78819230615653
-1.6071428571428572,0.9900000000000001,0.005,268.7183578403854,-4.429742864880396,0.6540444160880541,0.0,262643.41258235363,6289.020593206139,20396005.233304642,401.7629099835159,312.788190476905
-1.6071428571428572,0.9900000000000001,0.015,268.7183578403854,-4.429749598287052,0.6540443838349641,0.0,262643.41568403103,6289.020593203224,20396006.29764777,401.7629146827049,312.78819230615653
-1.6071428571428572,1.01,-0.005,268.7187284056025,6.108859150247547e-06,-9.019618220215373e-07,0.0,262643.5180669214,6289.045540114457,20396820.93222356,401.77840737529255,312.79422308253646
-1.6071428571428572,1.01,0.005,268.7190989708197,4.429749598287102,-0.6540443838349714,0.0,262643.6204495293,6289.020581809165,20396078.4541218,401.76322792232486,312.7883142407998
-1.6071428571428572,1.01,0.015,268.7187284056025,6.108859150247547e-06,-9.019618220215373e-07,0.0,262643.5180669214,6289.045540114457,20396820.93222356,401.77840737529255,312.79422308253646
-1.5357142857142856,-0.01,-0.005,269.1251642200001,5.043594910173335,-8.250607915678066e-19,0.0,262760.9736828731,6289.020667492201,20435814.84227591,401.93862812344133,312.8565847328913
-1.5357142857142856,-0.01,0.005,269.12516422000016,5.043594910173335,0.006755943410443208,0.0,262760.9736828731,6289.020667435422,20435814.84050092,401.9386280885303,312.8565847193044
-1.5357142857142856,-0.01,0.015,269.1251642200001,5.043594910173335,-8.250607915678066e-19,0.0,262760.9736828731,6289.020667492201,20435814.84227591,401.93862812344133,312.8565847328913
-1.5357142857142856,0.01,-0.005,269.1251642200001,5.043594910173335,-0.006755943410443208,0.0,262760.97368287307,6289.020667435422,20435814.84050092,401.9386280885302,312.8565847193044
-1.5357142857142856,0.01,0.005,269.1251642200001,5.043577593085539,-0.006754500270503294,0.0,262760.97910065745,6289.02066743611,20435816.75017042,401.9386365099988,312.85658799680965
-1.5357142857142856,0.01,0.015,269.1251642200001,5.043594910173335,-0.006755943410443208,0.0,262760.97368287307,6289.020667435422,20435814.84050092,401.9386280885302,312.8565847193044
-1.5357142857142856,0.030000000000000002,-0.005,269.12423484336665,5.034996015908791,-0.02022034602401422,0.0,262760.66772412823,6289.020665917854,20435723.836118292,401.9382260585287,312.85642825541186
-1.5357142857142856,0.030000000000000002,0.005,269.12423484336665,5.034978772178243,-0.020216153864783207,0.0,262760.6731144238,6289.020665918542,20435725.736091465,401.9382344372682,312.85643151628915
-1.5357142857142856,0.030000000000000002,0.015,269.12423484336665,5.034996015908791,-0.02022034602401422,0.0,262760.66772412823,6289.020665917854,20435723.836118292,401.9382260585287,312.85642825541186
-1.5357142857142856,0.049999999999999996,-0.005,269.12237992228904,5.017954421207088,-0.033533032730959686,0.0,262760.0579304815,6289.020663045946,20435542.20044093,401.9374237174688,312.8561159963789
-1.5357142857142856,0.049999999999999996,0.005,269.12237992228904,5.017937322430135,-0.033526069503042,0.0,262760.06328705867,6289.020663046641,20435544.088400766,401.937432043293,312.8561192366656
-1.5357142857142856,0.049999999999999996,0.015,269.12237992228904,5.017954421207088,-0.033533032730959686,0.0,262760.0579304815,6289.020663045946,20435542.20044093,401.9374237174688,312.8561159963789
-1.5357142857142856,0.07,-0.005,269.1196088389966,4.99249642887954,-0.046594944587176904,0.0,262759.14752220316,6289.020658854785,20435270.857063707,401.9362251467222,312.85564953015063
-1.5357142857142856,0.07,0.005,269.1196088389966,4.992479545758664,-0.046585246249908084,0.0,262759.1528283456,6289.02065885549,20435272.727058765,401.9362333934151,312.85565273964545
-1.5357142857142856,0.07,0.015,269.1196088389966,4.99249642887954,-0.046594944587176904,0.0,262759.14752220316,6289.020658854785,20435270.857063707,401.9362251467222,312.85564953015063
-1.5357142857142856,0.09,-0.005,269.11593576833695,4.958638514194228,-0.05930799918544933,0.0,262757.94124076207,6289.020653441268,20434911.1971557,401.9346365151953,312.85503125689206
-1.5357142857142856,0.09,0.005,269.11593576833695,4.958621916050477,-0.0592956156536075,0.0,262757.9464799513,6289.020653441985,20434913.043307945,401.9346446568626,312.8550344255187
-1.5357142857142856,0.09,0.015,269.11593576833695,4.958638514194228,-0.05930799918544933,0.0,262757.94124076207,6289.020653441268,20434911.1971557,401.9346365151953,312.85503125689206
-1.5357142857142856,0.11000000000000001,-0.005,269.1113795093579,4.916399956089508,-0.07157528040078252,0.0,262756.4453589946,6289.020646925761,20434465.065440368,401.93266599952676,312.854264357948
-1.5357142857142856,0.11000000000000001,0.005,269.1113795093579,4.916383710381979,-0.07156027520337926,0.0,262756.45051497425,6289.020646926493,20434466.881969158,401.9326740107007,312.854267475796
-1.5357142857142856,0.11000000000000001,0.015,269.1113795093579,4.916399956089508,-0.07157528040078252,0.0,262756.4453589946,6289.020646925761,20434465.065440368,401.93266599952676,312.854264357948
-1.5357142857142856,0.13,-0.005,269.10596330606387,4.86580401705994,-0.083301287730961,0.0,262754.66763344966,6289.020639448635,20433934.742516585,401.9303237048724,312.8533527650363
-1.5357142857142856,0.13,0.005,269.10596330606387,4.865788188949683,-0.0832837375474177,0.0,262754.67269029043,6289.020639449385,20433936.523762546,401.93033156061654,312.8533558224019
-1.5357142857142856,0.13,0.015,269.10596330606387,4.86580401705994,-0.083301287730961,0.0,262754.66763344966,6289.020639448635,20433934.742516585,401.9303237048724,312.8533527650363
-1.5357142857142856,0.15,-0.005,269.09971467999213,4.806877842911527,-0.09439221649740878,0.0,262752.61725331127,6289.020631166845,20433322.928332847,401.9276215908774,312.8523011314647
-1.5357142857142856,0.15,0.005,269.09971467999213,4.806862494842927,-0.09437221060299834,0.0,262752.62219547527,6289.020631167613,20433324.668781567,401.9276292668905,312.852304118891
-1.5357142857142856,0.15,0.015,269.09971467999213,4.806877842911527,-0.09439221649740878,0.0,262752.61725331127,6289.020631166845,20433322.928332847,401.9276215908774,312.8523011314647
-1.5357142857142856,0.17,-0.005,269.09266523367256,4.739652505863824,-0.10475623286014757,0.0,262750.304781308,6289.020622250122,20432632.722795524,401.92457338489777,312.85111479838895
-1.5357142857142856,0.17,0.005,269.09266523367256,4.73963769716557,-0.1047338724858661,0.0,262750.3095937115,6289.020622250908,20432634.417100694,401.92458085761547,312.8511177067058
-1.5357142857142856,0.17,0.015,269.09266523367256,4.739652505863824,-0.10475623286014757,0.0,262750.304781308,6289.020622250122,20432632.722795524,401.92457338489777,312.85111479838895
-1.5357142857142856,0.19,-0.005,269.08485042697396,4.664162795279738,-0.11430373359289557,0.0,262747.74208525376,6289.0206128767895,20431867.603707906,401.9211944833223,312.84979975644274
-1.5357142857142856,0.19,0.005,269.08485042697396,4.664148581798926,-0.11427913120812619,0.0,262747.7467533285,6289.0206128775935,20431869.246713597,401.92120173001484,312.84980257680445
-1.5357142857142856,0.19,0.015,269.08485042697396,4.664162795279738,-0.11430373359289557,0.0,262747.74208525376,6289.0206128767895,20431867.603707906,401.9211944833223,312.84979975644274
-1.5357142857142856,0.21,-0.005,269.0763093233127,4.580447154872761,-0.12294760580005369,0.0,262744.9422614208,6289.020603229428,20431031.401752558,401.917501839827,312.84836260228496
-1.5357142857142856,0.21,0.005,269.0763093233127,4.580433588654723,-0.12292088432726929,0.0,262744.94677117246,6289.020603230251,20431032.98851456,401.91750883869344,312.848365326207
-1.5357142857142856,0.21,0.015,269.0763093233127,4.580447154872761,-0.12294760580005369,0.0,262744.9422614208,6289.020603229428,20431031.401752558,401.917501839827,312.84836260228496
-1.5357142857142856,0.23,-0.005,269.06708432785706,4.488547562469518,-0.13060347338239617,0.0,262741.9195551332,6289.020593490748,20430128.27469451,401.91351385031226,312.846810493856
-1.5357142857142856,0.23,0.005,269.06708432785706,4.4885346914506155,-0.13057476535053483,0.0,262741.92389319785,6289.020593491588,20430129.800500713,401.9135205805699,312.8468131132499
-1.5357142857142856,0.23,0.015,269.06708432785706,4.488547562469518,-0.13060347338239617,0.0,262741.9195551332,6289.020593490748,20430128.27469451,401.91351385031226,312.846810493856
-1.5357142857142856,0.25,-0.005,269.057220895171,4.388509473029534,-0.1371899312621505,0.0,262738.6892725988,6289.02058383917,20429162.67858458,401.90925022449085,312.8451511004406
-1.5357142857142856,0.25,0.005,269.057220895171,4.388497340771041,-0.13715937790669816,0.0,262738.6934262964,6289.020583840028,20429164.138974372,401.90925666646064,312.84515360764715
-1.5357142857142856,0.25,0.015,269.057220895171,4.388509473029534,-0.1371899312621505,0.0,262738.6892725988,6289.02058383917,20429162.67858458,401.90925022449085,312.8451511004406
-1.5357142857142856,0.27,-0.005,269.0467672268561,4.280381645668054,-0.142628766740137,0.0,262735.26768920885,6289.020574444772,20428139.337994464,401.9047318533595,312.843392551127
-1.5357142857142856,0.27,0.005,269.0467672268561,4.280370291124091,-0.14259651705900764,0.0,262735.2716465955,6289.020574445642,20428140.728777245,401.90473798854805,312.8433949389481
-1.5357142857142856,0.27,0.015,269.0467672268561,4.280381645668054,-0.142628766740137,0.0,262735.26768920885,6289.020574444772,20428139.337994464,401.9047318533595,312.843392551127
-1.5357142857142856,0.29,-0.005,269.03577396040254,4.164215854537152,-0.14684515356846145,0.0,262731.67195468076,6289.020565465398,20427063.21539919,401.89998067298274,312.84154338183043
-1.5357142857142856,0.29,0.005,269.03577396040254,4.164205311851766,-0.14681136334302608,0.0,262731.67570459784,6289.0205654662805,20427064.532671906,401.89998648415957,312.84154564355924
-1.5357142857142856,0.29,0.015,269.03577396040254,4.164215854537152,-0.14684515356846145,0.0,262731.67195468076,6289.020565465398,20427063.21539919,401.89998067298274,312.84154338183043
-1.5357142857142856,0.31,-0.005,269.02429383059246,4.0400670902868185,-0.14976786178789403,0.0,262727.91999237845,6289.020557043073,20425939.47788405,401.89501951656877,312.8396124777574
-1.5357142857142856,0.31,0.005,269.02429383059246,4.040057388638153,-0.14973269258032837,0.0,262727.9235245001,6289.020557043962,20425940.7180479,401.89502498784043,312.8396146072071
-1.5357142857142856,0.31,0.015,269.02429383059246,4.0400670902868185,-0.14976786178789403,0.0,262727.91999237845,6289.020557043073,20425939.47788405,401.89501951656877,312.8396124777574
-1.5357142857142856,0.33,-0.005,269.0123813274855,3.907993292434198,-0.15132945913208976,0.0,262724.03039544384,6289.020549300725,20424773.463531077,401.8898719652414,312.8376090153596
-1.5357142857142856,0.33,0.005,269.0123813274855,3.907984455943176,-0.15129307727166338,0.0,262724.03370032203,6289.020549301622,20424774.623307113,401.8898770821203,312.8376110068904
-1.5357142857142856,0.33,0.015,269.0123813274855,3.907993292434198,-0.15132945913208976,0.0,262724.03039544384,6289.020549300725,20424773.463531077,401.8898719652414,312.8376090153596
-1.5357142857142856,0.35,-0.005,269.0000924046976,3.76805474702424,-0.15146644089784075,0.0,262720.02233584964,6289.020542339365,20423570.65274523,401.884562220751,312.8355424128233
-1.5357142857142856,0.35,0.005,269.0000924046976,3.768046794625966,-0.1514290164603958,0.0,262720.02540495666,6289.020542340264,20423571.729189046,401.88456697022076,312.8355442613677
-1.5357142857142856,0.35,0.015,269.0000924046976,3.76805474702424,-0.15146644089784075,0.0,262720.02233584964,6289.020542339365,20423570.65274523,401.884562220751,312.8355424128233
-1.5357142857142856,0.36999999999999994,-0.005,268.9874841032067,3.6203148101029323,-0.15011941557415787,0.0,262715.9154548474,6289.020536235945,20422336.63133994,401.8791149420909,312.8334222665063
-1.5357142857142856,0.36999999999999994,0.005,268.9874841032067,3.620307755499188,-0.15008112136864116,0.0,262715.9182806153,6289.020536236843,20422337.621855114,401.8791193126663,312.83342396759264
-1.5357142857142856,0.36999999999999994,0.015,268.9874841032067,3.6203148101029323,-0.15011941557415787,0.0,262715.9154548474,6289.020536235945,20422336.63133994,401.8791149420909,312.8334222665063
-1.5357142857142856,0.39,-0.005,268.97461424722525,3.4648389804182558,-0.14723320282096436,0.0,262711.7297670761,6289.020531041346,20421077.060685314,401.8735551132533,312.83125829949057
-1.5357142857142856,0.39,0.005,268.97461424722525,3.4648328320516386,-0.1471942133880111,0.0,262711.7323429323,6289.02053104224,20421077.963035293,401.8735590950331,312.83125984926306
-1.5357142857142856,0.39,0.015,268.97461424722525,3.4648389804182558,-0.14723320282096436,0.0,262711.7297670761,6289.020531041346,20421077.060685314,401.8735551132533,312.83125829949057
-1.5357142857142856,0.4099999999999999,-0.005,268.9615411269799,3.301694568705465,-0.1427569051920475,0.0,262707.48556382494,6289.020526779351,20419797.646611195,401.8679079058735,312.82906030813945
-1.5357142857142856,0.4099999999999999,0.005,268.9615411269799,3.3016893297589203,-0.14271739582193332,0.0,262707.4878842236,6289.020526780238,20419798.458929572,401.8679114905864,312.8290617033769
-1.5357142857142856,0.4099999999999999,0.015,268.9615411269799,3.301694568705465,-0.1427569051920475,0.0,262707.48556382494,6289.020526779351,20419797.646611195,401.8679079058735,312.82906030813945
-1.5357142857142856,0.43,-0.005,268.9483231075167,3.130951581385163,-0.13664412352042477,0.0,262703.203299318,6289.020523445763,20418504.10108181,401.8621985099591,312.8268380962292
-1.5357142857142856,0.43,0.005,268.9483231075167,3.130947249913549,-0.13660426930124664,0.0,262703.20535976614,6289.02052344664,20418504.82188069,401.8622016910011,312.8268393343592
-1.5357142857142856,0.43,0.015,268.9483231075167,3.130951581385163,-0.13664412352042477,0.0,262703.203299318,6289.020523445763,20418504.10108181,401.8621985099591,312.8268380962292
-1.5357142857142856,0.45,-0.005,268.93501837837766,2.9526830583793764,-0.12885315478896928,0.0,262698.90351459634,6289.020521009227,20417202.117716603,401.8564520264324,312.824601433133
-1.5357142857142856,0.45,0.005,268.93501837837766,2.9526796273591223,-0.12881312967450645,0.0,262698.90531167435,6289.020521010092,20417202.74589262,401.8564547988946,312.8246025122427
-1.5357142857142856,0.45,0.015,268.93501837837766,2.9526830583793764,-0.12885315478896928,0.0,262698.90351459634,6289.020521009227,20417202.117716603,401.8564520264324,312.824601433133
-1.5357142857142856,0.47,-0.005,268.921684657973,2.7669635164075475,-0.11934696446870352,0.0,262694.60674222314,6289.020519411202,20415897.342856534,401.85069333951947,312.82236000415617
-1.5357142857142856,0.47,0.005,268.921684657973,2.7669609738594976,-0.11930694038306562,0.0,262694.60827359755,6289.0205194120535,20415897.87769454,401.8506957002044,312.8223609229987
-1.5357142857142856,0.47,0.015,268.921684657973,2.7669635164075475,-0.11934696446870352,0.0,262694.60674222314,6289.020519411202,20415897.342856534,401.85069333951947,312.82236000415617
-1.5357142857142856,0.49,-0.005,268.90837902421094,2.5738668926548494,-0.10809294665588666,0.0,262690.3334472825,6289.02051856738,20414595.359037895,401.8449470444975,312.82012338241327
-1.5357142857142856,0.49,0.005,268.90837902421094,2.573865221738519,-0.10805309264504295,0.0,262690.33471171086,6289.020518568214,20414595.800211374,401.8449489919222,312.8201241404092
-1.5357142857142856,0.49,0.015,268.90837902421094,2.5738668926548494,-0.10809294665588666,0.0,262690.3334472825,6289.02051856738,20414595.359037895,401.8449470444975,312.82012338241327
-1.5357142857142856,0.51,-0.005,268.895157393137,2.373471109295692,-0.095063353422236,0.0,262686.10388751014,6289.020518370348,20413301.634062216,401.8392372241163,312.81790094180013
-1.5357142857142856,0.51,0.005,268.895157393137,2.373470288569347,-0.09502383486056218,0.0,262686.1048848463,6289.020518371163,20413301.98163383,401.839238758515,312.8179015390382
-1.5357142857142856,0.51,0.015,268.895157393137,2.373471109295692,-0.095063353422236,0.0,262686.10388751014,6289.020518370348,20413301.634062216,401.8392372241163,312.81790094180013
-1.5357142857142856,0.53,-0.005,268.88207440704673,2.165856152476301,-0.08023535179282541,0.0,262681.93806922325,6289.02051869231,20412021.51014789,401.833587401842,312.8157018387844
-1.5357142857142856,0.53,0.005,268.88207440704673,2.1658561560896636,-0.08019632962028456,0.0,262681.93880041275,6289.020518693105,20412021.76456651,401.83358852515414,312.81570227601725
-1.5357142857142856,0.53,0.015,268.88207440704673,2.165856152476301,-0.08023535179282541,0.0,262681.93806922325,6289.02051869231,20412021.51014789,401.833587401842,312.8157018387844
-1.5357142857142856,0.55,-0.005,268.86918322065947,1.9511025786133205,-0.0635908829414098,0.0,262677.85567754065,6289.02051938858,20410760.183133125,401.828020451494,312.81353497722
-1.5357142857142856,0.55,0.005,268.86918322065947,1.9511033765195291,-0.06355251296280355,0.0,262677.85614461044,6289.020519389354,20410760.345228948,401.82802116734297,312.8135352558557
-1.5357142857142856,0.55,0.015,268.86918322065947,1.9511025786133205,-0.0635908829414098,0.0,262677.85567754065,6289.02051938858,20410760.183133125,401.828020451494,312.81353497722
-1.5357142857142856,0.57,-0.005,268.8565353078399,1.729291506298291,-0.04511657252761968,0.0,262673.87601717067,6289.020520302344,20409522.683733743,401.82255851648785,312.81140897689625
-1.5357142857142856,0.57,0.005,268.8565353078399,1.7292930645330753,-0.04507900478400376,0.0,262673.8762232136,6289.0205203030955,20409522.754711322,401.82255883015125,312.8114090989868
-1.5357142857142856,0.57,0.015,268.8565353078399,1.729291506298291,-0.04511657252761968,0.0,262673.87601717067,6289.020520302344,20409522.683733743,401.82255851648785,312.81140897689625
-1.5357142857142856,0.59,-0.005,268.84418011957246,1.5005071002306463,-0.024804024241894526,0.0,262670.0179149063,6289.020521269653,20408313.844254665,401.81722286492004,312.80933211711067
-1.5357142857142856,0.59,0.005,268.84418011957246,1.5005093811182566,-0.02476740242809665,0.0,262670.01786406734,6289.020521270383,20408313.82568662,401.81722278330216,312.80933208534145
-1.5357142857142856,0.59,0.015,268.84418011957246,1.5005071002306463,-0.024804024241894526,0.0,262670.0179149063,6289.020521269653,20408313.844254665,401.81722286492004,312.80933211711067
-1.5357142857142856,0.61,-0.005,268.8321650490006,1.2648338755840898,-0.002649614475316674,0.0,262666.29969918093,6289.020522125917,20407138.29540322,401.8120338781756,312.8073123322111
-1.5357142857142856,0.61,0.005,268.8321650490006,1.2648368380620703,-0.002614075421935102,0.0,262666.29939663096,6289.020522126625,20407138.189219594,401.8120334097614,312.8073121498828
-1.5357142857142856,0.61,0.015,268.8321650490006,1.2648338755840898,-0.002649614475316674,0.0,262666.29969918093,6289.020522125917,20407138.29540322,401.8120338781756,312.8073123322111
-1.5357142857142856,0.63,-0.005,268.82053522229205,1.0223569457567396,0.021345557845941106,0.0,262662.73913699936,6289.020522712403,20406000.446058277,401.80701096427407,312.80535717784113
-1.5357142857142856,0.63,0.005,268.82053522229205,1.0223605456041485,0.021379884634621475,0.0,262662.73858890845,6289.020522713092,20406000.254535682,401.8070101190813,312.8053568488513
-1.5357142857142856,0.63,0.015,268.82053522229205,1.0223569457567396,0.021345557845941106,0.0,262662.73913699936,6289.020522712403,20406000.446058277,401.80701096427407,312.80535717784113
-1.5357142857142856,0.65,-0.005,268.8093333062053,0.7731662992715732,0.04717517617808116,0.0,262659.3533796274,6289.020522886304,20404904.464788485,401.80217248058807,312.80347380083094
-1.5357142857142856,0.65,0.005,268.8093333062053,0.7731704893456024,0.047208168935186326,0.0,262659.3525931327,6289.020522886975,20404904.19053733,401.8021712701118,312.80347332965226
-1.5357142857142856,0.65,0.015,268.8093333062053,0.7731662992715732,0.04717517617808116,0.0,262659.3533796274,6289.020522886304,20404904.464788485,401.80217248058807,312.80347380083094
-1.5357142857142856,0.67,-0.005,268.798599513122,0.5173466281394071,0.07482884235756104,0.0,262656.1589499824,6289.020522530952,20403854.280698944,401.79753574195104,312.80166894232536
-1.5357142857142856,0.67,0.005,268.798599513122,0.517351358933791,0.07486038737338768,0.0,262656.15793315024,6289.020522531609,20403853.926648624,401.79753417909836,312.8016683339805
-1.5357142857142856,0.67,0.015,268.798599513122,0.5173466281394071,0.07482884235756104,0.0,262656.1589499824,6289.020522530952,20403854.280698944,401.79753574195104,312.80166894232536
-1.5357142857142856,0.69,-0.005,268.7883713777403,0.25499410216910395,0.10429027973495426,0.0,262653.17168347526,6289.020521555384,20402853.561601598,401.79311692355304,312.79994889995703
-1.5357142857142856,0.69,0.005,268.7883713777403,0.2549993215713581,0.10432027170337232,0.0,262653.1704452617,6289.020521556029,20402853.130985297,401.7931150225768,312.79994815999254
-1.5357142857142856,0.69,0.015,268.7883713777403,0.25499410216910395,0.10429027973495426,0.0,262653.17168347526,6289.020521555384,20402853.561601598,401.79311692355304,312.79994889995703
-1.5357142857142856,0.71,-0.005,268.77868440045256,-0.013776781876804247,0.13553722281404504,0.0,262650.4068865009,6289.020519892495,20401905.776941784,401.7889313373848,312.79831963542495
-1.5357142857142856,0.71,0.005,268.77868440045256,-0.013771126974251107,0.13556556493237903,0.0,262650.4054367114,6289.020519893134,20401905.273280974,401.78892911381433,312.7983187698846
-1.5357142857142856,0.71,0.015,268.77868440045256,-0.013776781876804247,0.13553722281404504,0.0,262650.4068865009,6289.020519892495,20401905.776941784,401.7889313373848,312.79831963542495
-1.5357142857142856,0.7300000000000001,-0.005,268.7695750693069,-0.28872333786148946,0.16853392722476393,0.0,262647.8803534617,6289.0205180702515,20401014.511327676,401.78499508855356,312.79678741920446
-1.5357142857142856,0.7300000000000001,0.005,268.7695750693069,-0.2887172982364359,0.16856053117641648,0.0,262647.87870271824,6289.020518070895,20401013.938418597,401.78499255914005,312.7967864346076
-1.5357142857142856,0.7300000000000001,0.015,268.7695750693069,-0.28872333786148946,0.16853392722476393,0.0,262647.8803534617,6289.0205180702515,20401014.511327676,401.78499508855356,312.79678741920446
-1.5357142857142856,0.75,-0.005,268.76106968330646,-0.5698426266698294,0.20326871713604414,0.0,262645.6047640324,6289.020516033938,20400182.334269635,401.7813195225499,312.79535666907515
-1.5357142857142856,0.75,0.005,268.76106968330646,-0.5698362577828796,0.20329350404966195,0.0,262645.6029236739,6289.020516034597,20400181.696149208,401.781316705109,312.79535557235613
-1.5357142857142856,0.75,0.015,268.76106968330646,-0.5698426266698294,0.20326871713604414,0.0,262645.6047640324,6289.020516033938,20400182.334269635,401.7813195225499,312.79535666907515
-1.5357142857142856,0.77,-0.005,268.7531944119441,-0.8570465148083731,0.23971132988692778,0.0,262643.5928288693,6289.020513795049,20399411.804703392,401.7779159694689,312.794031796809
-1.5357142857142856,0.77,0.005,268.7531944119441,-0.8570398734740758,0.239734229943225,0.0,262643.5908109229,6289.020513795735,20399411.105636623,401.77791288282873,312.79403059529625
-1.5357142857142856,0.77,0.015,268.7531944119441,-0.8570465148083731,0.23971132988692778,0.0,262643.5928288693,6289.020513795049,20399411.804703392,401.7779159694689,312.794031796809
-1.5357142857142856,0.79,-0.005,268.74597284126736,-1.1502295967129423,0.2778245988974011,0.0,262641.85663099756,6289.020511635511,20398705.237298075,401.7747948091459,312.79281684424626
-1.5357142857142856,0.79,0.005,268.74597284126736,-1.1502227406365253,0.27784555132115035,0.0,262641.85444811796,6289.020511636239,20398704.481755808,401.77479147304854,312.79281554562414
-1.5357142857142856,0.79,0.015,268.74597284126736,-1.1502295967129423,0.2778245988974011,0.0,262641.85663099756,6289.020511635511,20398705.237298075,401.7747948091459,312.79281684424626
-1.5357142857142856,0.81,-0.005,268.7394248795009,-1.4493121775219429,0.3175695967448621,0.0,262640.4073100627,6289.020510014742,20398064.592505958,401.7719649408846,312.79171527685725
-1.5357142857142856,0.81,0.005,268.7394248795009,-1.4493051649627742,0.31758854978944095,0.0,262640.4049754802,6289.020510015527,20398063.785145562,401.77196137590124,312.7917138891332
-1.5357142857142856,0.81,0.015,268.7394248795009,-1.4493121775219429,0.3175695967448621,0.0,262640.4073100627,6289.020510014742,20398064.592505958,401.7719649408846,312.79171527685725
-1.5357142857142856,0.83,-0.005,268.73356786316896,-1.7542044846684082,0.3589005016030105,0.0,262639.2553235378,6289.020509523929,20397491.583388276,401.76943423299275,312.79073015870824
-1.5357142857142856,0.83,0.005,268.73356786316896,-1.7541973740537151,0.35891741250940523,0.0,262639.2528509939,6289.020509524793,20397490.72903012,401.76943046042004,312.79072869017216
-1.5357142857142856,0.83,0.015,268.73356786316896,-1.7542044846684082,0.3589005016030105,0.0,262639.2553235378,6289.020509523929,20397491.583388276,401.76943423299275,312.79073015870824
-1.5357142857142856,0.85,-0.005,268.7284163092435,-2.0648113476198118,0.401765635830493,0.0,262638.4103841625,6289.02051093568,20396987.652934164,401.76720944596786,312.78986412254164
-1.5357142857142856,0.85,0.005,268.7284163092435,-2.064804197176926,0.40178047075416073,0.0,262638.4077878519,6289.02051093665,20396986.756540608,401.76720548773466,312.78986258172995
-1.5357142857142856,0.85,0.015,268.7284163092435,-2.0648113476198118,0.401765635830493,0.0,262638.4103841625,6289.02051093568,20396987.652934164,401.76720944596786,312.78986412254164
-1.5357142857142856,0.87,-0.005,268.72398200349437,-2.3810344843087115,0.4461079916182043,0.0,262637.88147117523,6289.02051519521,20396553.982450854,401.7652962650478,312.7891193824305
-1.5357142857142856,0.87,0.005,268.72398200349437,-2.3810273516930143,0.44612072552961374,0.0,262637.87876568205,6289.02051519632,20396553.049103085,401.76529214361443,312.78911777808645
-1.5357142857142856,0.87,0.015,268.72398200349437,-2.3810344843087115,0.4461079916182043,0.0,262637.88147117523,6289.02051519521,20396553.982450854,401.7652962650478,312.7891193824305
-1.5357142857142856,0.8899999999999999,-0.005,268.72027389286376,-2.7027743888457954,0.4918656424163904,0.0,262637.67680663994,6289.020523455025,20396191.482131906,401.7636992748491,312.7884977238913
-1.5357142857142856,0.8899999999999999,0.005,268.72027389286376,-2.7027673309111626,0.4918762589971725,0.0,262637.67400687555,6289.0205234563155,20396190.5170077,401.76369501310813,312.7884960649267
-1.5357142857142856,0.8899999999999999,0.015,268.72027389286376,-2.7027743888457954,0.4918656424163904,0.0,262637.67680663994,6289.020523455025,20396191.482131906,401.7636992748491,312.7884977238913
-1.5357142857142856,0.91,-0.005,268.7172981214442,-3.0299323233624116,0.5389720535857555,0.0,262637.80387150106,6289.020537097919,20395900.795309477,401.7624219889063,312.78800051537115
-1.5357142857142856,0.91,0.005,268.7172981214442,-3.029925395853408,0.5389805450823769,0.0,262637.80099264014,6289.02053709944,20395899.803660247,401.7624176100823,312.787998810827
-1.5357142857142856,0.91,0.015,268.7172981214442,-3.0299323233624116,0.5389720535857555,0.0,262637.80387150106,6289.020537097919,20395900.795309477,401.7624219889063,312.78800051537115
-1.5357142857142856,0.93,-0.005,268.7150580765523,-3.3624052451482065,0.5873553451294113,0.0,262638.2694156214,6289.0205577885445,20395682.304582007,401.7614669011688,312.7876287282839
-1.5357142857142856,0.93,0.005,268.7150580765523,-3.3623985024101843,0.5873617121819628,0.0,262638.2664730376,6289.02055779036,20395681.291709967,401.76146242871823,312.7876269872916
-1.5357142857142856,0.93,0.015,268.7150580765523,-3.3624052451482065,0.5873553451294113,0.0,262638.2694156214,6289.0205577885445,20395682.304582007,401.7614669011688,312.7876287282839
-1.5357142857142856,0.95,-0.005,268.7135544145504,-3.7000888619453085,0.6369387532736586,0.0,262639.0794728298,6289.020587500729,20395536.135200553,401.7608355138717,312.78738294785285
-1.5357142857142856,0.95,0.005,268.7135544145504,-3.7000823566160514,0.6369430047198742,0.0,262639.07648203155,6289.020587502912,20395535.106436044,401.7608309713829,312.78738117959534
-1.5357142857142856,0.95,0.015,268.7135544145504,-3.7000888619453085,0.6369387532736586,0.0,262639.0794728298,6289.020587500729,20395536.135200553,401.7608355138717,312.78738294785285
-1.5357142857142856,0.9699999999999999,-0.005,268.71278515333324,-4.0428730278239735,0.687639917131682,0.0,262640.2393683563,6289.020628542695,20395462.164908435,401.76052839296585,312.78726339468307
-1.5357142857142856,0.9699999999999999,0.005,268.71278515333324,-4.042866810524625,0.6876420697859248,0.0,262640.236344926,6289.020628545339,20395461.125588667,401.76052380406617,312.7872616083585
-1.5357142857142856,0.9699999999999999,0.015,268.71278515333324,-4.0428730278239735,0.687639917131682,0.0,262640.2393683563,6289.020628542695,20395462.164908435,401.76052839296585,312.78726339468307
-1.5357142857142856,0.99,-0.005,268.71274582938935,-4.389348948265783,0.7391655658944942,0.0,262641.75530012173,6289.0207019170075,20395460.614102457,401.7605565285371,312.7872743470385
-1.5357142857142856,0.99,0.005,268.71274582938935,-4.389343045663894,0.7391656648713604,0.0,262641.7522540227,6289.020701920495,20395459.56759492,401.76055190829476,312.78727254851316
-1.5357142857142856,0.99,0.015,268.71274582938935,-4.389348948265783,0.7391655658944942,0.0,262641.75530012173,6289.0207019170075,20395460.614102457,401.7605565285371,312.7872743470385
-1.5357142857142856,1.01,-0.005,268.7130818131564,5.4883664911321316e-06,-9.242399205256183e-07,0.0,262641.84688559565,6289.045350591712,20396262.538716514,401.77585088893255,312.7932279376728
-1.5357142857142856,1.01,0.005,268.71341779692347,4.389348948265783,-0.7391655658944942,0.0,262641.93847084057,6289.02068539232,20395525.843137924,401.7608367335855,312.7873834226516
-1.5357142857142856,1.01,0.015,268.7130818131564,5.4883664911321316e-06,-9.242399205256183e-07,0.0,262641.84688559565,6289.045350591712,20396262.538716514,401.77585088893255,312.7932279376728
-1.4642857142857142,-0.01,-0.005,269.146927806404,5.058214982694304,0.0,0.0,262767.2081200529,6289.020717493193,20437946.64351624,401.9480522778798,312.86025244642127
-1.4642857142857142,-0.01,0.005,269.146927806404,5.058214982694304,0.007051588454371833,0.0,262767.2081200529,6289.020717431339,20437946.641582347,401.9480522398465,312.8602524316195
-1.4642857142857142,-0.01,0.015,269.146927806404,5.058214982694304,0.0,0.0,262767.2081200529,6289.020717493193,20437946.64351624,401.9480522778798,312.86025244642127
-1.4642857142857142,0.01,-0.005,269.146927806404,5.058214982694304,-0.007051588454371833,0.0,262767.2081200529,6289.020717431339,20437946.641582347,401.9480522398465,312.8602524316195
-1.4642857142857142,0.01,0.005,269.146927806404,5.058198041749619,-0.007050054331968939,0.0,262767.2135111782,6289.0207174320785,20437948.541579895,401.9480606180119,312.86025569223347
-1.4642857142857142,0.01,0.015,269.146927806404,5.058214982694304,-0.007051588454371833,0.0,262767.2081200529,6289.020717431339,20437946.641582347,401.9480522398465,312.8602524316195
-1.4642857142857142,0.03,-0.005,269.1459369940167,5.049575118482816,-0.02110385061487148,0.0,262766.88445961295,6289.020715747807,20437849.61632774,401.94762361469964,312.8600856192582
-1.4642857142857142,0.03,0.005,269.1459369940167,5.049558252825624,-0.02109938458758543,0.0,262766.8898236144,6289.020715748549,20437851.50675439,401.94763195069436,312.86008886346195
-1.4642857142857142,0.03,0.015,269.1459369940167,5.049575118482816,-0.02110385061487148,0.0,262766.88445961295,6289.020715747807,20437849.61632774,401.94762361469964,312.8600856192582
-1.4642857142857142,0.05,-0.005,269.14395961444274,5.032455847532974,-0.034994140168933714,0.0,262766.2394134375,6289.0207125668785,20437655.980175093,401.94676827554946,312.8597527380488
-1.4642857142857142,0.05,0.005,269.14395961444274,5.032439130816911,-0.0349867220755345,0.0,262766.2447442197,6289.020712567629,20437657.858759455,401.94677655939176,312.85975596195937
-1.4642857142857142,0.05,0.015,269.14395961444274,5.032455847532974,-0.034994140168933714,0.0,262766.2394134375,6289.0207125668785,20437655.980175093,401.94676827554946,312.8597527380488
-1.4642857142857142,0.07,-0.005,269.1410057174721,5.006885409553625,-0.04861637626411988,0.0,262765.2764034775,6289.020707927141,20437366.722231917,401.9454905928664,312.85925548836616
-1.4642857142857142,0.07,0.005,269.1410057174721,5.006868914443609,-0.04860604452043251,0.0,262765.2816845557,6289.0207079279035,20437368.583101872,401.94549879869413,312.85925868192
-1.4642857142857142,0.07,0.015,269.1410057174721,5.006885409553625,-0.04861637626411988,0.0,262765.2764034775,6289.020707927141,20437366.722231917,401.9454905928664,312.85925548836616
-1.4642857142857142,0.08999999999999998,-0.005,269.1370904435429,4.972881946928186,-0.06186543404979164,0.0,262764.00045931793,6289.020701936557,20436983.32867053,401.9437971576139,312.85859643451084
-1.4642857142857142,0.08999999999999998,0.005,269.1370904435429,4.972865744583412,-0.061852242022459085,0.0,262764.0056743955,6289.020701937334,20436985.166024107,401.943805259872,312.85859958776405
-1.4642857142857142,0.08999999999999998,0.015,269.1370904435429,4.972881946928186,-0.06186543404979164,0.0,262764.00045931793,6289.020701936557,20436983.32867053,401.9437971576139,312.85859643451084
-1.4642857142857142,0.11,-0.005,269.1322338794138,4.930466403303778,-0.07463738148086435,0.0,262762.4182343846,6289.020694728853,20436507.77086377,401.94169670848265,312.85777897641066
-1.4642857142857142,0.11,0.005,269.1322338794138,4.930450562896588,-0.07462139710202552,0.0,262762.4233674097,6289.020694729651,20436509.578990437,401.94170468201656,312.8577820795748
-1.4642857142857142,0.11,0.015,269.1322338794138,4.930466403303778,-0.07463738148086435,0.0,262762.4182343846,6289.020694728853,20436507.77086377,401.94169670848265,312.85777897641066
-1.4642857142857142,0.13,-0.005,269.12646086286696,4.879664049993089,-0.0868297354428101,0.0,262760.5379553684,6289.020686459963,20435942.486125775,401.9392000457254,312.85680731611217
-1.4642857142857142,0.13,0.005,269.12646086286696,4.87964863824979,-0.08681104071046734,0.0,262760.5429905962,6289.020686460782,20435944.259429518,401.9392078658814,312.8568103595937
-1.4642857142857142,0.13,0.015,269.12646086286696,4.879664049993089,-0.0868297354428101,0.0,262760.5379553684,6289.020686459963,20435942.486125775,401.9392000457254,312.85680731611217
-1.4642857142857142,0.15,-0.005,269.11980080542355,4.820504367165468,-0.09834174772214374,0.0,262758.36936786043,6289.020677303924,20435290.360194933,401.93631995250723,312.8556864272028
-1.4642857142857142,0.15,0.005,269.11980080542355,4.820489447916045,-0.09832043810228462,0.0,262758.3742899157,6289.020677304766,20435292.09321722,401.9363275952338,312.8556894016422
-1.4642857142857142,0.15,0.015,269.11980080542355,4.820504367165468,-0.09834174772214374,0.0,262758.36936786043,6289.020677303924,20435290.360194933,401.93631995250723,312.8556864272028
-1.4642857142857142,0.17,-0.005,269.1122874819435,4.753021065736183,-0.10907468232640617,0.0,262755.9236728732,6289.020667448533,20434554.70646311,401.933071101872,312.8544220186397
-1.4642857142857142,0.17,0.005,269.1122874819435,4.753006699490294,-0.10905086606309115,0.0,262755.92846681084,6289.020667449398,20434556.39390532,401.9330785438179,312.8544249149499
-1.4642857142857142,0.17,0.015,269.1122874819435,4.753021065736183,-0.10907468232640617,0.0,262755.9236728732,6289.020667448533,20434554.70646311,401.933071101872,312.8544220186397
-1.4642857142857142,0.19000000000000003,-0.005,269.10395878889176,4.677251876172199,-0.11893207823270015,0.0,262753.21345297684,6289.02065709088,20433739.242129635,401.9294699501491,312.8530204933045
-1.4642857142857142,0.19000000000000003,0.005,269.10395878889176,4.677238119726056,-0.11890587557464925,0.0,262753.21810434235,6289.020657091772,20433740.87887509,401.9294771687606,312.8530233027083
-1.4642857142857142,0.19000000000000003,0.015,269.10395878889176,4.677251876172199,-0.11893207823270015,0.0,262753.21345297684,6289.02065709088,20433739.242129635,401.9294699501491,312.8530204933045
-1.4642857142857142,0.21,-0.005,269.09485646634596,4.59323854518034,-0.12782002335040524,0.0,262750.25258862023,6289.020646432279,20432848.060784925,401.9255346143772,312.85148890034026
-1.4642857142857142,0.21,0.005,269.09485646634596,4.593225451278098,-0.12779156570414302,0.0,262750.25708350836,6289.020646433197,20432849.64192031,401.9255415879915,312.85149161440717
-1.4642857142857142,0.21,0.015,269.09485646634596,4.59323854518034,-0.12782002335040524,0.0,262750.25258862023,6289.020646432279,20432848.060784925,401.9255346143772,312.85148890034026
-1.4642857142857142,0.22999999999999998,-0.005,269.08502582276606,4.501026621729731,-0.13564740900560493,0.0,262747.0561741264,6289.0206356737945,20431885.60528121,401.92128475130704,312.8498348881051
-1.4642857142857142,0.22999999999999998,0.005,269.08502582276606,4.501014238731385,-0.1356168380234296,0.0,262747.0604992389,6289.020635674737,20431887.12611745,401.9212914592447,312.8498374987869
-1.4642857142857142,0.22999999999999998,0.015,269.08502582276606,4.501026621729731,-0.13564740900560493,0.0,262747.0561741264,6289.0206356737945,20431885.60528121,401.92128475130704,312.8498348881051
-1.4642857142857142,0.25,-0.005,269.0745154193336,4.400665432814138,-0.1423261720109684,0.0,262743.64042270556,6289.020625011462,20430856.636635996,401.9167414187737,312.8480666502639
-1.4642857142857142,0.25,0.005,269.0745154193336,4.400653804409286,-0.14229363862457306,0.0,262743.64456540695,6289.0206250124265,20430858.092728317,401.91674784142674,312.8480691499291
-1.4642857142857142,0.25,0.015,269.0745154193336,4.400665432814138,-0.1423261720109684,0.0,262743.64042270556,6289.020625011462,20430856.636635996,401.9167414187737,312.8480666502639
-1.4642857142857142,0.27,-0.005,269.06337674698585,4.292207882144499,-0.1477715240465547,0.0,262740.02256836876,6289.020614631791,20429766.202229727,401.91192693408124,312.8461928707178
-1.4642857142857142,0.27,0.005,269.06337674698585,4.2921970471035324,-0.14773718745636139,0.0,262740.0265167408,6289.020614632777,20429767.5893971,401.9119330529994,312.8461952521851
-1.4642857142857142,0.27,0.015,269.06337674698585,4.292207882144499,-0.1477715240465547,0.0,262740.02256836876,6289.020614631791,20429766.202229727,401.91192693408124,312.8461928707178
-1.4642857142857142,0.29,-0.005,269.0516638965119,4.175710091205124,-0.1519021483720996,0.0,262736.2207650735,6289.02060470759,20428619.60333635,401.9068647295766,312.8442226674376
-1.4642857142857142,0.29,0.005,269.0516638965119,4.175700083163,-0.1518661750020829,0.0,262736.22450796736,6289.020604708593,20428620.917679984,401.90687052754856,312.8442249240076
-1.4642857142857142,0.29,0.015,269.0516638965119,4.175710091205124,-0.1519021483720996,0.0,262736.2207650735,6289.02060470759,20428619.60333635,401.9068647295766,312.8442226674376
-1.4642857142857142,0.31,-0.005,269.0394331955186,4.0512316947897915,-0.15464042625638527,0.0,262732.2539791986,6289.020595394198,20427422.359426975,401.9015791941452,312.84216553081575
-1.4642857142857142,0.31,0.005,269.0394331955186,4.051222542080852,-0.1546029886845987,0.0,262732.25750628515,6289.020595395217,20427423.597347993,401.9015846552768,312.84216765630157
-1.4642857142857142,0.31,0.015,269.0394331955186,4.0512316947897915,-0.15464042625638527,0.0,262732.2539791986,6289.020595394198,20427422.359426975,401.9015791941452,312.84216553081575
-1.4642857142857142,0.33,-0.005,269.02674283664214,3.918835675095935,-0.15591266938586387,0.0,262728.1418772967,6289.020586826161,20426180.17163433,401.89609551115467,312.84003126063305
-1.4642857142857142,0.33,0.005,269.02674283664214,3.91882740065952,-0.15587394525990045,0.0,262728.14517911465,6289.0205868271905,20426181.32985043,401.89610062094295,312.8400332493888
-1.4642857142857142,0.33,0.015,269.02674283664214,3.918835675095935,-0.15591266938586387,0.0,262728.1418772967,6289.020586826161,20426180.17163433,401.89609551115467,312.84003126063305
-1.4642857142857142,0.35,-0.005,269.0136525849183,3.778587303728525,-0.15564922887248553,0.0,262723.90473257116,6289.020579114063,20424898.893975,401.8904395306305,312.8378299163439
-1.4642857142857142,0.35,0.005,269.0136525849183,3.778579924990435,-0.15560939981564798,0.0,262723.9078005708,6289.020579115103,20424899.969535433,401.89044427603045,312.8378317632908
-1.4642857142857142,0.35,0.015,269.0136525849183,3.778587303728525,-0.15564922887248553,0.0,262723.90473257116,6289.020579114063,20424898.893975,401.8904395306305,312.8378299163439
-1.4642857142857142,0.36999999999999994,-0.005,269.00022336576325,3.6305552421934175,-0.1537847088096998,0.0,262719.56330645306,6289.020572342448,20423584.49292542,401.8846375904907,312.83557174753093
-1.4642857142857142,0.36999999999999994,0.005,269.00022336576325,3.6305487710222506,-0.15374395933245877,0.0,262719.5661330363,6289.020572343491,20423585.48322475,401.8846419599757,312.8355734481811
-1.4642857142857142,0.36999999999999994,0.015,269.00022336576325,3.6305552421934175,-0.1537847088096998,0.0,262719.56330645306,6289.020572342448,20423584.49292542,401.8846375904907,312.83557174753093
-1.4642857142857142,0.39000000000000007,-0.005,268.9865169411281,3.474810371301737,-0.1502580511498913,0.0,262715.13874592894,6289.020566568027,20422243.015643846,401.8787163759738,312.8332671392197
-1.4642857142857142,0.39000000000000007,0.005,268.9865169411281,3.474804814002863,-0.15021656757079205,0.0,262715.141324485,6289.02056656907,20422243.918433804,401.87872035958924,312.83326868969675
-1.4642857142857142,0.39000000000000007,0.015,268.9865169411281,3.474810371301737,-0.1502580511498913,0.0,262715.13874592894,6289.020566568027,20422243.015643846,401.8787163759738,312.8332671392197
-1.4642857142857142,0.41,-0.005,268.9725955706495,3.3114253740013693,-0.14501259762553528,0.0,262710.6524799741,6289.020561818294,20420880.55674236,401.8727027727609,312.83092655473314
-1.4642857142857142,0.41,0.005,268.9725955706495,3.3114207313454602,-0.14497056701233754,0.0,262710.65480490995,6289.020561819331,20420881.370141614,401.8727063621674,312.83092795178914
-1.4642857142857142,0.41,0.015,268.9725955706495,3.3114253740013693,-0.14501259762553528,0.0,262710.6524799741,6289.020561818294,20420880.55674236,401.8727027727609,312.83092655473314
-1.4642857142857142,0.43,-0.005,268.9585215711662,3.140476337990889,-0.13799639515474002,0.0,262706.1260942136,6289.020558091228,20419503.21515303,401.8666236768105,312.8285604616923
-1.4642857142857142,0.43,0.005,268.9585215711662,3.1404726053306313,-0.13795400428819454,0.0,262706.1281609815,6289.020558092258,20419503.937655993,401.8666268653241,312.8285617027236
-1.4642857142857142,0.43,0.015,268.9585215711662,3.140476337990889,-0.13799639515474002,0.0,262706.1260942136,6289.020558091228,20419503.21515303,401.8666236768105,312.8285604616923
-1.4642857142857142,0.45,-0.005,268.9443570687882,2.9620424641429457,-0.12916237155550123,0.0,262701.5812527604,6289.02055535617,20418117.069883615,401.8605058879829,312.82617929062314
-1.4642857142857142,0.45,0.005,268.9443570687882,2.9620396314976665,-0.1291198059149586,0.0,262701.58305787644,6289.0205553571905,20418117.700366013,401.86050867059987,312.82618037367985
-1.4642857142857142,0.45,0.015,268.9443570687882,2.9620424641429457,-0.12916237155550123,0.0,262701.5812527604,6289.02055535617,20418117.069883615,401.8605058879829,312.82617929062314
-1.4642857142857142,0.47,-0.005,268.9301636696096,2.776204547650549,-0.11846828985553783,0.0,262697.0395931803,6289.020553553916,20416728.147792332,401.8543759679787,312.8237933796678
-1.4642857142857142,0.47,0.005,268.9301636696096,2.776202599848449,-0.11842573265040922,0.0,262697.0411342394,6289.020553554921,20416728.685515262,401.85437834139407,312.8237943034611
-1.4642857142857142,0.47,0.015,268.9301636696096,2.776204547650549,-0.11846828985553783,0.0,262697.0395931803,6289.020553553916,20416728.147792332,401.8543759679787,312.8237933796678
-1.4642857142857142,0.49,-0.005,268.9160022731521,2.5830419162129616,-0.10587639304895906,0.0,262692.5226596699,6289.02055259834,20415342.405386683,401.84826016078927,312.8214129436216
-1.4642857142857142,0.49,0.005,268.9160022731521,2.5830408331339787,-0.10583402432419536,0.0,262692.5239353507,6289.020552599328,20415342.849997014,401.8482621234,312.8214137075252
-1.4642857142857142,0.49,0.015,268.9160022731521,2.5830419162129616,-0.10587639304895906,0.0,262692.5226596699,6289.02055259834,20415342.405386683,401.84826016078927,312.8214129436216
-1.4642857142857142,0.51,-0.005,268.9019325220255,2.3826392225126862,-0.09135410081484568,0.0,262688.0517612714,6289.020552379852,20413965.675081376,401.842184157081,312.81904798221916
-1.4642857142857142,0.51,0.005,268.9019325220255,2.3826389792083282,-0.0913120965901905,0.0,262688.052771346,6289.020552380821,20413966.026614003,401.8421857089962,312.819048586273
-1.4642857142857142,0.51,0.015,268.9019325220255,2.3826392225126862,-0.09135410081484568,0.0,262688.0517612714,6289.020552379852,20413965.675081376,401.842184157081,312.81904798221916
-1.4642857142857142,0.53,-0.005,268.8880126787837,2.175083248962632,-0.07487395268015014,0.0,262683.6479202779,6289.020552768429,20412603.653260484,401.8361730427476,312.8167082600976
-1.4642857142857142,0.53,0.005,268.8880126787837,2.1750838158956003,-0.07483248413217691,0.0,262683.6486656099,6289.020552769375,20412603.912136175,401.8361741857797,312.81670870500477
-1.4642857142857142,0.53,0.015,268.8880126787837,2.175083248962632,-0.07487395268015014,0.0,262683.6479202779,6289.020552768429,20412603.653260484,401.8361730427476,312.8167082600976
-1.4642857142857142,0.55,-0.005,268.87429939696204,1.9604612235498482,-0.05641343570966136,0.0,262679.3317975215,6289.020553617534,20411261.878015082,401.8302512022537,312.81440326915936
-1.4642857142857142,0.55,0.005,268.87429939696204,1.960462566848865,-0.05637266842267612,0.0,262679.33228005894,6289.0205536184585,20411262.045036558,401.8302519399026,312.8144035562796
-1.4642857142857142,0.55,0.015,268.87429939696204,1.9604612235498482,-0.05641343570966136,0.0,262679.3317975215,6289.020553617534,20411261.878015082,401.8302512022537,312.81440326915936
-1.4642857142857142,0.57,-0.005,268.8608474920473,1.7388606848048764,-0.03595490667605061,0.0,262675.1236229787,6289.020554769824,20409945.706935033,401.8244422229841,312.8121421913215
-1.4642857142857142,0.57,0.005,268.8608474920473,1.7388627666450787,-0.03591499998081265,0.0,262675.12384574057,6289.020554770726,20409945.783280734,401.82444256040964,312.812142322661
-1.4642857142857142,0.57,0.015,268.8608474920473,1.7388606848048764,-0.03595490667605061,0.0,262675.1236229787,6289.020554769824,20409945.706935033,401.8244422229841,312.8121421913215
-1.4642857142857142,0.59,-0.005,268.84770963887087,1.510373024948913,-0.013486027721834298,0.0,262671.0431113515,6289.020556063211,20408660.28771488,401.81876876797304,312.809933848954
-1.4642857142857142,0.59,0.005,268.84770963887087,1.51037580363767,-0.013447134056864582,0.0,262671.04307841434,6289.020556064092,20408660.274932776,401.81876871196863,312.80993382715474
-1.4642857142857142,0.59,0.015,268.84770963887087,1.510373024948913,-0.013486027721834298,0.0,262671.0431113515,6289.020556063211,20408660.28771488,401.81876876797304,312.809933848954
-1.4642857142857142,0.61,-0.005,268.8349362662365,1.275089756561724,0.011000587193558157,0.0,262667.10942003224,6289.020557339776,20407410.548156135,401.81325253555065,312.8077866891454
-1.4642857142857142,0.61,0.005,268.8349362662365,1.2750931869686513,0.011038322833396187,0.0,262667.10913650715,6289.020557340634,20407410.448154178,401.81325209450137,312.8077865174691
-1.4642857142857142,0.61,0.015,268.8349362662365,1.275089756561724,0.011000587193558157,0.0,262667.10942003224,6289.020557339776,20407410.548156135,401.81325253555065,312.8077866891454
-1.4642857142857142,0.63,-0.005,268.8225753777298,1.0331030537529302,0.037507373534683836,0.0,262663.34109511453,6289.0205584534715,20406201.17890866,401.80791418630986,312.8057087552465
-1.4642857142857142,0.63,0.005,268.8225753777298,1.0331070875412758,0.03754381409851902,0.0,262663.3405671213,6289.02055845431,20406200.99394409,401.80791337014637,312.80570843755663
-1.4642857142857142,0.63,0.015,268.8225753777298,1.0331030537529302,0.037507373534683836,0.0,262663.34109511453,6289.0205584534715,20406201.17890866,401.80791418630986,312.8057087552465
-1.4642857142857142,0.65,-0.005,268.81067235458937,0.7845104086082086,0.0660312495715012,0.0,262659.75600562536,6289.020559255403,20405036.613760617,401.8027732485261,312.80370765002414
-1.4642857142857142,0.65,0.005,268.81067235458937,0.7845149944768524,0.06606626638549218,0.0,262659.7552402608,6289.020559256225,20405036.34642739,401.8027720686695,312.8037071907646
-1.4642857142857142,0.65,0.015,268.81067235458937,0.7845104086082086,0.0660312495715012,0.0,262659.75600562536,6289.020559255403,20405036.613760617,401.8027732485261,312.80370765002414
-1.4642857142857142,0.67,-0.005,268.79926985824807,0.5294039062151125,0.09656489799307548,0.0,262656.3713135444,6289.0205596363285,20403921.021467693,401.79784810176807,312.8017905292497
-1.4642857142857142,0.67,0.005,268.79926985824807,0.5294089905083461,0.09659837109480472,0.0,262656.37031884753,6289.020559637138,20403920.674682736,401.79784657106944,312.80178993342105
-1.4642857142857142,0.67,0.015,268.79926985824807,0.5294039062151125,0.09656489799307548,0.0,262656.3713135444,6289.0205596363285,20403921.021467693,401.79784810176807,312.8017905292497
-1.4642857142857142,0.69,-0.005,268.7884078062562,0.2678868825269851,0.1290948023524994,0.0,262653.20347192633,6289.02055952926,20402858.30352096,401.7931559677001,312.79996409808564
-1.4642857142857142,0.69,0.005,268.7884078062562,0.2678924091227625,0.12912662083395274,0.0,262653.20225683175,6289.020559530063,20402857.880506385,401.79315410036236,312.79996337121514
-1.4642857142857142,0.69,0.015,268.7884078062562,0.2678868825269851,0.1290948023524994,0.0,262653.20347192633,6289.02055952926,20402858.30352096,401.7931559677001,312.79996409808564
-1.4642857142857142,0.71,-0.005,268.77812361201967,7.59321834121379e-05,0.1636014826586388,0.0,262650.26826496614,6289.020558896688,20401852.117232457,401.7887130053332,312.79823464813086
-1.4642857142857142,0.71,0.005,268.77812361201967,8.184375426115028e-05,0.16363154485486706,0.0,262650.2668392853,6289.020558897489,20401851.62150752,401.7887108168757,312.7982337962582
-1.4642857142857142,0.71,0.015,268.77812361201967,7.59321834121379e-05,0.1636014826586388,0.0,262650.26826496614,6289.020558896688,20401852.117232457,401.7887130053332,312.79823464813086
-1.4642857142857142,0.73,-0.005,268.76845447264617,-0.27381083095221076,0.20005157227273582,0.0,262647.581655491,6289.020558361286,20400906.119320802,401.7845356867881,312.7966085929177
-1.4642857142857142,0.73,0.005,268.76845447264617,-0.27380458984879685,0.2000797853831554,0.0,262647.58002984035,6289.0205583621,20400905.554674905,401.7845331939317,312.79660762255054
-1.4642857142857142,0.73,0.015,268.76845447264617,-0.27381083095221076,0.20005157227273582,0.0,262647.581655491,6289.020558361286,20400906.119320802,401.7845356867881,312.7966085929177
-1.4642857142857142,0.75,-0.005,268.7594292466713,-0.5537372569149974,0.2384318840358764,0.0,262645.1570340866,6289.020558037491,20400023.134782046,401.7806365697384,312.7950908222716
-1.4642857142857142,0.75,0.005,268.7594292466713,-0.5537307456398355,0.23845816559382504,0.0,262645.15521979734,6289.020558038333,20400022.50524354,401.780633790262,312.7950897403298
-1.4642857142857142,0.75,0.015,268.7594292466713,-0.5537372569149974,0.2384318840358764,0.0,262645.1570340866,6289.020558037491,20400023.134782046,401.7806365697384,312.7950908222716
-1.4642857142857142,0.77,-0.005,268.75107575945685,-0.8396045812400996,0.27871277493663904,0.0,262643.0074776119,6289.020557932101,20399205.884186994,401.7770276991421,312.79368602642273
-1.4642857142857142,0.77,0.005,268.75107575945685,-0.8395978602641225,0.27873705212704086,0.0,262643.0054867297,6289.020557932981,20399205.194020905,401.77702465187485,312.793684840235
-1.4642857142857142,0.77,0.015,268.75107575945685,-0.8396045812400996,0.27871277493663904,0.0,262643.0074776119,6289.020557932101,20399205.884186994,401.7770276991421,312.79368602642273
-1.4642857142857142,0.79,-0.005,268.74341892435797,-1.1312997474155464,0.32085769470042136,0.0,262641.1453640909,6289.0205584051155,20398456.81428903,401.77372007857156,312.79239849019217
-1.4642857142857142,0.79,0.005,268.74341892435797,-1.1312928777781972,0.32087990442042236,0.0,262641.143209298,6289.020558406053,20398456.067968752,401.7737167832683,312.79239720744795
-1.4642857142857142,0.79,0.015,268.74341892435797,-1.1312997474155464,0.32085769470042136,0.0,262641.1453640909,6289.0205584051155,20398456.81428903,401.77372007857156,312.79239849019217
-1.4642857142857142,0.81,-0.005,268.73647979815723,-1.4287285633975122,0.3648275427002812,0.0,262639.5820668819,6289.020560023864,20397778.001078304,401.77072317206614,312.791231899055
-1.4642857142857142,0.81,0.005,268.73647979815723,-1.428721606583614,0.36484763157994127,0.0,262639.579761443,6289.020560024883,20397777.20326544,401.7707196493185,312.7912305277697
-1.4642857142857142,0.81,0.015,268.73647979815723,-1.4287285633975122,0.3648275427002812,0.0,262639.5820668819,6289.020560023864,20397778.001078304,401.77072317206614,312.791231899055
-1.4642857142857142,0.8300000000000001,-0.005,268.73027659825925,-1.731789127158171,0.4105762441729593,0.0,262638.3281988306,6289.020563523434,20397171.24810086,401.76804531898387,312.79018950060254
-1.4642857142857142,0.8300000000000001,0.005,268.73027659825925,-1.7317821445774355,0.4105941685079604,0.0,262638.32575652795,6289.020563524558,20397170.403621603,401.76804159011624,312.79018804907696
-1.4642857142857142,0.8300000000000001,0.015,268.73027659825925,-1.731789127158171,0.4105762441729593,0.0,262638.3281988306,6289.020563523434,20397171.24810086,401.76804531898387,312.79018950060254
-1.4642857142857142,0.85,-0.005,268.72482450268836,-2.0403744238303636,0.4580514891132479,0.0,262637.39355797146,6289.020569847345,20396638.06818333,401.7656936723194,312.7892740805104
-1.4642857142857142,0.85,0.005,268.72482450268836,-2.0403674765115856,0.45806721479165213,0.0,262637.3909930437,6289.020569848606,20396637.18200624,401.7656897592914,312.78927255729263
-1.4642857142857142,0.85,0.015,268.72482450268836,-2.0403744238303636,0.4580514891132479,0.0,262637.39355797146,6289.020569847345,20396638.06818333,401.7656936723194,312.7892740805104
-1.4642857142857142,0.87,-0.005,268.72013572609467,-2.3543750311997527,0.5071953354599077,0.0,262636.7871313606,6289.020580127384,20396179.690262567,401.76367421891683,312.7884879703875
-1.4642857142857142,0.87,0.005,268.72013572609467,-2.3543681793814,0.507208837842668,0.0,262636.7844584386,6289.020580128822,20396178.767475437,401.7636701442206,312.7884863842336
-1.4642857142857142,0.87,0.015,268.72013572609467,-2.3543750311997527,0.5071953354599077,0.0,262636.7871313606,6289.020580127384,20396179.690262567,401.76367421891683,312.7884879703875
-1.4642857142857142,0.89,-0.005,268.7162194530655,-2.6736800754871974,0.557944492476811,0.0,262636.5170858841,6289.020595731091,20395797.054361615,401.7619917796406,312.7878330478273
-1.4642857142857142,0.89,0.005,268.7162194530655,-2.6736733783601574,0.5579557562699111,0.0,262636.5143199256,6289.020595732753,20395796.10014806,401.7619875661987,312.7878314076605
-1.4642857142857142,0.89,0.015,268.7162194530655,-2.6736800754871974,0.557944492476811,0.0,262636.5170858841,6289.020595731091,20395797.054361615,401.7619917796406,312.7878330478273
-1.4642857142857142,0.91,-0.005,268.7130818491579,-2.998179116064363,0.6102306528255054,0.0,262636.59078320547,6289.020618303194,20395490.81397775,401.7606500394567,312.7873107481031
-1.4642857142857142,0.91,0.005,268.7130818491579,-2.998172631436254,0.610239671907941,0.0,262636.58793943,6289.020618305138,20395489.833593875,401.7606457105189,312.7873090629743
-1.4642857142857142,0.91,0.015,268.7130818491579,-2.998179116064363,0.6102306528255054,0.0,262636.59078320547,6289.020618303194,20395490.81397775,401.7606500394567,312.7873107481031
-1.4642857142857142,0.93,-0.005,268.7107261170903,-3.327757242005265,0.6639796487404631,0.0,262637.0147891189,6289.020649810138,20395261.342981357,401.75965159895617,312.7869220842144
-1.4642857142857142,0.93,0.005,268.7107261170903,-3.3277510259958816,0.6639864259721864,0.0,262637.0118829421,6289.020649812435,20395260.341732517,401.75964717799746,312.7869203632625
-1.4642857142857142,0.93,0.015,268.7107261170903,-3.327757242005265,0.6639796487404631,0.0,262637.0147891189,6289.020649810138,20395261.342981357,401.75965159895617,312.7869220842144
-1.4642857142857142,0.95,-0.005,268.7091525247519,-3.6622978847208216,0.7191119013565025,0.0,262637.79488454305,6289.02069256075,20395108.73900991,401.75899799908393,312.78666765650536
-1.4642857142857142,0.95,0.005,268.7091525247519,-3.662291991443418,0.7191164483616721,0.0,262637.79193151125,6289.020692563483,20395107.722227655,401.75899350970377,312.78666590891754
-1.4642857142857142,0.95,0.015,268.7091525247519,-3.6622978847208216,0.7191119013565025,0.0,262637.79488454305,6289.02069256075,20395108.73900991,401.75899799908393,312.78666765650536
-1.4642857142857142,0.9699999999999999,-0.005,268.7083584986313,-4.001678579929769,0.7755416318227438,0.0,262638.93607560295,6289.020749237236,20395032.833580494,401.7586897805252,312.78654767577706
-1.4642857142857142,0.9699999999999999,0.005,268.7083584986313,-4.001673061192767,0.7755439687484218,0.0,262638.9330913309,6289.020749240511,20395031.806600805,401.75868524635166,312.7865459107518
-1.4642857142857142,0.9699999999999999,0.015,268.7083584986313,-4.001678579929769,0.7755416318227438,0.0,262638.93607560295,6289.020749237236,20395032.833580494,401.7586897805252,312.78654767577706
-1.4642857142857142,0.9899999999999999,-0.005,268.70834118306715,-4.34455597654479,0.8329589476366291,0.0,262640.4445211979,6289.020839518912,20395033.963041488,401.75873781478793,312.7865663741539
-1.4642857142857142,0.9899999999999999,0.005,268.70834118306715,-4.344550861735824,0.8329591230484447,0.0,262640.441515801,6289.02083952307,20395032.929274283,401.7587332510579,312.78656459762317
-1.4642857142857142,0.9899999999999999,0.015,268.70834118306715,-4.34455597654479,0.8329589476366291,0.0,262640.4445211979,6289.020839518912,20395033.963041488,401.75873781478793,312.7865663741539
-1.4642857142857142,1.01,-0.005,268.7086293665319,4.659554109999861e-06,-8.933518887769632e-07,0.0,262640.5212764751,6289.04518164134,20395821.629825953,401.7738230409766,312.79243856978667
-1.4642857142857142,1.01,0.005,268.70891754999667,4.344555976544742,-0.8329589476366198,0.0,262640.5980315878,6289.020816379805,20395089.6317418,401.7589726470062,312.7866577876635
-1.4642857142857142,1.01,0.015,268.7086293665319,4.659554109999861e-06,-8.933518887769632e-07,0.0,262640.5212764751,6289.04518164134,20395821.629825953,401.7738230409766,312.79243856978667
-1.3928571428571428,-0.01,-0.005,269.16832962849276,5.075143290929794,-8.249284790281792e-19,0.0,262773.3549931193,6289.020774687597,20440043.31992867,401.95732423795664,312.86386088664796
-1.3928571428571428,-0.01,0.005,269.16832962849276,5.075143290929793,0.00739152468058366,0.0,262773.3549931193,6289.020774619636,20440043.31780366,401.95732419616803,312.8638608703848
-1.3928571428571428,-0.01,0.015,269.16832962849276,5.075143290929794,-8.249284790281792e-19,0.0,262773.3549931193,6289.020774687597,20440043.31992867,401.95732423795664,312.86386088664796
-1.3928571428571428,0.01,-0.005,269.16832962849276,5.075143290929794,-0.00739152468058366,0.0,262773.35499311925,6289.020774619636,20440043.31780366,401.957324196168,312.86386087038477
-1.3928571428571428,0.01,0.005,269.16832962849276,5.075126863704599,-0.007389904163984974,0.0,262773.36032651924,6289.020774620399,20440045.197116904,401.95733248248024,312.86386409521424
-1.3928571428571428,0.01,0.015,269.16832962849276,5.075143290929794,-0.00739152468058366,0.0,262773.35499311925,6289.020774619636,20440043.31780366,401.957324196168,312.86386087038477
-1.3928571428571428,0.029999999999999995,-0.005,269.16728055351746,5.0664672879185915,-0.022119819270635326,0.0,262773.0145334667,6289.020772767928,20439940.58194079,401.95687034645533,312.86368424315987
-1.3928571428571428,0.029999999999999995,0.005,269.16728055351746,5.066450938337992,-0.022115092337088443,0.0,262773.01984017936,6289.020772768693,20439942.451833285,401.9568785912644,312.8636874518391
-1.3928571428571428,0.029999999999999995,0.015,269.16728055351746,5.0664672879185915,-0.022119819270635326,0.0,262773.0145334667,6289.020772767928,20439940.58194079,401.95687034645533,312.86368424315987
-1.3928571428571428,0.049999999999999996,-0.005,269.1651870204068,5.0492789166649,-0.03667475332599984,0.0,262772.3360235591,6289.0207692753975,20439735.56188962,401.95596473380573,312.8633318005341
-1.3928571428571428,0.049999999999999996,0.005,269.1651870204068,5.049262720859481,-0.03666690191116251,0.0,262772.34129758197,6289.020769276174,20439737.42012119,401.9559729272706,312.86333498923506
-1.3928571428571428,0.049999999999999996,0.015,269.1651870204068,5.0492789166649,-0.03667475332599984,0.0,262772.3360235591,6289.0207692753975,20439735.56188962,401.95596473380573,312.8633318005341
-1.3928571428571428,0.07,-0.005,269.1620597169454,5.023607943453075,-0.050942503708310424,0.0,262771.32307574997,6289.020764183425,20439429.309333153,401.9546120044516,312.8628053501192
-1.3928571428571428,0.07,0.005,269.1620597169454,5.023591976468513,-0.05093156859345431,0.0,262771.3283008583,6289.020764184218,20439431.15012079,401.95462012110676,312.86280850893297
-1.3928571428571428,0.07,0.015,269.1620597169454,5.023607943453075,-0.050942503708310424,0.0,262771.32307574997,6289.020764183425,20439429.309333153,401.9546120044516,312.8628053501192
-1.3928571428571428,0.09,-0.005,269.1579146996461,4.989474148826334,-0.06481017855399616,0.0,262769.9809929215,6289.020757611297,20439023.400614083,401.9528191501571,312.8621076120751
-1.3928571428571428,0.09,0.005,269.1579146996461,4.989458484064872,-0.064796216411347,0.0,262769.98615306575,6289.020757612111,20439025.218240496,401.952827164825,312.86211073120467
-1.3928571428571428,0.09,0.015,269.1579146996461,4.989474148826334,-0.06481017855399616,0.0,262769.9809929215,6289.020757611297,20439023.400614083,401.9528191501571,312.8621076120751
-1.3928571428571428,0.11,-0.005,269.1527732708719,4.946900102257756,-0.0781660934721807,0.0,262768.3167876,6289.020749706402,20438519.926711936,401.95059544066527,312.8612421928425
-1.3928571428571428,0.11,0.005,269.1527732708719,4.9468848109833,-0.07814917646145152,0.0,262768.32186695863,6289.020749707242,20438521.715545665,401.95060332854354,312.8612452626369
-1.3928571428571428,0.11,0.015,269.1527732708719,4.946900102257756,-0.0781660934721807,0.0,262768.3167876,6289.020749706402,20438519.926711936,401.95059544066527,312.8612421928425
-1.3928571428571428,0.13,-0.005,269.1466617750458,4.895913048197038,-0.09090004711450403,0.0,262766.3391306682,6289.020740640523,20437921.473143447,401.9479523338168,312.86021355019255
-1.3928571428571428,0.13,0.005,269.1466617750458,4.895898199046153,-0.09088026234984604,0.0,262766.34411370725,6289.020740641394,20437923.227660958,401.9479600705746,312.860216561184
-1.3928571428571428,0.13,0.015,269.1466617750458,4.895913048197038,-0.09090004711450403,0.0,262766.3391306682,6289.020740640523,20437921.473143447,401.9479523338168,312.86021355019255
-1.3928571428571428,0.15,-0.005,269.13961141535856,4.836544737682492,-0.10290361276364088,0.0,262764.05829470523,6289.020730605157,20437231.10183413,401.944903394001,312.8590269615245
-1.3928571428571428,0.15,0.005,269.13961141535856,4.836530396173888,-0.10288106167445238,0.0,262764.0631662386,6289.020730606059,20437232.816642046,401.9449109558775,312.8590299044668
-1.3928571428571428,0.15,0.015,269.13961141535856,4.836544737682492,-0.10290361276364088,0.0,262764.05829470523,6289.020730605157,20437231.10183413,401.944903394001,312.8590269615245
-1.3928571428571428,0.17,-0.005,269.1316580281537,4.768831428352835,-0.11407041774819757,0.0,262761.4860858794,6289.020719806918,20436452.32884465,401.9414641924634,312.85768848510753
-1.3928571428571428,0.17,0.005,269.1316580281537,4.7688176564384275,-0.11404521534359138,0.0,262761.490831128,6289.020719807854,20436453.998701725,401.9414715563629,312.8576913510131
-1.3928571428571428,0.17,0.015,269.1316580281537,4.768831428352835,-0.11407041774819757,0.0,262761.4860858794,6289.020719806918,20436452.32884465,401.9414641924634,312.85768848510753
-1.3928571428571428,0.19,-0.005,269.1228418272791,4.692813675266692,-0.12429641035062917,0.0,262758.6357657463,6289.020708462389,20435589.099134885,401.9376521943481,312.8562049161643
-1.3928571428571428,0.19,0.005,269.1228418272791,4.692800530906763,-0.12426868439626448,0.0,262758.64037039794,6289.02070846336,20435590.718973875,401.93765933793713,312.8562076963419
-1.3928571428571428,0.19,0.015,269.1228418272791,4.692813675266692,-0.12429641035062917,0.0,262758.6357657463,6289.020708462389,20435589.099134885,401.9376521943481,312.8562049161643
-1.3928571428571428,0.21,-0.005,269.1132071027701,4.608536439343949,-0.13348015239109598,0.0,262755.52196124155,6289.020696792785,20434645.75684929,401.9334866259638,312.85458373526035
-1.3928571428571428,0.21,0.005,269.1132071027701,4.608523976141719,-0.13345004250714287,0.0,262755.5264115106,6289.020696793792,20434647.321798634,401.9334935277658,312.85458642135205
-1.3928571428571428,0.21,0.015,269.1132071027701,4.608536439343949,-0.13348015239109598,0.0,262755.52196124155,6289.020696792785,20434645.75684929,401.9334866259638,312.85458373526035
-1.3928571428571428,0.23000000000000004,-0.005,269.1028019365915,4.516048713119063,-0.14152308040789358,0.0,262752.1605769245,6289.0206850188715,20433627.01727767,401.92898834958254,312.8528330596273
-1.3928571428571428,0.23000000000000004,0.005,269.1028019365915,4.516036979963359,-0.1414907370964411,0.0,262752.16485961014,6289.020685019914,20433628.522682685,401.92899498907127,312.85283564364454
-1.3928571428571428,0.23000000000000004,0.015,269.1028019365915,4.516048713119063,-0.14152308040789358,0.0,262752.1605769245,6289.0206850188715,20433627.01727767,401.92898834958254,312.8528330596273
-1.3928571428571428,0.25,-0.005,269.09167786491065,4.415403551690403,-0.14832975759825834,0.0,262748.5686936931,6289.02067335584,20432537.93358109,401.9241797151568,312.8509615855031
-1.3928571428571428,0.25,0.005,269.09167786491065,4.415392592448223,-0.14829534121262014,0.0,262748.57279623725,6289.020673356914,20432539.375024702,401.9241860728478,312.8509640598626
-1.3928571428571428,0.25,0.015,269.09167786491065,4.415403551690403,-0.14832975759825834,0.0,262748.5686936931,6289.02067335584,20432537.93358109,401.9241797151568,312.8509615855031
-1.3928571428571428,0.27,-0.005,269.07988953519975,4.306657842206754,-0.1538081126402762,0.0,262744.76446456264,6289.02066200843,20431383.863019586,401.91908440993893,312.84897852965634
-1.3928571428571428,0.27,0.005,269.07988953519975,4.306647695459151,-0.15377179230612037,0.0,262744.7683751059,6289.020662009536,20431385.2363423,401.91909046747736,312.8489808872138
-1.3928571428571428,0.27,0.015,269.07988953519975,4.306657842206754,-0.1538081126402762,0.0,262744.76446456264,6289.02066200843,20431383.863019586,401.91908440993893,312.84897852965634
-1.3928571428571428,0.29,-0.005,269.06749435715636,4.1898718607673855,-0.1578696388090472,0.0,262740.7670076528,6289.020651166368,20430170.432587,401.91372730561324,312.8468935699395
-1.3928571428571428,0.29,0.005,269.06749435715636,4.189862559586718,-0.15783159130807636,0.0,262740.7707150882,6289.020651167502,20430171.733905956,401.913733045858,312.84689580402306
-1.3928571428571428,0.29,0.015,269.06749435715636,4.1898718607673855,-0.1578696388090472,0.0,262740.7670076528,6289.020651166368,20430170.432587,401.91372730561324,312.8468935699395
-1.3928571428571428,0.31,-0.005,269.0545521147016,4.06510969371172,-0.16042964074815855,0.0,262736.59629187157,6289.020641000449,20428903.500859957,401.9081342889945,312.8447167794451
-1.3928571428571428,0.31,0.005,269.0545521147016,4.065101265489578,-0.16039004937386195,0.0,262736.59978589613,6289.020641001607,20428904.726586916,401.9081396960986,312.8447188838862
-1.3928571428571428,0.31,0.015,269.0545521147016,4.06510969371172,-0.16042964074815855,0.0,262736.59629187157,6289.020641000449,20428903.500859957,401.9081342889945,312.8447167794451
-1.3928571428571428,0.33,-0.005,269.041124563857,3.9324392471484617,-0.1614075018158021,0.0,262732.2730163657,6289.020631658878,20427589.118476905,401.9023320867406,312.8424585583278
-1.3928571428571428,0.33,0.005,269.041124563857,3.9324317134841484,-0.1613665552065619,0.0,262732.2762875294,6289.020631660056,20427590.265335243,401.9023371462256,312.84246052748995
-1.3928571428571428,0.33,0.015,269.041124563857,3.9324392471484617,-0.1614075018158021,0.0,262732.2730163657,6289.020631658878,20427589.118476905,401.9023320867406,312.8424585583278
-1.3928571428571428,0.35000000000000003,-0.005,269.02727512969966,3.791930574096575,-0.16072675517556595,0.0,262727.81851113617,6289.020623263833,20426233.498327453,401.8963481329197,312.84012958230045
-1.3928571428571428,0.35000000000000003,0.005,269.02727512969966,3.7919239507197013,-0.1606846461397631,0.0,262727.82155088446,6289.020623265025,20426234.563366804,401.8963528317409,312.8401314111051
-1.3928571428571428,0.35000000000000003,0.015,269.02727512969966,3.791930574096575,-0.16072675517556595,0.0,262727.81851113617,6289.020623263833,20426233.498327453,401.8963481329197,312.84012958230045
-1.3928571428571428,0.37,-0.005,269.0130684626161,3.6436574450960486,-0.15831534070861394,0.0,262723.2546114476,6289.020615909629,20424842.972026292,401.89021037676264,312.8377407278463
-1.3928571428571428,0.37,0.005,269.0130684626161,3.6436517418274943,-0.15827226505522313,0.0,262723.2574121623,6289.020615910831,20424843.95263627,401.8902147033705,312.83774241179657
-1.3928571428571428,0.37,0.015,269.0130684626161,3.6436574450960486,-0.15831534070861394,0.0,262723.2546114476,6289.020615909629,20424842.972026292,401.89021037676264,312.8377407278463
-1.3928571428571428,0.39,-0.005,268.99857009023947,3.487695921730017,-0.15410567081655277,0.0,262718.6035468413,6289.020609660538,20423423.95574818,401.8839471314302,312.83530301338743
-1.3928571428571428,0.39,0.005,268.99857009023947,3.4876911425037767,-0.15406182619835396,0.0,262718.60610187595,6289.020609661747,20423424.849670142,401.8839510758226,312.83530454858834
-1.3928571428571428,0.39,0.015,268.99857009023947,3.487695921730017,-0.15410567081655277,0.0,262718.6035468413,6289.020609660538,20423423.95574818,401.8839471314302,312.83530301338743
-1.3928571428571428,0.41000000000000003,-0.005,268.98384605541685,3.3241238452439763,-0.14803468792065938,0.0,262713.88783051784,6289.0206045495115,20421982.914731253,401.8775869172316,312.8328275382875
-1.3928571428571428,0.41000000000000003,0.005,268.98384605541685,3.3241199881755725,-0.14799027270362516,0.0,262713.8901342285,6289.020604550721,20421983.720068205,401.8775904709984,312.8328289214636
-1.3928571428571428,0.41000000000000003,0.015,268.98384605541685,3.3241238452439763,-0.14803468792065938,0.0,262713.88783051784,6289.0206045495115,20421982.914731253,401.8775869172316,312.8328275382875
-1.3928571428571428,0.43,-0.005,268.96896244880185,3.1530232918562624,-0.14004427723808038,0.0,262709.13012911374,6289.0206005782675,20420526.317516964,401.87115826009745,312.8303254044329
-1.3928571428571428,0.43,0.005,268.96896244880185,3.153020349287093,-0.13999948938310539,0.0,262709.1321768889,6289.020600579474,20420527.03274321,401.87116141646385,312.830326632945
-1.3928571428571428,0.43,0.015,268.96896244880185,3.1530232918562624,-0.14004427723808038,0.0,262709.13012911374,6289.0206005782675,20420526.317516964,401.87115826009745,312.8303254044329
-1.3928571428571428,0.45,-0.005,268.953985143173,2.974479469943808,-0.13008138320775756,0.0,262704.3531761904,6289.020597718217,20419060.60996902,401.86468957758615,312.82780767187535
-1.3928571428571428,0.45,0.005,268.953985143173,2.9744774285864186,-0.13003641918734266,0.0,262704.3549644715,6289.020597719414,20419061.233936276,401.86469233144015,312.82780874373134
-1.3928571428571428,0.45,0.015,268.953985143173,2.974479469943808,-0.13008138320775756,0.0,262704.3531761904,6289.020597718217,20419060.60996902,401.86468957758615,312.82780767187535
-1.3928571428571428,0.47000000000000003,-0.005,268.9389794421247,2.7885792923490156,-0.11809796100664136,0.0,262699.579661075,6289.020595910879,20417592.180902254,401.8582090275235,312.8252852999248
-1.3928571428571428,0.47000000000000003,0.005,268.9389794421247,2.788578133450583,-0.11805301477323822,0.0,262699.58118737396,6289.020595912064,20417592.712844558,401.8582113754385,312.82528621378844
-1.3928571428571428,0.47000000000000003,0.015,268.9389794421247,2.7885792923490156,-0.11809796100664136,0.0,262699.579661075,6289.020595910879,20417592.180902254,401.8582090275235,312.8252852999248
-1.3928571428571428,0.49,-0.005,268.92400984020736,2.595407460160656,-0.10405054347846047,0.0,262694.8321443271,6289.020595069447,20416127.338662814,401.8517444053872,312.8227691072083
-1.3928571428571428,0.49,0.005,268.92400984020736,2.5954071599187443,-0.10400580552579028,0.0,262694.8334072354,6289.020595070617,20416127.778198138,401.85174634563015,312.8227698624024
-1.3928571428571428,0.49,0.015,268.92400984020736,2.595407460160656,-0.10405054347846047,0.0,262694.8321443271,6289.020595069447,20416127.338662814,401.8517444053872,312.8227691072083
-1.3928571428571428,0.51,-0.005,268.90913953205273,2.395055197588539,-0.08790122749712595,0.0,262690.13293848134,6289.020595083483,20414672.263245653,401.8453229351336,312.82026969024736
-1.3928571428571428,0.51,0.005,268.90913953205273,2.395055727089756,-0.08785688391878052,0.0,262690.1339376808,6289.020595084635,20414672.61037877,401.84532446767827,312.82027028675924
-1.3928571428571428,0.51,0.015,268.90913953205273,2.395055197588539,-0.08790122749712595,0.0,262690.13293848134,6289.020595083483,20414672.263245653,401.8453229351336,312.82026969024736
-1.3928571428571428,0.53,-0.005,268.8944302197117,2.1876159415903125,-0.06961743201551401,0.0,262685.50403320056,6289.020595822849,20413232.987583093,401.838971188261,312.81779739194246
-1.3928571428571428,0.53,0.005,268.8944302197117,2.1876172671090357,-0.06957366363951693,0.0,262685.5047694648,6289.020595823979,20413233.24270435,401.8389723147836,312.81779783042197
-1.3928571428571428,0.53,0.015,268.8944302197117,2.1876159415903125,-0.06961743201551401,0.0,262685.50403320056,6289.020595822849,20413232.987583093,401.838971188261,312.81779739194246
-1.3928571428571428,0.55,-0.005,268.8799418706509,1.9731834559058907,-0.04917170217995946,0.0,262680.96701700287,6289.020597144017,20411815.374083575,401.83271498296745,312.81536226230395
-1.3928571428571428,0.55,0.005,268.8799418706509,1.9731855392200248,-0.049128683776452624,0.0,262680.96749219194,6289.020597145128,20411815.537965756,401.83271570683297,312.8153625440583
-1.3928571428571428,0.55,0.015,268.8799418706509,1.9731834559058907,-0.04917170217995946,0.0,262680.96701700287,6289.020597144017,20411815.374083575,401.83271498296745,312.81536226230395
-1.3928571428571428,0.57,-0.005,268.86573244520605,1.7518518266443428,-0.02654169915603031,0.0,262676.5429935871,6289.020598890786,20410425.088011473,401.82657926659476,312.8129740126727
-1.3928571428571428,0.57,0.005,268.86573244520605,1.7518546254778289,-0.02649959873084098,0.0,262676.5432106393,6289.020598891873,20410425.16180498,401.82657959283733,312.81297413965905
-1.3928571428571428,0.57,0.015,268.86573244520605,1.7518518266443428,-0.02654169915603031,0.0,262676.5429935871,6289.020598890786,20410425.088011473,401.82657926659476,312.8129740126727
-1.3928571428571428,0.59,-0.005,268.8518576807739,1.523719359141625,-0.0017107101233980195,0.0,262672.2525183181,6289.020600890802,20409067.57629454,401.8205880199662,312.8106419784588
-1.3928571428571428,0.59,0.005,268.8518576807739,1.523722827211292,-0.0016696882280379326,0.0,262672.2524812344,6289.020600891868,20409067.5615207,401.82058795525967,312.81064195327235
-1.3928571428571428,0.59,0.015,268.8518576807739,1.523719359141625,-0.0017107101233980195,0.0,262672.2525183181,6289.020600890802,20409067.57629454,401.8205880199662,312.8106419784588
-1.3928571428571428,0.61,-0.005,268.8383708671088,1.2888845363650532,0.025332820557152143,0.0,262668.11552989925,6289.020602986003,20407748.046523444,401.8147641786679,312.8083750884703
-1.3928571428571428,0.61,0.005,268.8383708671088,1.2888886238708772,0.025372611393686878,0.0,262668.115243724,6289.02060298705,20407747.945066072,401.8147637312895,312.8083749143307
-1.3928571428571428,0.61,0.015,268.8383708671088,1.2888845363650532,0.025332820557152143,0.0,262668.11552989925,6289.020602986003,20407748.046523444,401.8147641786679,312.8083750884703
-1.3928571428571428,0.63,-0.005,268.82532272205447,1.0474463849702147,0.054595277296551954,0.0,262664.15130749135,6289.02060503095,20406471.454780478,401.8091295779383,312.80618184342967
-1.3928571428571428,0.63,0.005,268.82532272205447,1.04745103888529,0.05463369308983429,0.0,262664.15077828575,6289.020605031979,20406471.268874884,401.8091287577204,312.8061815241621
-1.3928571428571428,0.63,0.015,268.82532272205447,1.0474463849702147,0.054595277296551954,0.0,262664.15130749135,6289.02060503095,20406471.454780478,401.8091295779383,312.80618184342967
-1.3928571428571428,0.65,-0.005,268.8127611776401,0.7995095323372564,0.086077211039033,0.0,262660.3784111506,6289.020606905062,20405242.485133406,401.80370486736194,312.8040702827341
-1.3928571428571428,0.65,0.005,268.8127611776401,0.7995146966806093,0.0861141168012952,0.0,262660.3776459615,6289.020606906079,20405242.217354096,401.8037036856384,312.8040698227484
-1.3928571428571428,0.65,0.015,268.8127611776401,0.7995095323372564,0.086077211039033,0.0,262660.3784111506,6289.020606905062,20405242.485133406,401.80370486736194,312.8040702827341
-1.3928571428571428,0.67,-0.005,268.80073120564197,0.5451737175626002,0.11977469543784519,0.0,262656.8146162213,6289.02060852249,20404065.532917887,401.7985094411175,312.80204795726786
-1.3928571428571428,0.67,0.005,268.80073120564197,0.5451793339509144,0.11980996554024081,0.0,262656.8136230498,6289.020608523499,20404065.186165843,401.7985079106681,312.80204736153684
-1.3928571428571428,0.67,0.015,268.80073120564197,0.5451737175626002,0.11977469543784519,0.0,262656.8146162213,6289.02060852249,20404065.532917887,401.7985094411175,312.80204795726786
-1.3928571428571428,0.69,-0.005,268.7892749277686,0.284548748201521,0.15567734367075842,0.0,262653.4769529769,6289.0206098471335,20402944.716036525,401.7935614943645,312.80012195131457
-1.3928571428571428,0.69,0.005,268.7892749277686,0.2845547560357052,0.1557108621697649,0.0,262653.47574072913,6289.020609848143,20402944.293520443,401.79355962933255,312.80012122534197
-1.3928571428571428,0.69,0.015,268.7892749277686,0.284548748201521,0.15567734367075842,0.0,262653.4769529769,6289.0206098471335,20402944.716036525,401.7935614943645,312.80012195131457
-1.3928571428571428,0.7099999999999999,-0.005,268.77843165111324,0.017754705463051995,0.19376871153878206,0.0,262650.38169240416,6289.020610885414,20401883.87823773,401.7888780336217,312.7982988865606
-1.3928571428571428,0.7099999999999999,0.005,268.77843165111324,0.01776104281800054,0.19380037235527603,0.0,262650.38027085876,6289.0206108864295,20401883.38346127,401.7888758494577,312.7982980363594
-1.3928571428571428,0.7099999999999999,0.015,268.77843165111324,0.017754705463051995,0.19376871153878206,0.0,262650.38169240416,6289.020610885414,20401883.87823773,401.7888780336217,312.7982988865606
-1.3928571428571428,0.73,-0.005,268.7682392926768,-0.2550064890232386,0.23401767373961221,0.0,262647.54493882676,6289.020612266599,20400886.74665184,401.78447584847004,312.7965853003044
-1.3928571428571428,0.73,0.005,268.7682392926768,-0.25499988269539986,0.23404738053935473,0.0,262647.5433185873,6289.020612267639,20400886.1833951,401.7844733618536,312.79658433236614
-1.3928571428571428,0.73,0.015,268.7682392926768,-0.2550064890232386,0.23401767373961221,0.0,262647.54493882676,6289.020612266599,20400886.74665184,401.78447584847004,312.7965853003044
-1.3928571428571428,0.75,-0.005,268.7587287719488,-0.5336725706535893,0.2764105589809975,0.0,262644.9807196235,6289.020614424864,20399956.357670818,401.7803685858584,312.79498650657246
-1.3928571428571428,0.75,0.005,268.7587287719488,-0.5336657590862149,0.27643822617968955,0.0,262644.9789120347,6289.020614425945,20399955.72996087,401.78036581456445,312.79498542781533
-1.3928571428571428,0.75,0.015,268.7587287719488,-0.5336725706535893,0.2764105589809975,0.0,262644.9807196235,6289.020614424864,20399956.357670818,401.7803685858584,312.79498650657246
-1.3928571428571428,0.77,-0.005,268.7499295510981,-0.8181343917581738,0.3209183452364233,0.0,262642.7024485107,6289.020617281281,20399095.58912004,401.7765689475866,312.79350745146564
-1.3928571428571428,0.77,0.005,268.7499295510981,-0.8181274395722492,0.3209438976183112,0.0,262642.70046562736,6289.020617282424,20399094.901218563,401.7765659104308,312.79350626921325
-1.3928571428571428,0.77,0.015,268.7499295510981,-0.8181343917581738,0.3209183452364233,0.0,262642.7024485107,6289.020617281281,20399095.58912004,401.7765689475866,312.79350745146564
-1.3928571428571428,0.7900000000000001,-0.005,268.74186771857654,-1.108271185861191,0.36750514736031425,0.0,262640.72276935924,6289.0206212857,20398307.005314622,401.77308850240524,312.79215263998884
-1.3928571428571428,0.7900000000000001,0.005,268.74186771857654,-1.1082641579890649,0.36752852008783915,0.0,262640.7206238827,6289.020621286922,20398306.26169438,401.77308521914125,312.7921513619301
-1.3928571428571428,0.7900000000000001,0.015,268.74186771857654,-1.108271185861191,0.36750514736031425,0.0,262640.72276935924,6289.0206212857,20398307.005314622,401.77308850240524,312.79215263998884
-1.3928571428571428,0.8099999999999999,-0.005,268.73456537492905,-1.403974814796343,0.4161315661981213,0.0,262639.0532809513,6289.0206271399165,20397592.788361285,401.76993725010556,312.79092596633734
-1.3928571428571428,0.8099999999999999,0.005,268.73456537492905,-1.4039677764447482,0.4161527048547265,0.0,262639.0509861708,6289.0206271412435,20397591.99368447,401.76993374132945,312.79092460048935
-1.3928571428571428,0.8099999999999999,0.015,268.73456537492905,-1.403974814796343,0.4161315661981213,0.0,262639.0532809513,6289.0206271399165,20397592.788361285,401.76993725010556,312.79092596633734
-1.3928571428571428,0.8299999999999998,-0.005,268.72804150420046,-1.7051312474803202,0.4667510952244897,0.0,262637.70473692735,6289.020635739732,20396954.821641203,401.76712396204186,312.78983084642255
-1.3928571428571428,0.8299999999999998,0.005,268.72804150420046,-1.7051242635464643,0.4667699557236202,0.0,262637.70230665733,6289.020635741196,20396953.98073642,401.76712024909125,312.7898294010912
-1.3928571428571428,0.8299999999999998,0.015,268.72804150420046,-1.7051312474803202,0.4667510952244897,0.0,262637.70473692735,6289.020635739732,20396954.821641203,401.76712396204186,312.78983084642255
-1.3928571428571428,0.85,-0.005,268.72231186062663,-2.0116216608457904,0.5193105751772789,0.0,262636.68700500857,6289.020648191436,20396394.679266404,401.76465614201237,312.78887020262056
-1.3928571428571428,0.85,0.005,268.72231186062663,-2.011614795602635,0.5193271236750522,0.0,262636.68445352366,6289.020648193073,20396393.79710525,401.7646522468629,312.7888686863605
-1.3928571428571428,0.85,0.015,268.72231186062663,-2.0116216608457904,0.5193105751772789,0.0,262636.68700500857,6289.020648191436,20396394.679266404,401.76465614201237,312.78887020262056
-1.3928571428571428,0.87,-0.005,268.71738900650246,-2.323325290255567,0.5737508550263665,0.0,262636.0090734381,6289.020665824899,20395913.630217846,401.76254005041216,312.7880464731532
-1.3928571428571428,0.87,0.005,268.71738900650246,-2.3233186069379106,0.5737650677801847,0.0,262636.00641540816,6289.020665826756,20395912.7118915,401.7625359955746,312.78804489472736
-1.3928571428571428,0.87,0.015,268.71738900650246,-2.323325290255567,0.5737508550263665,0.0,262636.0090734381,6289.020665824899,20395913.630217846,401.76254005041216,312.7880464731532
-1.3928571428571428,0.89,-0.005,268.7132822843976,-2.6401197864266495,0.6300069621116349,0.0,262635.6790518291,6289.020690242953,20395512.637188766,401.7607807223516,312.7873616191228
-1.3928571428571428,0.89,0.005,268.7132822843976,-2.6401133469353413,0.6300188253269128,0.0,262635.6763022521,6289.020690245081,20395511.687883887,401.76077653076555,312.7873599874614
-1.3928571428571428,0.89,0.015,268.7132822843976,-2.6401197864266495,0.6300069621116349,0.0,262635.6790518291,6289.020690242953,20395512.637188766,401.7607807223516,312.7873616191228
-1.3928571428571428,0.91,-0.005,268.70999781187584,-2.9618827912928474,0.6880084052555375,0.0,262635.70418148325,6289.020723367674,20395192.357529745,401.75938199365964,312.7868171346199
-1.3928571428571428,0.91,0.005,268.70999781187584,-2.9618766558524734,0.6880179148923424,0.0,262635.70135561854,6289.02072337014,20395191.382504687,401.7593776885891,312.78681545877936
-1.3928571428571428,0.91,0.015,268.70999781187584,-2.9618827912928474,0.6880084052555375,0.0,262635.70418148325,6289.020723367674,20395192.357529745,401.75938199365964,312.7868171346199
-1.3928571428571428,0.9299999999999999,-0.005,268.70753854833794,-3.288487245617857,0.7476782239456332,0.0,262636.0908432418,6289.0207674756675,20394953.15090221,401.7583465513137,312.78641406634205
-1.3928571428571428,0.9299999999999999,0.005,268.70753854833794,-3.2884814724624634,0.7476853855056952,0.0,262636.08795654296,6289.020767478552,20394952.155463316,401.7583421562429,312.78641235546485
-1.3928571428571428,0.9299999999999999,0.015,268.70753854833794,-3.288487245617857,0.7476782239456332,0.0,262636.0908432418,6289.0207674756675,20394953.15090221,401.7583465513137,312.78641406634205
-1.3928571428571428,0.9500000000000001,-0.005,268.7059043236007,-3.619803928910028,0.8089334138453663,0.0,262636.8445662466,6289.0208252184275,20394795.082719576,401.75767595822634,312.7861530232344
-1.3928571428571428,0.9500000000000001,0.005,268.7059043236007,-3.6197985739573557,0.8089382421336946,0.0,262636.8416342948,6289.020825221823,20394794.072197642,401.7576714967564,312.7861512865084
-1.3928571428571428,0.9500000000000001,0.015,268.7059043236007,-3.619803928910028,0.8089334138453663,0.0,262636.8445662466,6289.0208252184275,20394795.082719576,401.75767595822634,312.7861530232344
-1.3928571428571428,0.97,-0.005,268.7050919320714,-3.955697602020514,0.8716840743668166,0.0,262637.97004437546,6289.020899668907,20394717.93481907,401.757370722525,312.78603420345246
-1.3928571428571428,0.97,0.005,268.7050919320714,-3.9556927185724446,0.8716865932283233,0.0,262637.9670828155,6289.020899672925,20394716.914547082,401.7573662182764,312.7860324500732
-1.3928571428571428,0.97,0.015,268.7050919320714,-3.955697602020514,0.8716840743668166,0.0,262637.97004437546,6289.020899668907,20394717.93481907,401.757370722525,312.78603420345246
-1.3928571428571428,0.99,-0.005,268.7050996458616,-4.29490392499955,0.9356057113137001,0.0,262639.47320728755,6289.021008877013,20394722.10299726,401.75744120160937,312.7860616390068
-1.3928571428571428,0.99,0.005,268.7050996458616,-4.29489954616902,0.9356059734654895,0.0,262639.4702263542,6289.021008881946,20394721.076414958,401.7574366699266,312.78605987494836
-1.3928571428571428,0.99,0.015,268.7050996458616,-4.29490392499955,0.9356057113137001,0.0,262639.47320728755,6289.021008877013,20394722.10299726,401.75744120160937,312.7860616390068
-1.3928571428571428,1.01,-0.005,268.70532610498236,3.619712531806791e-06,-7.885214144419445e-07,0.0,262639.5308616099,6289.0450390116775,20395493.984645642,401.7723079557763,312.7918488006006
-1.3928571428571428,1.01,0.005,268.70555256410313,4.29490392499955,-0.9356057113137,0.0,262639.58851583506,6289.020977446616,20394765.43445111,401.7576175946341,312.7861303039122
-1.3928571428571428,1.01,0.015,268.70532610498236,3.619712531806791e-06,-7.885214144419445e-07,0.0,262639.5308616099,6289.0450390116775,20395493.984645642,401.7723079557763,312.7918488006006
-1.3214285714285714,-0.01,-0.005,269.1892160674647,5.094918320153984,0.0,0.0,262779.37526481284,6289.020842614691,20442089.94214716,401.96637991047714,312.8673851124051
-1.3214285714285714,-0.01,0.005,269.1892160674647,5.094918320153984,0.00778446477135753,0.0,262779.37526481284,6289.020842539315,20442089.939790033,401.96637986412736,312.8673850943671
-1.3214285714285714,-0.01,0.015,269.1892160674647,5.094918320153984,0.0,0.0,262779.37526481284,6289.020842614691,20442089.94214716,401.96637991047714,312.8673851124051
-1.3214285714285714,0.01,-0.005,269.18921606746466,5.094918320153984,-0.00778446477135753,0.0,262779.37526481284,6289.020842539315,20442089.939790033,401.96637986412736,312.8673850943671
-1.3214285714285714,0.01,0.005,269.18921606746466,5.094902542142361,-0.007782762792634804,0.0,262779.3805109573,6289.020842540099,20442091.787935857,401.9663880123995,312.867388265439
-1.3214285714285714,0.01,0.015,269.18921606746466,5.094918320153984,-0.00778446477135753,0.0,262779.37526481284,6289.020842539315,20442089.939790033,401.96637986412736,312.8673850943671
-1.3214285714285714,0.029999999999999995,-0.005,269.1881121717326,5.086211721212491,-0.023294367367079332,0.0,262779.0189810498,6289.020840510559,20441981.829720516,401.9659022717868,312.867199229182
-1.3214285714285714,0.029999999999999995,0.005,269.1881121717326,5.08619602369537,-0.023289393592709803,0.0,262779.024201008,6289.020840511346,20441983.668618053,401.96591037932114,312.8672023844018
-1.3214285714285714,0.029999999999999995,0.015,269.1881121717326,5.086211721212491,-0.023294367367079332,0.0,262779.0189810498,6289.020840510559,20441981.829720516,401.9659022717868,312.867199229182
-1.3214285714285714,0.049999999999999996,-0.005,269.1859093598508,5.0689641904686855,-0.0386183028862544,0.0,262778.30895024183,6289.02083669037,20441766.09779568,401.96494934686956,312.8668283779171
-1.3214285714285714,0.049999999999999996,0.005,269.1859093598508,5.0689486525054335,-0.03861004157009304,0.0,262778.314138058,6289.020836691172,20441767.92521985,401.9649574038941,312.86683151348365
-1.3214285714285714,0.049999999999999996,0.015,269.1859093598508,5.0689641904686855,-0.0386183028862544,0.0,262778.30895024183,6289.02083669037,20441766.09779568,401.96494934686956,312.8668283779171
-1.3214285714285714,0.07,-0.005,269.18261891508575,5.043206687698582,-0.05363391711782608,0.0,262777.248960683,6289.020831122652,20441443.85408544,401.9635259927493,312.8662744481724
-1.3214285714285714,0.07,0.005,269.18261891508575,5.043191387171689,-0.0536224113287841,0.0,262777.2541004061,6289.020831123477,20441445.664346818,401.9635339742154,312.8662775543393
-1.3214285714285714,0.07,0.015,269.18261891508575,5.043206687698582,-0.05363391711782608,0.0,262777.248960683,6289.020831122652,20441443.85408544,401.9635259927493,312.8662744481724
-1.3214285714285714,0.09,-0.005,269.1782577602417,5.008960514680256,-0.0682197757833575,0.0,262775.84457326937,6289.020823938807,20441016.76025531,401.9616395809607,312.8655403077808
-1.3214285714285714,0.09,0.005,269.1782577602417,5.008945527683062,-0.0682050853776269,0.0,262775.8496491146,6289.020823939658,20441018.547727488,401.96164746209473,312.8655433749084
-1.3214285714285714,0.09,0.015,269.1782577602417,5.008960514680256,-0.0682197757833575,0.0,262775.84457326937,6289.020823938807,20441016.76025531,401.9616395809607,312.8655403077808
-1.3214285714285714,0.11,-0.005,269.1728483412005,4.966249784472843,-0.08225566511386463,0.0,262774.1031380971,6289.020815301108,20440487.019875087,401.95929988190056,312.864629757863
-1.3214285714285714,0.11,0.005,269.1728483412005,4.96623518477011,-0.08223786631761244,0.0,262774.10813449696,6289.020815301994,20440488.77901384,401.9593076382883,312.86463277645134
-1.3214285714285714,0.11,0.015,269.1728483412005,4.966249784472843,-0.08225566511386463,0.0,262774.1031380971,6289.020815301108,20440487.019875087,401.95929988190056,312.864629757863
-1.3214285714285714,0.13,-0.005,269.1664184196404,4.915103642298623,-0.09562289113695074,0.0,262772.03374355857,6289.02080539828,20439857.35795096,401.9565189730424,312.8635474971398
-1.3214285714285714,0.13,0.005,269.1664184196404,4.915089500795585,-0.09560207598785354,0.0,262772.03864521865,6289.020805399203,20439859.083315212,401.9565265807198,312.86355045786416
-1.3214285714285714,0.13,0.015,269.1664184196404,4.915103642298623,-0.09562289113695074,0.0,262772.03374355857,6289.02080539828,20439857.35795096,401.9565189730424,312.8635474971398
-1.3214285714285714,0.15,-0.005,269.15900088881233,4.8555559879037835,-0.1082045735971134,0.0,262769.64715877146,6289.020794440787,20439131.002700124,401.9533111570227,312.8622990900925
-1.3214285714285714,0.15,0.005,269.15900088881233,4.8555423721130735,-0.10818084927093165,0.0,262769.65195072803,6289.0207944417525,20439132.688973326,401.9533185925703,312.86230198383964
-1.3214285714285714,0.15,0.015,269.15900088881233,4.8555559879037835,-0.1082045735971134,0.0,262769.64715877146,6289.020794440787,20439131.002700124,401.9533111570227,312.8622990900925
-1.3214285714285714,0.17,-0.005,269.1506335309527,4.787645484973089,-0.11988592941527132,0.0,262766.955760375,6289.020782655589,20438311.661589436,401.94969285427743,312.86089092522377
-1.3214285714285714,0.17,0.005,269.1506335309527,4.7876324585416805,-0.1198594174501374,0.0,262766.96042805247,6289.0207826566,20438313.303600885,401.94970009491357,312.8608937431285
-1.3214285714285714,0.17,0.015,269.1506335309527,4.787645484973089,-0.11988592941527132,0.0,262766.955760375,6289.020782655589,20438311.661589436,401.94969285427743,312.86089092522377
-1.3214285714285714,0.19,-0.005,269.1413587523968,4.7114153388652475,-0.13055454686738563,0.0,262763.97345137456,6289.02077028054,20437403.49517468,401.9456824858877,312.8593301695132
-1.3214285714285714,0.19,0.005,269.1413587523968,4.7114029611192,-0.13052538229402377,0.0,262763.97798064386,6289.020770281598,20437405.08792098,401.94568950956227,312.85933290299465
-1.3214285714285714,0.19,0.015,269.1413587523968,4.7114153388652475,-0.13055454686738563,0.0,262763.97345137456,6289.02077028054,20437403.49517468,401.9456824858877,312.8593301695132
-1.3214285714285714,0.20999999999999996,-0.005,269.1312232611557,4.6269135781767945,-0.14010070061148763,0.0,262760.7155656913,6289.020757558584,20436411.085298672,401.9413003315208,312.8576247131836
-1.3214285714285714,0.20999999999999996,0.005,269.1312232611557,4.626901903719426,-0.14006903099641035,0.0,262760.71994292905,6289.02075755969,20436412.623965193,401.9413071170101,312.8576273539822
-1.3214285714285714,0.20999999999999996,0.015,269.1312232611557,4.6269135781767945,-0.14010070061148763,0.0,262760.7155656913,6289.020757558584,20436411.085298672,401.9413003315208,312.8576247131836
-1.3214285714285714,0.23000000000000004,-0.005,269.1202777733682,4.5341924487663166,-0.14841761456518823,0.0,262757.19877635164,6289.020744732233,20435339.40612217,401.93656840002234,312.85578311939264
-1.3214285714285714,0.23000000000000004,0.005,269.1202777733682,4.534181527104581,-0.1483835989764494,0.0,262757.2029884975,6289.020744733385,20435340.88610388,401.9365749270208,312.85578565960583
-1.3214285714285714,0.23000000000000004,0.015,269.1202777733682,4.5341924487663166,-0.14841761456518823,0.0,262757.19877635164,6289.020744732233,20435339.40612217,401.93656840002234,312.85578311939264
-1.3214285714285714,0.25,-0.005,269.10857665439585,4.433308525427316,-0.15540172530070964,0.0,262753.44098824536,6289.020732037887,20434193.788752127,401.9315102717245,312.85381456291776
-1.3214285714285714,0.25,0.005,269.10857665439585,4.433298400648181,-0.1553655332100411,0.0,262753.4450228587,6289.0207320390855,20434195.205673967,401.9315165209337,312.85381699503483
-1.3214285714285714,0.25,0.015,269.10857665439585,4.433308525427316,-0.15540172530070964,0.0,262753.44098824536,6289.020732037887,20434193.788752127,401.9315102717245,312.85381456291776
-1.3214285714285714,0.27,-0.005,269.096177555239,4.324322455232258,-0.16095292938979233,0.0,262749.4612277011,6289.020719700752,20432979.885431238,401.9261509390866,312.85172876819195
-1.3214285714285714,0.27,0.005,269.096177555239,4.324313165729365,-0.16091473952114294,0.0,262749.4650730161,6289.020719701993,20432981.23516781,401.9261568923028,312.8517310851275
-1.3214285714285714,0.27,0.015,269.096177555239,4.324322455232258,-0.16095292938979233,0.0,262749.4612277011,6289.020719700752,20432979.885431238,401.9261509390866,312.85172876819195
-1.3214285714285714,0.29,-0.005,269.08314104210297,4.2072984244744855,-0.1649747841741506,0.0,262745.27952863363,6289.020707929637,20431703.633055996,401.9205166442951,312.84953594615325
-1.3214285714285714,0.29,0.005,269.08314104210297,4.2072900027285645,-0.16493478331155512,0.0,262745.2831736127,6289.020707930916,20431704.91175033,401.92052228449165,312.8495381412799
-1.3214285714285714,0.29,0.015,269.08314104210297,4.2072984244744855,-0.1649747841741506,0.0,262745.27952863363,6289.020707929637,20431703.633055996,401.9205166442951,312.84953594615325
-1.3214285714285714,0.31,-0.005,269.06953018484734,4.082304725551166,-0.16737477872232298,0.0,262740.916811995,6289.020696912899,20430371.212709513,401.91463469977907,312.8472467244432
-1.3214285714285714,0.31,0.005,269.06953018484734,4.082297197951774,-0.16733316048664013,0.0,262740.92024638,6289.020696914215,20430372.416790977,401.91464001118646,312.8472487916224
-1.3214285714285714,0.31,0.015,269.06953018484734,4.082304725551166,-0.16737477872232298,0.0,262740.916811995,6289.020696912899,20430371.212709513,401.91463469977907,312.8472467244432
-1.3214285714285714,0.33,-0.005,269.05541013054585,3.9494139796532495,-0.16806463274300004,0.0,262736.3947588945,6289.0206868146115,20428989.007748496,401.90853330238065,312.84487207513104
-1.3214285714285714,0.33,0.005,269.05541013054585,3.949407366349487,-0.16802159633996622,0.0,262736.39797325607,6289.020686815958,20428990.133950002,401.908538270562,312.84487400874275
-1.3214285714285714,0.33,0.015,269.05541013054585,3.9494139796532495,-0.16806463274300004,0.0,262736.3947588945,6289.0206868146115,20428989.007748496,401.90853330238065,312.84487207513104
-1.3214285714285714,0.35000000000000003,-0.005,269.0408477707735,3.8087008039835513,-0.16696032020373897,0.0,262731.73569970013,6289.020677770696,20427563.5710706,401.90224138791825,312.84242325815416
-1.3214285714285714,0.35000000000000003,0.005,269.0408477707735,3.8086951188676816,-0.166916069171355,0.0,262731.7386854816,6289.020677772066,20427564.616443448,401.90224599983554,312.84242505312227
-1.3214285714285714,0.35000000000000003,0.015,269.0408477707735,3.8087008039835513,-0.16696032020373897,0.0,262731.73569970013,6289.020677770696,20427563.5710706,401.90224138791825,312.84242325815416
-1.3214285714285714,0.37,-0.005,269.0259112810075,3.6602438563984143,-0.16398239450997065,0.0,262726.9624855247,6289.020669887224,20426101.579937465,401.89578843179,312.83991174375114
-1.3214285714285714,0.37,0.005,269.0259112810075,3.6602391070678264,-0.16393713546998925,0.0,262726.96523508383,6289.020669888613,20426102.541865516,401.895792675867,312.83991339556826
-1.3214285714285714,0.37,0.015,269.0259112810075,3.6602438563984143,-0.16398239450997065,0.0,262726.9624855247,6289.020669887224,20426101.579937465,401.89578843179,312.83991174375114
-1.3214285714285714,0.39,-0.005,269.010669744432,3.504124181203776,-0.15905603732098653,0.0,262722.09836803225,6289.02066323798,20424609.799044486,401.88920428548766,312.837349148865
-1.3214285714285714,0.39,0.005,269.010669744432,3.504120369008946,-0.15900997874797926,0.0,262722.10087467934,6289.020663239383,20424610.675256666,401.88920815166625,312.83735065361435
-1.3214285714285714,0.39,0.015,269.010669744432,3.504124181203776,-0.15905603732098653,0.0,262722.09836803225,6289.02066323798,20424609.799044486,401.88920428548766,312.837349148865
-1.3214285714285714,0.41000000000000003,-0.005,268.99519276572704,3.340424617609872,-0.1521111264047516,0.0,262717.16688156634,6289.020657863279,20423095.0426574,401.882519009469,312.83474717212215
-1.3214285714285714,0.41000000000000003,0.005,268.99519276572704,3.340421737760657,-0.15206447742472953,0.0,262717.1691395973,6289.0206578646885,20423095.831238426,401.88252248925653,312.83474852649607
-1.3214285714285714,0.41000000000000003,0.015,268.99519276572704,3.340424617609872,-0.1521111264047516,0.0,262717.16688156634,6289.020657863279,20423095.0426574,401.882519009469,312.83474717212215
-1.3214285714285714,0.43,-0.005,268.97955001291143,3.1692329798145638,-0.1430827424846961,0.0,262712.1917179696,6289.020653770599,20421564.12977199,401.8757626759867,312.8321175171107
-1.3214285714285714,0.43,0.005,268.97955001291143,3.169231021329668,-0.14303571167573031,0.0,262712.19372269796,6289.0206537720105,20421564.829172783,401.8757657625034,312.83211871842923
-1.3214285714285714,0.43,0.015,268.97955001291143,3.1692329798145638,-0.1430827424846961,0.0,262712.1917179696,6289.020653770599,20421564.12977199,401.8757626759867,312.8321175171107
-1.3214285714285714,0.45,-0.005,268.96381089512977,2.990640256469719,-0.13191120138533388,0.0,262707.19662143016,6289.020650936074,20420023.85261654,401.8689652310523,312.8294718386673
-1.3214285714285714,0.45,0.005,268.96381089512977,2.9906392023981216,-0.13186399563613377,0.0,262707.19836921105,6289.020650937484,20420024.46166136,401.868967919063,312.82947288489015
-1.3214285714285714,0.45,0.015,268.96381089512977,2.990640256469719,-0.13191120138533388,0.0,262707.19662143016,6289.020650936074,20420023.85261654,401.8689652310523,312.8294718386673
-1.3214285714285714,0.47000000000000003,-0.005,268.9480442047698,2.8047392404329274,-0.11854201880674452,0.0,262702.2052756049,6289.020649305497,20418480.941655006,401.8621563406021,312.82682168300715
-1.3214285714285714,0.47000000000000003,0.005,268.9480442047698,2.8047390680472875,-0.1184948422252289,0.0,262702.20676385536,6289.020649306899,20418481.459547278,401.8621586265432,312.82682257274473
-1.3214285714285714,0.47000000000000003,0.015,268.9480442047698,2.8047392404329274,-0.11854201880674452,0.0,262702.2052756049,6289.020649305497,20418480.941655006,401.8621563406021,312.82682168300715
-1.3214285714285714,0.49,-0.005,268.93231779273646,2.6116202601524203,-0.10292547307550627,0.0,262697.2411926871,6289.020648792998,20416942.033771485,401.8553652494619,312.8241784328293
-1.3214285714285714,0.49,0.005,268.93231779273646,2.611620941461488,-0.10287852598938364,0.0,262697.24241990154,6289.020648794389,20416942.46009759,401.8553671314589,312.8241791653493
-1.3214285714285714,0.49,0.015,268.93231779273646,2.6116202601524203,-0.10292547307550627,0.0,262697.2411926871,6289.020648792998,20416942.033771485,401.8553652494619,312.8241784328293
-1.3214285714285714,0.51,-0.005,268.9166982130481,2.4113807387683113,-0.08501779555312887,0.0,262692.3276338713,6289.020649283993,20415413.637593757,401.8486206295939,312.82155324824237
-1.3214285714285714,0.51,0.005,268.9166982130481,2.411382240383015,-0.08497127348932662,0.0,262692.32859963,6289.020649285369,20415413.972325064,401.848622107471,312.8215538234737
-1.3214285714285714,0.51,0.015,268.9166982130481,2.4113807387683113,-0.08501779555312887,0.0,262692.3276338713,6289.020649283993,20415413.637593757,401.8486206295939,312.82155324824237
-1.3214285714285714,0.53,-0.005,268.9012504091883,2.2041204765331726,-0.06478074320293932,0.0,262687.48750073236,6289.020650644545,20413902.103111647,401.84195045023597,312.8189570162053
-1.3214285714285714,0.53,0.005,268.9012504091883,2.204122760015466,-0.06473483598564549,0.0,262687.4882057068,6289.0206506459035,20413902.346604574,401.8419515255177,312.8189574347386
-1.3214285714285714,0.53,0.015,268.9012504091883,2.2041204765331726,-0.06478074320293932,0.0,262687.48750073236,6289.020650644545,20413902.103111647,401.84195045023597,312.8189570162053
-1.3214285714285714,0.55,-0.005,268.8860374619218,1.9899395616944855,-0.042181390584647496,0.0,262682.74325256713,6289.020652726111,20412413.59717313,401.8353818716683,312.8164003091575
-1.3214285714285714,0.55,0.005,268.8860374619218,1.9899425839312237,-0.042136281505514635,0.0,262682.743698518,6289.020652727451,20412413.75016696,401.8353825475699,312.8164005722417
-1.3214285714285714,0.55,0.015,268.8860374619218,1.9899395616944855,-0.042181390584647496,0.0,262682.74325256713,6289.020652726111,20412413.59717313,401.8353818716683,312.8164003091575
-1.3214285714285714,0.57,-0.005,268.87112027797264,1.7689387563573444,-0.01719224001084037,0.0,262678.1168146117,6289.020655372194,20410954.073258292,401.8289411145335,312.8138933341293
-1.3214285714285714,0.57,0.005,268.87112027797264,1.768942469999105,-0.017148105071498852,0.0,262678.1170043842,6289.020655373515,20410954.136871748,401.8289413959477,312.8138934436663
-1.3214285714285714,0.57,0.015,268.87112027797264,1.7689387563573444,-0.01719224001084037,0.0,262678.1168146117,6289.020655372194,20410954.073258292,401.8289411145335,312.8138933341293
-1.3214285714285714,0.59,-0.005,268.856557459274,1.5412227946935737,0.010208312619771042,0.0,262673.6295405513,6289.020658423772,20409529.258893386,401.8226534063516,312.81144591189354
-1.3214285714285714,0.59,0.005,268.856557459274,1.5412271483069624,0.010251305426645808,0.0,262673.6294780579,6289.020658425076,20409529.234617174,401.8226532998153,312.81144587042525
-1.3214285714285714,0.59,0.015,268.856557459274,1.5412227946935737,0.010208312619771042,0.0,262673.6295405513,6289.020658423772,20409529.258893386,401.8226534063516,312.81144591189354
-1.3214285714285714,0.61,-0.005,268.8424049740931,1.3068970083793572,0.04003644005714088,0.0,262669.3021079622,6289.020661730906,20408144.6238704,401.81654284617775,312.8090674242522
-1.3214285714285714,0.61,0.005,268.8424049740931,1.3069019469195717,0.040078131343582825,0.0,262669.3017981673,6289.020661732196,20408144.51356002,401.8165423598416,312.80906723494894
-1.3214285714285714,0.61,0.015,268.8424049740931,1.3068970083793572,0.04003644005714088,0.0,262669.3021079622,6289.020661730906,20408144.6238704,401.81654284617775,312.8090674242522
-1.3214285714285714,0.63,-0.005,268.8287160664403,1.0660670468369133,0.07230291360987498,0.0,262665.15448751143,6289.020665161236,20406805.37169448,401.8106323702545,312.80676680063004
-1.3214285714285714,0.63,0.005,268.8287160664403,1.0660725120261692,0.07234315313259129,0.0,262665.1539364052,6289.020665162514,20406805.17755947,401.8106315138361,312.80676646727215
-1.3214285714285714,0.63,0.015,268.8287160664403,1.0660670468369133,0.07230291360987498,0.0,262665.15448751143,6289.020665161236,20406805.37169448,401.8106323702545,312.80676680063004
-1.3214285714285714,0.65,-0.005,268.8155410432518,0.8188442997484883,0.10701231154992687,0.0,262661.20588476595,6289.020668614194,20405516.419249725,401.80494366833034,312.8045524854637
-1.3214285714285714,0.65,0.005,268.8155410432518,0.8188502304001313,0.10705095867742248,0.0,262661.20509933383,6289.020668615467,20405516.14384138,401.80494245306045,312.8045520124208
-1.3214285714285714,0.65,0.015,268.8155410432518,0.8188442997484883,0.10701231154992687,0.0,262661.20588476595,6289.020668614194,20405516.419249725,401.80494366833034,312.8045524854637
-1.3214285714285714,0.67,-0.005,268.80292704582104,0.5653362104105484,0.1441644013223093,0.0,262657.47465983394,6289.020672032889,20404282.3748527,401.7994970917183,312.8024324023734
-1.3214285714285714,0.67,0.005,268.80292704582104,0.5653425428846443,0.14420132542502387,0.0,262657.47364802525,6289.020672034163,20404282.02105144,401.7994955302853,312.8024317945827
-1.3214285714285714,0.67,0.015,268.80292704582104,0.5653362104105484,0.1441644013223093,0.0,262657.47465983394,6289.020672032889,20404282.3748527,401.7994970917183,312.8024324023734
-1.3214285714285714,0.69,-0.005,268.7909181943996,0.3056587977783574,0.18375223547118708,0.0,262653.97837723274,6289.02067542566,20403107.553126656,401.7943117285071,312.800413983398
-1.3214285714285714,0.69,0.005,268.7909181943996,0.3056654664329319,0.18378731623145697,0.0,262653.9771479148,6289.020675426944,20403107.124124493,401.7943098349803,312.8004132463343
-1.3214285714285714,0.69,0.015,268.7909181943996,0.3056587977783574,0.18375223547118708,0.0,262653.97837723274,6289.02067542566,20403107.553126656,401.7943117285071,312.800413983398
-1.3214285714285714,0.71,-0.005,268.7795555166048,0.03993668119212989,0.2257624567952284,0.0,262650.73375562136,6289.020678840527,20401995.967242498,401.78940535639794,312.79850415059633
-1.3214285714285714,0.71,0.005,268.7795555166048,0.039943618995810656,0.22579558443356815,0.0,262650.7323185423,6289.020678841831,20401995.46652844,401.78940314616335,312.7985032902476
-1.3214285714285714,0.71,0.015,268.7795555166048,0.03993668119212989,0.2257624567952284,0.0,262650.73375562136,6289.020678840527,20401995.967242498,401.78940535639794,312.79850415059633
-1.3214285714285714,0.73,-0.005,268.7688778143018,-0.23163826509004481,0.2701665421099838,0.0,262647.7570485085,6289.020682794575,20400951.42718699,401.7847950806498,312.79670956433387
-1.3214285714285714,0.73,0.005,268.7688778143018,-0.2316311241794108,0.2701976172608916,0.0,262647.75541424914,6289.020682795917,20400950.858528454,401.7847925703313,312.7967085871698
-1.3214285714285714,0.73,0.015,268.7688778143018,-0.23163826509004481,0.2701665421099838,0.0,262647.7570485085,6289.020682794575,20400951.42718699,401.7847950806498,312.79670956433387
-1.3214285714285714,0.7500000000000001,-0.005,268.75891770810426,-0.5089825176841037,0.31695068143543303,0.0,262645.0628997867,6289.020688220908,20399977.151142385,401.78049559211746,312.7950359451725
-1.3214285714285714,0.7500000000000001,0.005,268.75891770810426,-0.5089752423236339,0.316979616115079,0.0,262645.0610796876,6289.020688222311,20399976.51855909,401.7804927994594,312.79503485809937
-1.3214285714285714,0.7500000000000001,0.015,268.75891770810426,-0.5089825176841037,0.31695068143543303,0.0,262645.0628997867,6289.020688220908,20399977.151142385,401.78049559211746,312.7950359451725
-1.3214285714285714,0.77,-0.005,268.74970613033514,-0.7919770896354184,0.3660866273788385,0.0,262642.66501447075,6289.020694929607,20399076.15709591,401.77652016182435,312.79348846097275
-1.3214285714285714,0.77,0.005,268.74970613033514,-0.7919697490894878,0.36611334462027695,0.0,262642.6630205919,6289.020694931094,20399075.464844685,401.77651710562253,312.7934872713064
-1.3214285714285714,0.77,0.015,268.74970613033514,-0.7919770896354184,0.3660866273788385,0.0,262642.66501447075,6289.020694929607,20399076.15709591,401.77652016182435,312.79348846097275
-1.3214285714285714,0.79,-0.005,268.74127021415217,-1.0804933521878124,0.41753916422711235,0.0,262640.57627967326,6289.020703465334,20398251.114327457,401.77288087034987,312.79207181615095
-1.3214285714285714,0.79,0.005,268.74127021415217,-1.0804860158227694,0.4175635980944434,0.0,262640.5741247325,6289.020703466927,20398250.366879478,401.77287757035253,312.7920705315782
-1.3214285714285714,0.79,0.015,268.74127021415217,-1.0804933521878124,0.41753916422711235,0.0,262640.57627967326,6289.020703465334,20398251.114327457,401.77288087034987,312.79207181615095
-1.3214285714285714,0.81,-0.005,268.73363300655444,-1.3744099135799581,0.4712684750324845,0.0,262638.8084970146,6289.020714641396,20397504.30082868,401.7695881970173,312.7907900917332
-1.3214285714285714,0.81,0.005,268.73363300655444,-1.3744026507970497,0.4712905706595365,0.0,262638.8061943256,6289.020714643127,20397503.50284631,401.7695846738238,312.7907887202723
-1.3214285714285714,0.81,0.015,268.73363300655444,-1.3744099135799581,0.4712684750324845,0.0,262638.8084970146,6289.020714641396,20397504.30082868,401.7695881970173,312.7907900917332
-1.3214285714285714,0.83,-0.005,268.726814169614,-1.6736006666146528,0.5272273925628749,0.0,262637.3725463375,6289.02072950407,20396837.67083261,401.766651300539,312.7896468545698
-1.3214285714285714,0.83,0.005,268.726814169614,-1.6735935462605596,0.5272471060437082,0.0,262637.37010974536,6289.020729505974,20396836.827146187,401.76664757549673,312.78964540453075
-1.3214285714285714,0.83,0.015,268.726814169614,-1.6736006666146528,0.5272273925628749,0.0,262637.3725463375,6289.02072950407,20396837.67083261,401.766651300539,312.7896468545698
-1.3214285714285714,0.85,-0.005,268.72082995151203,-1.9779350756114034,0.5853616345277793,0.0,262636.27835992025,6289.020749329101,20396252.851902217,401.7640780040266,312.7886451514747
-1.3214285714285714,0.85,0.005,268.72082995151203,-1.9779281656239522,0.5853789328101444,0.0,262636.27580373513,6289.02074933122,20396251.96748581,401.76407409912514,312.7886436314174
-1.3214285714285714,0.85,0.015,268.72082995151203,-1.9779350756114034,0.5853616345277793,0.0,262636.27835992025,6289.020749329101,20396252.851902217,401.7640780040266,312.7886451514747
-1.3214285714285714,0.8700000000000001,-0.005,268.7156931947099,-2.287280917592493,0.6456104828350638,0.0,262635.5349316089,6289.020775663782,20395751.147069447,401.76187482410086,312.78778752053347
-1.3214285714285714,0.8700000000000001,0.005,268.7156931947099,-2.287274284595349,0.6456253435639329,0.0,262635.5322705386,6289.020775666167,20395750.227016784,401.76187076186545,312.7877859392266
-1.3214285714285714,0.8700000000000001,0.015,268.7156931947099,-2.287280917592493,0.6456104828350638,0.0,262635.5349316089,6289.020775663782,20395751.147069447,401.76187482410086,312.78778752053347
-1.3214285714285714,0.89,-0.005,268.71141334071496,-2.6015042874188894,0.7079068629993034,0.0,262635.1503169873,6289.020810355235,20395333.53620707,401.7600469900935,312.78707599855835
-1.3214285714285714,0.89,0.005,268.71141334071496,-2.601497996393597,0.7079192743417734,0.0,262635.14756606903,6289.020810357946,20395332.585706964,401.7600427934771,312.78707436493727
-1.3214285714285714,0.89,0.015,268.71141334071496,-2.6015042874188894,0.7079068629993034,0.0,262635.1503169873,6289.020810355235,20395333.53620707,401.7600469900935,312.78707599855835
-1.3214285714285714,0.91,-0.005,268.7079964146974,-2.9204707430862826,0.7721775765160118,0.0,262635.13164144545,6289.0208556040225,20395000.676215112,401.75859847016585,312.7865121312395
-1.3214285714285714,0.91,0.005,268.7079964146974,-2.920464857030335,0.7721875369507478,0.0,262635.128815977,6289.020855607132,20394999.700527143,401.75859416244174,312.78651045436436
-1.3214285714285714,0.91,0.015,268.7079964146974,-2.9204707430862826,0.7721775765160118,0.0,262635.13164144545,6289.0208556040225,20395000.676215112,401.75859847016585,312.7865121312395
-1.3214285714285714,0.93,-0.005,268.70544510498956,-3.24404085799721,0.8383422517034544,0.0,262635.4851000619,6289.0209139728895,20394752.909086075,401.75753201089606,312.78609698854183
-1.3214285714285714,0.93,0.005,268.70544510498956,-3.2440354376014406,0.8383497697868934,0.0,262635.4822155336,6289.020913976483,20394751.91351644,401.75752761555196,312.7860952775565
-1.3214285714285714,0.93,0.015,268.70544510498956,-3.24404085799721,0.8383422517034544,0.0,262635.4851000619,6289.0209139728895,20394752.909086075,401.75753201089606,312.78609698854183
-1.3214285714285714,0.95,-0.005,268.7037587789233,-3.572072465151379,0.9063137347991251,0.0,262636.2159766482,6289.020988447929,20394590.265373062,401.75684918163006,312.7858311819611
-1.3214285714285714,0.95,0.005,268.7037587789233,-3.5720675684686505,0.9063188289039295,0.0,262636.21304867516,6289.020988452109,20394589.25525077,401.7568447222636,312.7858294460521
-1.3214285714285714,0.95,0.015,268.7037587789233,-3.572072465151379,0.9063137347991251,0.0,262636.2159766482,6289.020988447929,20394590.265373062,401.75684918163006,312.7858311819611
-1.3214285714285714,0.97,-0.005,268.70293357705447,-3.90441720434556,0.9759971904263001,0.0,262637.32866701763,6289.02108250271,20394512.475414466,401.7565504545739,312.7857148956948
-1.3214285714285714,0.97,0.005,268.70293357705447,-3.904412886484458,0.9759998884522509,0.0,262637.32571127545,6289.021082507596,20394511.45606883,401.7565459547945,312.7857131440535
-1.3214285714285714,0.97,0.015,268.70293357705447,-3.90441720434556,0.9759971904263001,0.0,262637.32866701763,6289.02108250271,20394512.475414466,401.7565504545739,312.7857148956948
-1.3214285714285714,0.9900000000000001,-0.005,268.70296834054807,-4.239898100520609,1.0470556955158443,0.0,262638.828684282,6289.021212363221,20394519.933743346,401.7566453121219,312.7857518211465
-1.3214285714285714,0.9900000000000001,0.005,268.70296834054807,-4.239894399308464,1.0470560550733388,0.0,262638.82571108954,6289.021212369041,20394518.908630576,401.7566407873166,312.78575005976353
-1.3214285714285714,0.9900000000000001,0.015,268.70296834054807,-4.239898100520609,1.0470556955158443,0.0,262638.828684282,6289.021212363221,20394519.933743346,401.7566453121219,312.7857518211465
-1.3214285714285714,1.01,-0.005,268.7031188654636,2.375129819575167e-06,-5.865455127466323e-07,0.0,262638.8628661885,6289.044928262829,20395274.574114483,401.77128609108865,312.79145102412144
-1.3214285714285714,1.01,0.005,268.7032693903791,4.239898100520655,-1.0470556955158556,0.0,262638.89704805677,6289.0211708648285,20394548.091994166,401.75674989147245,312.78579253102527
-1.3214285714285714,1.01,0.015,268.7031188654636,2.375129819575167e-06,-5.865455127466323e-07,0.0,262638.8628661885,6289.044928262829,20395274.574114483,401.77128609108865,312.79145102412144
-1.25,-0.01,-0.005,269.2094376475309,5.11813554161301,0.0,0.0,262785.231685052,6289.020925447063,20444072.004555207,401.9751573919092,312.8708010357375
-1.25,-0.01,0.005,269.2094376475309,5.11813554161301,0.008240021971710983,0.0,262785.231685052,6289.020925362608,20444072.001913924,401.9751573399758,312.87080101552675
-1.25,-0.01,0.015,269.2094376475309,5.11813554161301,0.0,0.0,262785.231685052,6289.020925447063,20444072.004555207,401.9751573919092,312.8708010357375
-1.25,0.01,-0.005,269.2094376475308,5.11813554161301,-0.008240021971710983,0.0,262785.231685052,6289.020925362608,20444072.001913924,401.9751573399758,312.87080101552675
-1.25,0.01,0.005,269.2094376475308,5.118120541953822,-0.00823824380610643,0.0,262785.23681696516,6289.02092536342,20444073.80930122,401.97516530797134,312.87080411640636
-1.25,0.01,0.015,269.2094376475308,5.11813554161301,-0.008240021971710983,0.0,262785.231685052,6289.020925362608,20444072.001913924,401.9751573399758,312.87080101552675
-1.25,0.03,-0.005,269.20828263876643,5.109404655917523,-0.024656326382209173,0.0,262784.8606268129,6289.020923147887,20443958.880110454,401.9746576010977,312.8706065336678
-1.25,0.03,0.005,269.20828263876643,5.10938974006287,-0.024651120926191986,0.0,262784.86573311716,6289.020923148704,20443960.678448346,401.9746655292366,312.8706096190384
-1.25,0.03,0.015,269.20828263876643,5.109404655917523,-0.024656326382209173,0.0,262784.8606268129,6289.020923147887,20443958.880110454,401.9746576010977,312.8706065336678
-1.25,0.05,-0.005,269.2059779696667,5.0921092971234865,-0.04087278330897504,0.0,262784.12117014185,6289.020918983033,20443733.161919232,401.97366055939807,312.8702185176215
-1.25,0.05,0.005,269.2059779696667,5.092094547505934,-0.040864137339076706,0.0,262784.1262448952,6289.020918983869,20443734.948986176,401.9736684379267,312.8702215836893
-1.25,0.05,0.015,269.2059779696667,5.0921092971234865,-0.04087278330897504,0.0,262784.12117014185,6289.020918983033,20443733.161919232,401.97366055939807,312.8702185176215
-1.25,0.07,-0.005,269.2025354735556,5.066281417067227,-0.05675766133550792,0.0,262783.01726503245,6289.0209129154055,20443396.011361126,401.97217135628085,312.869638967539
-1.25,0.07,0.005,269.2025354735556,5.066266914837684,-0.05674562016305868,0.0,262783.02229257836,6289.020912916269,20443397.781568617,401.9721791605988,312.86964200473204
-1.25,0.07,0.015,269.2025354735556,5.066281417067227,-0.05675766133550792,0.0,262783.01726503245,6289.0209129154055,20443396.011361126,401.97217135628085,312.869638967539
-1.25,0.09,-0.005,269.1979728933477,5.0319436759559135,-0.07218016691247552,0.0,262781.55471522425,6289.02090508807,20442949.17088885,401.97019772283966,312.86887089105994
-1.25,0.09,0.005,269.1979728933477,5.031929500330899,-0.07216479350466798,0.0,262781.55968006817,6289.020905088968,20442950.918710005,401.97020542861543,312.8688738899108
-1.25,0.09,0.015,269.1979728933477,5.0319436759559135,-0.07218016691247552,0.0,262781.55471522425,6289.02090508807,20442949.17088885,401.97019772283966,312.86887089105994
-1.25,0.11,-0.005,269.19231375742015,4.9891215887886196,-0.08701074932590282,0.0,262779.74118921056,6289.02089567881,20442394.950707324,401.96774990416657,312.86791827388254
-1.25,0.11,0.005,269.19231375742015,4.989107816439501,-0.08699212386912522,0.0,262779.7460760682,6289.020895679751,20442396.670695294,401.9677574874181,312.8679212250597
-1.25,0.11,0.015,269.19231375742015,4.9891215887886196,-0.08701074932590282,0.0,262779.74118921056,6289.02089567881,20442394.950707324,401.96774990416657,312.86791827388254
-1.25,0.13,-0.005,269.1855871673963,4.937846060514899,-0.10112141991616577,0.0,262777.58616908966,6289.02088489457,20441736.207783442,401.96484056478397,312.8667860429966
-1.25,0.13,0.005,269.1855871673963,4.9378327649777844,-0.10109963923032768,0.0,262777.5909629399,6289.02088489556,20441737.894591376,401.9648480019657,312.8667889373382
-1.25,0.13,0.015,269.1855871673963,4.937846060514899,-0.10112141991616577,0.0,262777.58616908966,6289.02088489457,20441736.207783442,401.96484056478397,312.8667860429966
-1.25,0.15,-0.005,269.1778276126993,4.878152932182724,-0.11438604227173782,0.0,262775.1008915112,6289.020872966247,20440976.327481113,401.9614847059514,312.8654800345441
-1.25,0.15,0.005,269.1778276126993,4.87814018328886,-0.11436121910346475,0.0,262775.10557764926,6289.02087296729,20440977.975882057,401.96149197404156,312.8654828630918
-1.25,0.15,0.015,269.1778276126993,4.878152932182724,-0.11438604227173782,0.0,262775.1008915112,6289.020872966247,20440976.327481113,401.9614847059514,312.8654800345441
-1.25,0.17,-0.005,269.1690747090182,4.81008307110576,-0.12668062381964507,0.0,262772.29826904996,6289.02086014237,20440119.19770562,401.957699549518,312.864006948667
-1.25,0.17,0.005,269.1690747090182,4.810070934480562,-0.12665288602665686,0.0,262772.3028331413,6289.02086014347,20440120.802612636,401.95770662610624,312.8640097027003
-1.25,0.17,0.015,269.1690747090182,4.81008307110576,-0.12668062381964507,0.0,262772.29826904996,6289.02086014237,20440119.19770562,401.957699549518,312.864006948667
-1.25,0.19,-0.005,269.15937292667866,4.733682099130067,-0.1378835989177685,0.0,262769.19280686986,6289.020846683536,20439169.182078313,401.95350441795244,312.862374302872
-1.25,0.19,0.005,269.15937292667866,4.733670635711512,-0.1378530885508594,0.0,262769.1972350054,6289.020846684695,20439170.73856472,401.9535112813292,312.86237697394256
-1.25,0.19,0.015,269.15937292667866,4.733682099130067,-0.1378835989177685,0.0,262769.19280686986,6289.020846683536,20439169.182078313,401.95350441795244,312.862374302872
-1.25,0.21,-0.005,269.1487712518488,4.649000889057124,-0.1478761657706198,0.0,262765.8005034282,6289.02083285615,20438131.086510643,401.94892058499977,312.8605903739675
-1.25,0.21,0.005,269.1487712518488,4.64899015464519,-0.14784303805896473,0.0,262765.8047821802,6289.020832857372,20438132.589830533,401.9489272142462,312.86059295393454
-1.25,0.21,0.015,269.1487712518488,4.649000889057124,-0.1478761657706198,0.0,262765.8005034282,6289.02083285615,20438131.086510643,401.94892058499977,312.8605903739675
-1.25,0.23,-0.005,269.13732287720757,4.556094688568805,-0.15654254354151953,0.0,262762.1387525377,6289.020818926205,20437010.12866171,401.9439711391097,312.85866414497326
-1.25,0.23,0.005,269.13732287720757,4.5560847334440275,-0.15650696579528453,0.0,262762.1428690145,6289.020818927487,20437011.57426983,401.94397751418484,312.8586666260373
-1.25,0.23,0.015,269.13732287720757,4.556094688568805,-0.15654254354151953,0.0,262762.1387525377,6289.020818926205,20437010.12866171,401.9439711391097,312.85866414497326
-1.25,0.25,-0.005,269.12508482418446,4.455023329202938,-0.1637702519636171,0.0,262758.2262310777,6289.020805153311,20435811.90070457,401.93868081750026,312.85660524060273
-1.25,0.25,0.005,269.12508482418446,4.455014197787789,-0.16373240240815812,0.0,262758.23017297883,6289.020805154652,20435813.284276053,401.9386869193281,312.8566076153395
-1.25,0.25,0.015,269.12508482418446,4.455023329202938,-0.1637702519636171,0.0,262758.2262310777,6289.020805153311,20435811.90070457,401.93868081750026,312.85660524060273
-1.25,0.27,-0.005,269.11211755914087,4.34585095054264,-0.16945036870215105,0.0,262754.0827824697,6289.020791785112,20434542.33151244,401.93307583783337,312.85442386181535
-1.25,0.27,0.005,269.11211755914087,4.345842681119117,-0.16941043525487917,0.0,262754.0865381397,6289.020791786509,20434543.648962032,401.9330816483879,312.8544261232088
-1.25,0.27,0.015,269.11211755914087,4.34585095054264,-0.16945036870215105,0.0,262754.0827824697,6289.020791785112,20434542.33151244,401.93307583783337,312.85442386181535
-1.25,0.29,-0.005,269.0984846006613,4.228645387157168,-0.1734777359518096,0.0,262749.72929590294,6289.0207790516415,20433207.647975657,401.9271837259978,312.8521307188517
-1.25,0.29,0.005,269.0984846006613,4.228638011650514,-0.1734359149562951,0.0,262749.732854384,6289.020779053093,20433208.895476233,401.92718922838463,312.8521328603259
-1.25,0.29,0.015,269.0984846006613,4.228645387157168,-0.1734777359518096,0.0,262749.72929590294,6289.0207790516415,20433207.647975657,401.9271837259978,312.8521307188517
-1.25,0.31,-0.005,269.08425209018986,4.103478868148933,-0.17575126120238557,0.0,262745.1875812381,6289.020767161253,20431814.332783528,401.92103312899127,312.8497369584665
-1.25,0.31,0.005,269.08425209018986,4.1034724119396655,-0.17570775612855613,0.0,262745.1909323215,6289.020767162752,20431815.50678408,401.92103830752706,312.8497389739166
-1.25,0.31,0.015,269.08425209018986,4.103478868148933,-0.17575126120238557,0.0,262745.1875812381,6289.020767161253,20431814.332783528,401.92103312899127,312.8497369584665
-1.25,0.33,-0.005,269.06948835425703,3.970428405567326,-0.17617423452081793,0.0,262740.4802393427,6289.020756296567,20430369.081389587,401.9146536241388,312.8472540897308
-1.25,0.33,0.005,269.06948835425703,3.970422887296424,-0.1761292546337126,0.0,262740.48337361874,6289.0207562981095,20430370.178632647,401.9146584644286,312.8472559735528
-1.25,0.33,0.015,269.06948835425703,3.970428405567326,-0.17617423452081793,0.0,262740.4802393427,6289.020756296567,20430369.081389587,401.9146536241388,312.8472540897308
-1.25,0.35,-0.005,269.0542635191311,3.8295729721619773,-0.17465431040099375,0.0,262735.630533444,6289.0207466090205,20428878.764071103,401.9080755500039,312.84469391827116
-1.25,0.35,0.005,269.0542635191311,3.8295684037640476,-0.17460806943613774,0.0,262735.63344234915,6289.0207466105985,20428879.781608548,401.9080800390117,312.8446956653899
-1.25,0.35,0.015,269.0542635191311,3.8295729721619773,-0.17465431040099375,0.0,262735.630533444,6289.0207466090205,20428878.764071103,401.9080755500039,312.84469391827116
-1.25,0.37,-0.005,269.03864905086834,3.6809958803220177,-0.17110391906253591,0.0,262730.6622627526,6289.020738218805,20427350.38086285,401.90132980834164,312.8420684692328
-1.25,0.37,0.005,269.03864905086834,3.6809922669894095,-0.17105663389826306,0.0,262730.6649386134,6289.020738220414,20427351.31607077,401.9013339344561,312.8420700751272
-1.25,0.37,0.015,269.03864905086834,3.6809958803220177,-0.17110391906253591,0.0,262730.6622627526,6289.020738218805,20427350.38086285,401.90132980834164,312.8420684692328
-1.25,0.39,-0.005,269.02271734739514,3.524782974092271,-0.16544030324887374,0.0,262725.59963228327,6289.020731211958,20425791.02150266,401.89444768666044,312.83938991825573
-1.25,0.39,0.005,269.02271734739514,3.5247803143421574,-0.16539219259892737,0.0,262725.6020683575,6289.020731213593,20425791.872094918,401.8944514397559,312.83939137898267
-1.25,0.39,0.015,269.02271734739514,3.524782974092271,-0.16544030324887374,0.0,262725.59963228327,6289.020731211958,20425791.02150266,401.89444768666044,312.83938991825573
-1.25,0.4099999999999999,-0.005,269.0065413261321,3.3610219904849243,-0.15758560865624346,0.0,262720.4671274778,6289.020725639703,20424207.825020574,401.887460680159,312.8366705222003
-1.25,0.4099999999999999,0.005,269.0065413261321,3.361020276291388,-0.15753689179104294,0.0,262720.46931799105,6289.020725641353,20424208.58906076,401.887464051648,312.8366718344151
-1.25,0.4099999999999999,0.015,269.0065413261321,3.3610219904849243,-0.15758560865624346,0.0,262720.4671274778,6289.020725639703,20424207.825020574,401.887460680159,312.8366705222003
-1.25,0.42999999999999994,-0.005,268.9901940068445,3.189806017792954,-0.14746743098581008,0.0,262715.28939942626,6289.020721514131,20422607.938755713,401.88040030924697,312.83392254814555
-1.25,0.42999999999999994,0.005,268.9901940068445,3.189805234504241,-0.14741832645831193,0.0,262715.2913396049,6289.0207215157925,20422608.614667725,401.88040329212913,312.8339237091212
-1.25,0.42999999999999994,0.015,268.9901940068445,3.189806017792954,-0.14746743098581008,0.0,262715.28939942626,6289.020721514131,20422607.938755713,401.88040030924697,312.83392254814555
-1.25,0.45,-0.005,268.9737480965579,3.0112315053670726,-0.13501878691705374,0.0,262710.09113476495,6289.020718815412,20420998.477945507,401.87329794494065,312.83115820544515
-1.25,0.45,0.005,268.9737480965579,3.0112316319830903,-0.13496951136940055,0.0,262710.0928208645,6289.020718817078,20420999.064522214,401.8733005338407,312.8311592130869
-1.25,0.45,0.015,268.9737480965579,3.0112315053670726,-0.13501878691705374,0.0,262710.09113476495,6289.020718815412,20420998.477945507,401.87329794494065,312.83115820544515
-1.25,0.47000000000000003,-0.005,268.95727563867126,2.825396807241354,-0.12017809463205789,0.0,262704.8969432977,6289.020717490502,20419386.49134172,401.86618465664577,312.828389586487
-1.25,0.47000000000000003,0.005,268.95727563867126,2.8253978166444815,-0.12012886164656,0.0,262704.89837262634,6289.020717492168,20419386.987751767,401.86618684784486,312.8283904393446
-1.25,0.47000000000000003,0.015,268.95727563867126,2.825396807241354,-0.12017809463205789,0.0,262704.8969432977,6289.020717490502,20419386.49134172,401.86618465664577,312.828389586487
-1.25,0.49000000000000005,-0.005,268.94084759982366,2.632398210366793,-0.10288880972005404,0.0,262699.731224468,6289.020717456535,20417778.92088942,401.85909103583487,312.82562859806336
-1.25,0.49000000000000005,0.005,268.94084759982366,2.632400069798535,-0.10283982874378662,0.0,262699.7323954086,6289.020717458198,20417779.32668336,401.85909282729875,312.82562929534237
-1.25,0.49000000000000005,0.015,268.94084759982366,2.632398210366793,-0.10288880972005404,0.0,262699.731224468,6289.020717456535,20417778.92088942,401.85909103583487,312.82562859806336
-1.25,0.51,-0.005,268.92453365647987,2.4323387886888277,-0.08310064816369296,0.0,262694.61812561494,6289.020718603191,20416182.58093182,401.85204710525596,312.82288692602407
-1.25,0.51,0.005,268.92453365647987,2.4323414597500865,-0.08305212343717544,0.0,262694.6190376321,6289.0207186048465,20416182.8960433,401.8520484966405,312.82288746758775
-1.25,0.51,0.015,268.92453365647987,2.4323387886888277,-0.08310064816369296,0.0,262694.61812561494,6289.020718603191,20416182.58093182,401.85204710525596,312.82288692602407
-1.25,0.53,-0.005,268.9084017631969,2.2253242821845505,-0.0607690887071303,0.0,262689.5814007234,6289.02072080048,20414604.116222758,401.84508213708625,312.82017596448134
-1.25,0.53,0.005,268.9084017631969,2.225327721203604,-0.0607212183266452,0.0,262689.582054372,6289.020720802125,20414604.340969883,401.84508312974526,312.82017635085384
-1.25,0.53,0.015,268.9084017631969,2.2253242821845505,-0.0607690887071303,0.0,262689.5814007234,6289.02072080048,20414604.116222758,401.84508213708625,312.82017596448134
-1.25,0.55,-0.005,268.8925178878105,2.0114608217766814,-0.035855155375915375,0.0,262684.644323296,6289.020723903508,20413049.976190213,401.8382245412309,312.8175067723104
-1.25,0.55,0.005,268.8925178878105,2.011464980215719,-0.035808130425893835,0.0,262684.6447202229,6289.020723905141,20413050.1112744,401.83822513821104,312.8175070046749
-1.25,0.55,0.015,268.8925178878105,2.0114608217766814,-0.035855155375915375,0.0,262684.644323296,6289.020723903508,20413049.976190213,401.8382245412309,312.8175067723104
-1.25,0.57,-0.005,268.8769456813976,1.7908558164241766,-0.008325668727449291,0.0,262679.8295908854,6289.020727761668,20411526.382961467,401.83150172809314,312.81489001970726
-1.25,0.57,0.005,268.8769456813976,1.7908606412801091,-0.008279672473148477,0.0,262679.82973382715,6289.020727763292,20411526.42946492,401.8315019341243,312.8148900999021
-1.25,0.57,0.015,268.8769456813976,1.7908558164241766,-0.008325668727449291,0.0,262679.8295908854,6289.020727761668,20411526.382961467,401.83150172809314,312.81489001970726
-1.25,0.59,-0.005,268.86174639265914,1.563619957196916,0.021846437217578073,0.0,262675.159297925,6289.020732225266,20410039.323234588,401.8249400752712,312.81233597519304
-1.25,0.59,0.005,268.86174639265914,1.5636253913413627,0.021891230060593687,0.0,262675.159190692,6289.02073222688,20410039.282613132,401.8249398967349,312.8123359056997
-1.25,0.59,0.015,268.86174639265914,1.563619957196916,0.021846437217578073,0.0,262675.159297925,6289.020732225266,20410039.323234588,401.8249400752712,312.81233597519304
-1.25,0.61,-0.005,268.8469784787235,1.3298652025235238,0.05468242518003841,0.0,262670.65481686936,6289.0207371583065,20408594.51063619,401.81856476686164,312.8098544430287
-1.25,0.61,0.005,268.8469784787235,1.329871185120907,0.05472584908001853,0.0,262670.6544643319,6289.020737159914,20408594.3847126,401.8185642117635,312.80985422696085
-1.25,0.61,0.015,268.8469784787235,1.3298652025235238,0.05468242518003841,0.0,262670.65481686936,6289.0207371583065,20408594.51063619,401.81856476686164,312.8098544430287
-1.25,0.63,-0.005,268.83269751613744,1.0897036215051636,0.09019789437095058,0.0,262666.3367678365,6289.0207424520895,20407197.3774864,401.8123997628697,312.80745475126787
-1.25,0.63,0.005,268.83269751613744,1.0897100884694768,0.09023979353712167,0.0,262666.3361759007,6289.020742453695,20407197.168440282,401.8123988407942,312.807454392354
-1.25,0.63,0.015,268.83269751613744,1.0897036215051636,0.09019789437095058,0.0,262666.3367678365,6289.0207424520895,20407197.3774864,401.8123997628697,312.80745475126787
-1.25,0.65,-0.005,268.81895599913537,0.8432530692285752,0.12840183015097362,0.0,262662.22495971486,6289.020748029282,20405853.05523793,401.80646771404565,312.8051457185652
-1.25,0.65,0.005,268.81895599913537,0.8432599536057555,0.12844205901981512,0.0,262662.2241352931,6289.020748030893,20405852.765593745,401.80646643610436,312.80514522112844
-1.25,0.65,0.015,268.81895599913537,0.8432530692285752,0.12840183015097362,0.0,262662.22495971486,6289.020748029282,20405853.05523793,401.80646771404565,312.8051457185652
-1.25,0.67,-0.005,268.8058030980015,0.5906285132454258,0.16929799091591033,0.0,262658.33830103837,6289.020753843227,20404566.350863248,401.8007898565197,312.80293561311913
-1.25,0.67,0.005,268.8058030980015,0.5906357456174705,0.16933641456521528,0.0,262658.3372520171,6289.020753844852,20404565.98347734,401.8007882352947,312.80293498205526
-1.25,0.67,0.015,268.8058030980015,0.5906285132454258,0.16929799091591033,0.0,262658.33830103837,6289.020753843227,20404566.350863248,401.8007898565197,312.80293561311913
-1.25,0.69,-0.005,268.7932847533854,0.3319522311516775,0.2128831097214663,0.0,262654.6948446295,6289.020759927423,20403341.75768293,401.79538608239386,312.80083218010475
-1.25,0.69,0.005,268.7932847533854,0.33195974022309,0.21291960417580427,0.0,262654.6935798277,6289.020759929072,20403341.31572751,401.7953841318669,312.80083142085454
-1.25,0.69,0.015,268.7932847533854,0.3319522311516775,0.2128831097214663,0.0,262654.6948446295,6289.020759927423,20403341.75768293,401.79538608239386,312.80083218010475
-1.25,0.71,-0.005,268.781443596988,0.0673539325536051,0.259147079680121,0.0,262651.31173989706,6289.020766378692,20402183.44713125,401.79027489456786,312.7988426240455
-1.25,0.71,0.005,268.781443596988,0.0673616456531854,0.25918153216794493,0.0,262651.310269025,6289.0207663803785,20402182.934078354,401.7902726300505,312.7988417425677
-1.25,0.71,0.015,268.781443596988,0.0673539325536051,0.259147079680121,0.0,262651.31173989706,6289.020766378692,20402183.44713125,401.79027489456786,312.7988426240455
-1.25,0.7300000000000001,-0.005,268.7703193296365,-0.20297990584521466,0.30806398212250263,0.0,262648.205405573,6289.020773601669,20401095.313431937,401.78547371980267,312.7969737306326
-1.25,0.7300000000000001,0.005,268.7703193296365,-0.20297206064701928,0.3080962909398608,0.0,262648.20373918104,6289.020773603412,20401094.733033918,401.78547115785216,312.7969727333711
-1.25,0.7300000000000001,0.015,268.7703193296365,-0.20297990584521466,0.30806398212250263,0.0,262648.205405573,6289.020773601669,20401095.313431937,401.78547371980267,312.7969737306326
-1.25,0.75,-0.005,268.7599459060075,-0.4789478242493694,0.3596203502241621,0.0,262645.3910658512,6289.020783164431,20400080.724899646,401.78099821779995,312.79523159773777
-1.25,0.75,0.005,268.7599459060075,-0.47893992107843414,0.35965042567371575,0.0,262645.3892152679,6289.020783166258,20400080.081165977,401.7809953761181,312.79523049158223
-1.25,0.75,0.015,268.7599459060075,-0.4789478242493694,0.3596203502241621,0.0,262645.3910658512,6289.020783164431,20400080.724899646,401.78099821779995,312.79523159773777
-1.25,0.7699999999999999,-0.005,268.7503556349433,-0.7604217185850473,0.4137888330526371,0.0,262642.8826786351,6289.020794698964,20399142.828436434,401.7768621469956,312.7936215831273
-1.25,0.7699999999999999,0.005,268.7503556349433,-0.7604138318339193,0.4138165970653966,0.0,262642.8806559189,6289.020794700904,20399142.125616856,401.77685904434867,312.793620375382
-1.25,0.7699999999999999,0.015,268.7503556349433,-0.7604217185850473,0.4137888330526371,0.0,262642.8826786351,6289.020794698964,20399142.828436434,401.7768621469956,312.7936215831273
-1.25,0.79,-0.005,268.7415766105765,-1.0472650154196679,0.47053486613204815,0.0,262640.6933452131,6289.020808791894,20398284.388454974,401.7730780310426,312.7921485638571
-1.25,0.79,0.005,268.7415766105765,-1.0472572193801755,0.4705602523024677,0.0,262640.69116309215,6289.020808793973,20398283.631016772,401.7730746871635,312.792147262203
-1.25,0.79,0.015,268.7415766105765,-1.0472650154196679,0.47053486613204815,0.0,262640.6933452131,6289.020808791894,20398284.388454974,401.7730780310426,312.7921485638571
-1.25,0.8099999999999999,-0.005,268.7336327236965,-1.3393437917309923,0.5298180792470382,0.0,262638.8350632272,6289.020826378765,20397507.769130073,401.7696567909362,312.79081679303886
-1.25,0.8099999999999999,0.005,268.7336327236965,-1.3393361604512284,0.5298410328537607,0.0,262638.8327350355,6289.020826381019,20397506.961734362,401.7696532264208,312.79081540549294
-1.25,0.8099999999999999,0.015,268.7336327236965,-1.3393437917309923,0.5298180792470382,0.0,262638.8350632272,6289.020826378765,20397507.769130073,401.7696567909362,312.79081679303886
-1.25,0.83,-0.005,268.72654423790846,-1.6365199982216654,0.5915903579136754,0.0,262637.31883501896,6289.0208486547335,20396814.988020554,401.76660793862357,312.7896299751716
-1.25,0.83,0.005,268.72654423790846,-1.6365126049276333,0.5916108357941945,0.0,262637.31637463113,6289.020848657202,20396814.135498628,401.7666041748264,312.78962851004644
-1.25,0.83,0.015,268.72654423790846,-1.6365199982216654,0.5915903579136754,0.0,262637.31883501896,6289.0208486547335,20396814.988020554,401.76660793862357,312.7896299751716
-1.25,0.85,-0.005,268.7203278216955,-1.9386515084754095,0.6557959481682756,0.0,262636.1546605189,6289.020877075951,20396207.719283976,401.7639395913583,312.78859127170165
-1.25,0.85,0.005,268.7203278216955,-1.9386444251727133,0.6558139185874043,0.0,262636.15208228136,6289.020877078679,20396206.826612454,401.76393565028275,312.78858973756263
-1.25,0.85,0.015,268.7203278216955,-1.9386515084754095,0.6557959481682756,0.0,262636.1546605189,6289.020877075951,20396207.719283976,401.7639395913583,312.78859127170165
-1.25,0.87,-0.005,268.7149965494867,-2.2455946144384256,0.722372122395664,0.0,262635.3515444574,6289.020913404256,20395687.29520443,401.7616584993195,312.7877033117482
-1.25,0.87,0.005,268.7149965494867,-2.245587911513692,0.7223875648719672,0.0,262635.3488631199,6289.020913407303,20395686.367480583,401.7616544035097,312.7877017173714
-1.25,0.87,0.015,268.7149965494867,-2.2455946144384256,0.722372122395664,0.0,262635.3515444574,6289.020913404256,20395687.29520443,401.7616584993195,312.7877033117482
-1.25,0.8900000000000001,-0.005,268.71055992588555,-2.5572038276608042,0.7912491870669688,0.0,262634.91749513627,6289.020959721478,20395254.70903437,401.7597700646165,312.7869681994805
-1.25,0.8900000000000001,0.005,268.71055992588555,-2.557197573530411,0.7912620921744269,0.0,262634.91472578124,6289.020959724909,20395253.751450926,401.7597658370458,312.7869665538093
-1.25,0.8900000000000001,0.015,268.71055992588555,-2.5572038276608042,0.7912491870669688,0.0,262634.91749513627,6289.020959721478,20395254.70903437,401.7597700646165,312.7869681994805
-1.25,0.91,-0.005,268.70702387905123,-2.8733325495076767,0.8623506128513869,0.0,262634.85952049773,6289.021018453328,20394910.615112815,401.75827835291534,312.7863875186256
-1.25,0.91,0.005,268.70702387905123,-2.8733268102768896,0.8623609819910669,0.0,262634.85667846975,6289.021018457219,20394909.632932995,401.7582740168763,312.78638583072757
-1.25,0.91,0.015,268.70702387905123,-2.8733325495076767,0.8623506128513869,0.0,262634.85952049773,6289.021018453328,20394910.615112815,401.75827835291534,312.7863875186256
-1.25,0.9300000000000002,-0.005,268.70439082529737,-3.1938288796216168,0.9355918951067241,0.0,262635.18364256114,6289.021092427351,20394655.337009314,401.75718615682445,312.7859623571289
-1.25,0.9300000000000002,0.005,268.70439082529737,-3.193823718755296,0.9355997402535323,0.0,262635.1807433971,6289.021092431794,20394654.33554201,401.75718173582044,312.785960636154
-1.25,0.9300000000000002,0.015,268.70439082529737,-3.1938288796216168,0.9355918951067241,0.0,262635.18364256114,6289.021092427351,20394655.337009314,401.75718615682445,312.7859623571289
-1.25,0.95,-0.005,268.70265967538387,-3.5185375482649373,1.0108808990711313,0.0,262635.8949221717,6289.021184961737,20394488.870921444,401.7564950531109,312.78569332941686
-1.25,0.95,0.005,268.70265967538387,-3.5185330262521637,1.0108862424931593,0.0,262635.89198153064,6289.021184966841,20394487.855496675,401.7564905707475,312.785691584555
-1.25,0.95,0.015,268.70265967538387,-3.5185375482649373,1.0108808990711313,0.0,262635.8949221717,6289.021184961737,20394488.870921444,401.7564950531109,312.78569332941686
-1.25,0.97,-0.005,268.7018259494507,-3.847296886699769,1.0881169346792485,0.0,262636.99746476376,6289.021299872192,20394410.897139497,401.7562054565526,312.7855805973544
-1.25,0.97,0.005,268.7018259494507,-3.847293060740401,1.0881198086281745,0.0,262636.9944983603,6289.02129987808,20394409.87308523,401.7562009364362,312.78557883779575
-1.25,0.97,0.015,268.7018259494507,-3.847296886699769,1.0881169346792485,0.0,262636.99746476376,6289.021299872192,20394410.897139497,401.7562054565526,312.7855805973544
-1.25,0.99,-0.005,268.70188839673614,-4.179019854414217,1.1669524552935626,0.0,262638.4961951536,6289.021451529817,20394421.743322015,401.7563256699676,312.78562739317175
-1.25,0.99,0.005,268.70188839673614,-4.179016767743547,1.166952922942442,0.0,262638.4932133527,6289.021451536643,20394420.714096874,401.75632112746126,312.78562562489753
-1.25,0.99,0.015,268.70188839673614,-4.179019854414217,1.1669524552935626,0.0,262638.4961951536,6289.021451529817,20394421.743322015,401.7563256699676,312.78562739317175
-1.25,1.01,-0.005,268.70194897949295,9.421093526688027e-07,-2.6307528097802604e-07,0.0,262638.5026003644,6289.044854068849,20395157.80306702,401.7707349751498,312.7912364935922
-1.25,1.01,0.005,268.70200956224977,4.179019854414216,-1.1669524552935626,0.0,262638.5090055722,6289.021398236409,20394431.933465824,401.75634526668034,312.7856350216391
-1.25,1.01,0.015,268.70194897949295,9.421093526688027e-07,-2.6307528097802604e-07,0.0,262638.5026003644,6289.044854068849,20395157.80306702,401.7707349751498,312.7912364935922
-1.1785714285714286,-0.01,-0.005,269.22885367122024,5.145447261973962,-8.247430270246925e-19,0.0,262790.8903362373,6289.0210285258545,20445975.895867564,401.98359929597245,312.8740863275907
-1.1785714285714286,-0.01,0.005,269.22885367122024,5.145447261973963,0.008768480157303608,0.0,262790.8903362374,6289.021028430221,20445975.892876413,401.98359923716424,312.87408630470475
-1.1785714285714286,-0.01,0.015,269.22885367122024,5.145447261973962,-8.247430270246925e-19,0.0,262790.8903362373,6289.0210285258545,20445975.895867564,401.98359929597245,312.8740863275907
-1.1785714285714286,0.01,-0.005,269.22885367122024,5.145447261973963,-0.008768480157303608,0.0,262790.8903362373,6289.021028430221,20445975.892876413,401.9835992371641,312.8740863047047
-1.1785714285714286,0.01,0.005,269.22885367122024,5.1454331581136605,-0.00876663150327638,0.0,262790.89533066895,6289.021028431075,20445977.651221618,401.9836069884256,312.8740893212069
-1.1785714285714286,0.01,0.015,269.22885367122024,5.145447261973963,-0.008768480157303608,0.0,262790.8903362373,6289.021028430221,20445975.892876413,401.9835992371641,312.8740863047047
-1.1785714285714286,0.029999999999999995,-0.005,269.22765158207534,5.13669906861902,-0.026236548636565517,0.0,262790.50564470026,6289.021026023011,20445858.153737467,401.98307908891536,312.873883882316
-1.1785714285714286,0.029999999999999995,0.005,269.22765158207534,5.136685052276796,-0.02623112802242171,0.0,262790.51061419694,6289.021026023872,20445859.903265677,401.983086801349,312.8738868837099
-1.1785714285714286,0.029999999999999995,0.015,269.22765158207534,5.13669906861902,-0.026236548636565517,0.0,262790.50564470026,6289.021026023011,20445858.153737467,401.98307908891536,312.873883882316
-1.1785714285714286,0.049999999999999996,-0.005,269.225253128389,5.119368366876889,-0.04348959800140821,0.0,262789.73903927905,6289.0210215003935,20445623.238826018,401.9820414080538,312.8734800550559
-1.1785714285714286,0.049999999999999996,0.005,269.225253128389,5.119354524283378,-0.04348059489440639,0.0,262789.7439779125,6289.021021501278,20445624.977319233,401.9820490719235,312.8734830375543
-1.1785714285714286,0.049999999999999996,0.015,269.225253128389,5.119368366876889,-0.04348959800140821,0.0,262789.73903927905,6289.0210215003935,20445623.238826018,401.9820414080538,312.8734800550559
-1.1785714285714286,0.07,-0.005,269.2216706463132,5.093488054451854,-0.060385655413509313,0.0,262788.5946168706,6289.021014912262,20445272.361445703,401.9804915530161,312.8728769074564
-1.1785714285714286,0.07,0.005,269.2216706463132,5.093474470445462,-0.06037311733553394,0.0,262788.5995093207,6289.021014913179,20445274.083430775,401.9804991442332,312.8728798616867
-1.1785714285714286,0.07,0.015,269.2216706463132,5.093488054451854,-0.060385655413509313,0.0,262788.5946168706,6289.021014912262,20445272.361445703,401.9804915530161,312.8728769074564
-1.1785714285714286,0.09,-0.005,269.2169226508716,5.0590820164143135,-0.07678373830240162,0.0,262787.07840913284,6289.021006414815,20444807.340183053,401.97843759468,312.87207757926996
-1.1785714285714286,0.09,0.005,269.2169226508716,5.05906877375163,-0.07676773128350516,0.0,262787.0832402325,6289.021006415775,20444809.04024554,401.97844508941165,312.8720804959591
-1.1785714285714286,0.09,0.015,269.2169226508716,5.0590820164143135,-0.07678373830240162,0.0,262787.07840913284,6289.021006414815,20444807.340183053,401.97843759468,312.87207757926996
-1.1785714285714286,0.11,-0.005,269.21103369495444,5.0161770018199165,-0.092544143079455,0.0,262785.198384156,6289.02099620164,20444230.586210303,401.975890228033,312.8710862311238
-1.1785714285714286,0.11,0.005,269.21103369495444,5.01616418048902,-0.09252475118885156,0.0,262785.2031389368,6289.020996202653,20444232.259012002,401.9758976027788,312.87108910112767
-1.1785714285714286,0.11,0.015,269.21103369495444,5.0161770018199165,-0.092544143079455,0.0,262785.198384156,6289.02099620164,20444230.586210303,401.975890228033,312.8710862311238
-1.1785714285714286,0.13,-0.005,269.20403414730765,4.96480547288721,-0.10752877432364193,0.0,262782.96439418284,6289.020984498057,20443545.08132976,401.9728626733682,312.86990800610675
-1.1785714285714286,0.13,0.005,269.20403414730765,4.9647931494443265,-0.10750609904671726,0.0,262782.96905792487,6289.02098449913,20443546.721627705,401.9728699050431,312.8699108204429
-1.1785714285714286,0.13,0.015,269.20403414730765,4.96480547288721,-0.10752877432364193,0.0,262782.96439418284,6289.020984498057,20443545.08132976,401.9728626733682,312.86990800610675
-1.1785714285714286,0.15,-0.005,269.19595999660265,4.905004949179937,-0.12160142664464314,0.0,262780.38811224536,6289.020971555116,20442754.35855313,401.969370588623,312.8685489957017
-1.1785714285714286,0.15,0.005,269.19595999660265,4.904993196149817,-0.12157558613556582,0.0,262780.3926705267,6289.020971556256,20442755.961218182,401.9693776546391,312.8685517455806
-1.1785714285714286,0.15,0.015,269.19595999660265,4.905004949179937,-0.12160142664464314,0.0,262780.38811224536,6289.020971555116,20442754.35855313,401.969370588623,312.8685489957017
-1.1785714285714286,0.17,-0.005,269.1868525705885,4.83681826399193,-0.13462809307455115,0.0,262777.4829491728,6289.020957643876,20441862.474368542,401.96543194532404,312.8670161915595
-1.1785714285714286,0.17,0.005,269.1868525705885,4.836807149324661,-0.13459922129481636,0.0,262777.48738791957,6289.020957645086,20441864.034404323,401.9654388236722,312.8670188684169
-1.1785714285714286,0.17,0.015,269.1868525705885,4.83681826399193,-0.13462809307455115,0.0,262777.4829491728,6289.020957643876,20441862.474368542,401.96543194532404,312.8670161915595
-1.1785714285714286,0.19,-0.005,269.17675825753116,4.760293198879105,-0.14647725767029313,0.0,262774.26396735344,6289.0209430486475,20440873.981193636,401.96106690495594,312.8653174374447
-1.1785714285714286,0.19,0.005,269.17675825753116,4.760282785438296,-0.14644550341897955,0.0,262774.26827289193,6289.020943049932,20440875.49375558,401.9610735742907,312.86532003297407
-1.1785714285714286,0.19,0.015,269.17675825753116,4.760293198879105,-0.14647725767029313,0.0,262774.26396735344,6289.0209430486475,20440873.981193636,401.96106690495594,312.8653174374447
-1.1785714285714286,0.20999999999999996,-0.005,269.1657281599503,4.675483174872495,-0.1570202487724557,0.0,262770.7477801025,6289.0209280603085,20439793.89319857,401.9562976662004,312.86346136984747
-1.1785714285714286,0.20999999999999996,0.005,269.1657281599503,4.675473519925195,-0.156985774613398,0.0,262770.7519392115,6289.020928061669,20439795.353613354,401.95630410592423,312.8634638760332
-1.1785714285714286,0.20999999999999996,0.015,269.1657281599503,4.675483174872495,-0.1570202487724557,0.0,262770.7477801025,6289.0209280603085,20439793.89319857,401.9562976662004,312.86346136984747
-1.1785714285714286,0.23000000000000004,-0.005,269.15381775995775,4.582446148436058,-0.16613148490584909,0.0,262766.95244523376,6289.020912969583,20438627.65326176,401.9511483171954,312.8614573605528
-1.1785714285714286,0.23000000000000004,0.005,269.15381775995775,4.5824373032600185,-0.16609446601057976,0.0,262766.9564451977,6289.02091297102,20438629.057046503,401.95115450754383,312.861459769703
-1.1785714285714286,0.23000000000000004,0.015,269.15381775995775,4.582446148436058,-0.16613148490584909,0.0,262766.95244523376,6289.020912969583,20438627.65326176,401.9511483171954,312.8614573605528
-1.1785714285714286,0.25,-0.005,269.1410865283004,4.481244907769768,-0.17368877735383598,0.0,262762.89734932024,6289.020898060724,20437381.09442627,401.94564466375584,312.8593154498538
-1.1785714285714286,0.25,0.005,269.1410865283004,4.481236917293905,-0.17364940027103265,0.0,262762.90117798233,6289.0208980622365,20437382.437307723,401.94565058588154,312.8593177546333
-1.1785714285714286,0.25,0.015,269.1410865283004,4.481244907769768,-0.17368877735383598,0.0,262762.89734932024,6289.020898060724,20437381.09442627,401.94564466375584,312.8593154498538
-1.1785714285714286,0.27,-0.005,269.1275975223273,4.37194678657386,-0.17957360026411304,0.0,262758.60308575747,6289.020883605441,20436060.400281332,401.93981405296483,312.8570462779641
-1.1785714285714286,0.27,0.005,269.1275975223273,4.371939689080518,-0.1795320616282245,0.0,262758.60673157335,6289.020883607027,20436061.678214952,401.9398196890219,312.85704847142705
-1.1785714285714286,0.27,0.015,269.1275975223273,4.37194678657386,-0.17957360026411304,0.0,262758.60308575747,6289.020883605441,20436060.400281332,401.93981405296483,312.8570462779641
-1.1785714285714286,0.29,-0.005,269.1134169715061,4.254622998141807,-0.18367130876176244,0.0,262754.091327436,6289.020869856942,20434672.064130954,401.93368519142564,312.85466101434923
-1.1785714285714286,0.29,0.005,269.1134169715061,4.254616825044566,-0.1836278139555,0.0,262754.0947795269,6289.020869858598,20434673.273319505,401.93369052465175,312.854663089971
-1.1785714285714286,0.29,0.015,269.1134169715061,4.254622998141807,-0.18367130876176244,0.0,262754.091327436,6289.020869856942,20434672.064130954,401.93368519142564,312.85466101434923
-1.1785714285714286,0.31,-0.005,269.098613836142,4.129349413364854,-0.18587147067460694,0.0,262749.38469847257,6289.0208570455015,20433222.84559203,401.9272879528513,312.8521712829046
-1.1785714285714286,0.31,0.005,269.098613836142,4.129344189011708,-0.18582623245435148,0.0,262749.387946677,6289.020857047221,20433223.982503805,401.92729296764844,312.85217323461353
-1.1785714285714286,0.31,0.015,269.098613836142,4.129349413364854,-0.18587147067460694,0.0,262749.38469847257,6289.0208570455015,20433222.84559203,401.9272879528513,312.8521712829046
-1.1785714285714286,0.33,-0.005,269.08325936991685,3.996206972263156,-0.18606817905839285,0.0,262744.50664403633,6289.020845372876,20431719.727536395,401.92065318653425,312.84958908747194
-1.1785714285714286,0.33,0.005,269.08325936991685,3.996202713723108,-0.18602141615070675,0.0,262744.50967896066,6289.0208453746545,20431720.788922653,401.9206578685459,312.84959090967914
-1.1785714285714286,0.33,0.015,269.08325936991685,3.996206972263156,-0.18606817905839285,0.0,262744.50664403633,6289.020845372876,20431719.727536395,401.92065318653425,312.84958908747194
-1.1785714285714286,0.35,-0.005,269.0674266663958,3.855278756608109,-0.18416001529666254,0.0,262739.48128280166,6289.020835009173,20430169.87154709,401.9138125203256,312.8469267352121
-1.1785714285714286,0.35,0.005,269.0674266663958,3.855275473712276,-0.18411195100386685,0.0,262739.48409587017,6289.020835011004,20430170.854458924,401.91381685651174,312.8469284228407
-1.1785714285714286,0.35,0.015,269.0674266663958,3.855278756608109,-0.18416001529666254,0.0,262739.48128280166,6289.020835009173,20430169.87154709,401.9138125203256,312.8469267352121
-1.1785714285714286,0.37000000000000005,-0.005,269.05119021112125,3.706652444102154,-0.18005053974841784,0.0,262734.3332834194,6289.020826090716,20428580.573961552,401.90679816655415,312.8441967611148
-1.1785714285714286,0.37000000000000005,0.005,269.05119021112125,3.7066501394190734,-0.18000140054434904,0.0,262734.33586692053,6289.020826092592,20428581.475765508,401.9068021452608,312.8441983096272
-1.1785714285714286,0.37000000000000005,0.015,269.05119021112125,3.706652444102154,-0.18005053974841784,0.0,262734.3332834194,6289.020826090716,20428580.573961552,401.90679816655415,312.8441967611148
-1.1785714285714286,0.39,-0.005,269.0346254422522,3.5504184457767622,-0.17364832222955262,0.0,262729.08772515535,6289.020818717318,20426959.222742107,401.8996427311811,312.84141185376114
-1.1785714285714286,0.39,0.005,269.0346254422522,3.5504171146926415,-0.1735983363767805,0.0,262729.0900722856,6289.020818719234,20426960.041134674,401.89964634220473,312.8414132591838
-1.1785714285714286,0.39,0.015,269.0346254422522,3.5504184457767622,-0.17364832222955262,0.0,262729.08772515535,6289.020818717318,20426959.222742107,401.8996427311811,312.84141185376114
-1.1785714285714286,0.41,-0.005,269.0178083138146,3.386669257062292,-0.1648670596106733,0.0,262723.7699651772,6289.0208129509565,20425313.254654847,401.8923790248228,312.8385847818029
-1.1785714285714286,0.41,0.005,269.0178083138146,3.386668887926414,-0.16481645580481807,0.0,262723.7720700822,6289.020812952903,20425313.987675738,401.89238225947,312.83858604075
-1.1785714285714286,0.41,0.015,269.0178083138146,3.386669257062292,-0.1648670596106733,0.0,262723.7699651772,6289.0208129509565,20425313.254654847,401.8923790248228,312.8385847818029
-1.1785714285714286,0.43,-0.005,269.0008149217227,3.2155026013699533,-0.15362609629040053,0.0,262718.40553608304,6289.020808814411,20423650.11860328,401.8850399007687,312.8357283309414
-1.1785714285714286,0.43,0.005,269.0008149217227,3.2155031754942156,-0.1535751023277327,0.0,262718.40739389014,6289.02080881638,20423650.76464602,401.8850427519034,312.8357294406329
-1.1785714285714286,0.43,0.015,269.0008149217227,3.2155026013699533,-0.15362609629040053,0.0,262718.40553608304,6289.020808814411,20423650.11860328,401.8850399007687,312.8357283309414
-1.1785714285714286,0.45,-0.005,268.98372099724463,3.0370199688582167,-0.13985042207218368,0.0,262713.0199910296,6289.02080629694,20421977.226216253,401.87765803995944,312.8328552202531
-1.1785714285714286,0.45,0.005,268.98372099724463,3.0370214607994113,-0.1397992636010932,0.0,262713.0215978822,6289.020806298926,20421977.784038585,401.87766050205045,312.8328561785335
-1.1785714285714286,0.45,0.015,268.98372099724463,3.0370199688582167,-0.13985042207218368,0.0,262713.0199910296,6289.02080629694,20421977.226216253,401.87765803995944,312.8328552202531
-1.1785714285714286,0.47,-0.005,268.96660156303335,2.8513248751952607,-0.12347064658018209,0.0,262707.6387921594,6289.020805353205,20420301.91814785,401.870265801897,312.8299780441677
-1.1785714285714286,0.47,0.005,268.96660156303335,2.8513272530248517,-0.12341954589601799,0.0,262707.64014524315,6289.020805355205,20420302.386879552,401.8702678710525,312.8299788495194
-1.1785714285714286,0.47,0.015,268.96660156303335,2.8513248751952607,-0.12347064658018209,0.0,262707.6387921594,6289.020805353205,20420301.91814785,401.870265801897,312.8299780441677
-1.1785714285714286,0.49,-0.005,268.94953046432715,2.658519652771487,-0.10442275293371168,0.0,262702.287163271,6289.020805907002,20418631.418319013,401.8628950244902,312.8271091945619
-1.1785714285714286,0.49,0.005,268.94953046432715,2.6585228784461705,-0.10437192782728,0.0,262702.28826084005,6289.020805909007,20418631.79746952,401.86289669849276,312.8271098461192
-1.1785714285714286,0.49,0.015,268.94953046432715,2.658519652771487,-0.10442275293371168,0.0,262702.287163271,6289.020805907002,20418631.418319013,401.8628950244902,312.8271091945619
-1.1785714285714286,0.51,-0.005,268.9325802308299,2.4587124671329117,-0.08264919142471433,0.0,262696.9900646529,6289.020807855058,20416972.82053794,401.8555769666543,312.82426083840824
-1.1785714285714286,0.51,0.005,268.9325802308299,2.458716496745333,-0.08259885408777924,0.0,262696.9909060396,6289.020807857066,20416973.109998085,401.85557824496993,312.82426133596033
-1.1785714285714286,0.51,0.015,268.9325802308299,2.4587124671329117,-0.08264919142471433,0.0,262696.9900646529,6289.020807855058,20416972.82053794,401.8555769666543,312.82426083840824
-1.1785714285714286,0.53,-0.005,268.91582157807466,2.2520145367471716,-0.05809848507949614,0.0,262691.7720369008,6289.020811075293,20415333.039980687,401.8483420978465,312.8214448358397
-1.1785714285714286,0.53,0.005,268.91582157807466,2.252019320894174,-0.05804884111973517,0.0,262691.77262252645,6289.020811077304,20415333.240025003,401.84834298163497,312.82144517983517
-1.1785714285714286,0.53,0.015,268.91582157807466,2.2520145367471716,-0.05809848507949614,0.0,262691.7720369008,6289.020811075293,20415333.039980687,401.8483420978465,312.8214448358397
-1.1785714285714286,0.55,-0.005,268.8993231249006,2.0385377093729806,-0.030724990675608035,0.0,262686.65710824536,6289.020815432409,20413718.785749804,401.8412199791995,312.8186726938599
-1.1785714285714286,0.55,0.005,268.8993231249006,2.038543193576283,-0.030676238205398717,0.0,262686.65743962576,6289.02081543442,20413718.897036426,401.84122047131535,312.81867288540707
-1.1785714285714286,0.55,0.015,268.8993231249006,2.0385377093729806,-0.030724990675608035,0.0,262686.65710824536,6289.020815432409,20413718.785749804,401.8412199791995,312.8186726938599
-1.1785714285714286,0.57,-0.005,268.88315105882646,1.818395793731108,-0.0004892773051484729,0.0,262681.668700263,6289.020820792168,20412136.528612494,401.8342391274082,312.8159555133329
-1.1785714285714286,0.57,0.005,268.88315105882646,1.8184019188175369,-0.0004416060906201453,0.0,262681.6687800071,6289.020820794179,20412136.552181087,401.83423923239235,312.8159555541964
-1.1785714285714286,0.57,0.015,268.88315105882646,1.818395793731108,-0.0004892773051484729,0.0,262681.668700263,6289.020820792168,20412136.528612494,401.8342391274082,312.8159555133329
-1.1785714285714286,0.59,-0.005,268.86736904435725,1.5917051004789446,0.032641753453971016,0.0,262676.8295912063,6289.020827016706,20410592.491927203,401.82742697181516,312.8133039722435
-1.1785714285714286,0.59,0.005,268.86736904435725,1.5917118030853565,0.03268816273390609,0.0,262676.82942300464,6289.02082701872,20410592.4291931,401.82742669586975,312.81330386483495
-1.1785714285714286,0.59,0.015,268.86736904435725,1.5917051004789446,0.032641753453971016,0.0,262676.8295912063,6289.020827016706,20410592.491927203,401.82742697181516,312.8133039722435
-1.1785714285714286,0.61,-0.005,268.85203783461236,1.3585839179468449,0.06869493388375371,0.0,262672.1617982513,6289.020833972936,20409092.613949563,401.8208096913356,312.8107282621833
-1.1785714285714286,0.61,0.005,268.85203783461236,1.358591130910855,0.06873991031248722,0.0,262672.16138686275,6289.020833974958,20409092.466697246,401.82080904229616,312.8107280095502
-1.1785714285714286,0.61,0.015,268.85203783461236,1.3585839179468449,0.06869493388375371,0.0,262672.1617982513,6289.020833972936,20409092.613949563,401.8208096913356,312.8107282621833
-1.1785714285714286,0.63,-0.005,268.8372151501446,1.1191505452524866,0.10769111843151322,0.0,262667.6865430382,6289.02084156355,20407642.536996327,401.81441218062827,312.8082380751389
-1.1785714285714286,0.63,0.005,268.8372151501446,1.119158198126813,0.10773450142941608,0.0,262667.68589426787,6289.020841565585,20407642.307370085,401.8144111679229,312.8082376809487
-1.1785714285714286,0.63,0.015,268.8372151501446,1.1191505452524866,0.10769111843151322,0.0,262667.6865430382,6289.02084156355,20407642.536996327,401.81441218062827,312.8082380751389
-1.1785714285714286,0.65,-0.005,268.82295548656083,0.8735290694894088,0.14964406566693278,0.0,262663.4241958065,6289.020849731923,20406247.58882983,401.80825796943634,312.80584257205015
-1.1785714285714286,0.65,0.005,268.82295548656083,0.8735370889792604,0.14968570549611027,0.0,262663.4233164784,6289.02084973398,20406247.279322352,401.80825660403616,312.80584204057135
-1.1785714285714286,0.65,0.015,268.82295548656083,0.8735290694894088,0.14964406566693278,0.0,262663.4241958065,6289.020849731923,20406247.58882983,401.80825796943634,312.80584257205015
-1.1785714285714286,0.67,-0.005,268.8093098720122,0.6218416568949172,0.1945618267803802,0.0,262659.39419344877,6289.0208584798065,20404912.75953875,401.80236912810454,312.8035503459854
-1.1785714285714286,0.67,0.005,268.8093098720122,0.6218499672783019,0.19460158497260563,0.0,262659.39309137233,6289.020858481895,20404912.372977864,401.8023674224654,312.8035496820645
-1.1785714285714286,0.67,0.015,268.8093098720122,0.6218416568949172,0.1945618267803802,0.0,262659.39419344877,6289.0208584798065,20404912.75953875,401.80236912810454,312.8035503459854
-1.1785714285714286,0.69,-0.005,268.7963259004627,0.36421696247262464,0.24244502014517244,0.0,262655.6150543274,6289.020867890399,20403642.705571853,401.7967662955103,312.8013694329648
-1.1785714285714286,0.69,0.005,268.7963259004627,0.36422548621501316,0.24248276981448008,0.0,262655.61373826023,6289.020867892532,20403642.245105665,401.7967642635082,312.8013686420014
-1.1785714285714286,0.69,0.015,268.7963259004627,0.36421696247262464,0.24244502014517244,0.0,262655.6150543274,6289.020867890399,20403642.705571853,401.7967662955103,312.8013694329648
-1.1785714285714286,0.71,-0.005,268.78404767566406,0.10079007588036708,0.2932869678102787,0.0,262652.1043485829,6289.020878138367,20402441.744626768,401.7914686604123,312.7993073046519
-1.1785714285714286,0.71,0.005,268.78404767566406,0.1007987341415141,0.29332259391739246,0.0,262652.1028281863,6289.020878140559,20402441.213706825,401.7914663172687,312.79930639256963
-1.1785714285714286,0.71,0.015,268.78404767566406,0.10079007588036708,0.2932869678102787,0.0,262652.1043485829,6289.020878138367,20402441.744626768,401.7914686604123,312.7993073046519
-1.1785714285714286,0.7299999999999999,-0.005,268.77251586477877,-0.16825473192051132,0.34706439703806286,0.0,262648.8786339267,6289.020889364443,20401313.857040957,401.7864939069482,312.79737084709154
-1.1785714285714286,0.7299999999999999,0.005,268.77251586477877,-0.16824601737306502,0.34709779624774867,0.0,262648.87691971305,6289.020889366713,20401313.259402208,401.786491269143,312.79736982030425
-1.1785714285714286,0.7299999999999999,0.015,268.77251586477877,-0.16825473192051132,0.34706439703806286,0.0,262648.8786339267,6289.020889364443,20401313.857040957,401.7864939069482,312.79737084709154
-1.1785714285714286,0.75,-0.005,268.7617654227305,-0.4428001161994414,0.4037644347797726,0.0,262645.95367759006,6289.020903872798,20400262.53177012,401.7818585814705,312.7955665034584
-1.1785714285714286,0.75,0.005,268.7617654227305,-0.4427914254513141,0.4037955163741361,0.0,262645.9517808667,6289.020903875183,20400261.871408712,401.7818556666499,312.79556536883405
-1.1785714285714286,0.75,0.015,268.7617654227305,-0.4428001161994414,0.4037644347797726,0.0,262645.95367759006,6289.020903872798,20400262.53177012,401.7818585814705,312.7955665034584
-1.1785714285714286,0.77,-0.005,268.7518299069346,-0.7227096585721857,0.463360770401167,0.0,262643.3436857703,6289.020921149833,20399291.033139057,401.77757689438903,312.79389980761863
-1.1785714285714286,0.77,0.005,268.7518299069346,-0.7227010716255219,0.46338945586855385,0.0,262643.3416185881,6289.020921152363,20399290.314295467,401.7775737212809,312.7938985724466
-1.1785714285714286,0.77,0.015,268.7518299069346,-0.7227096585721857,0.463360770401167,0.0,262643.3436857703,6289.020921149833,20399291.033139057,401.77757689438903,312.79389980761863
-1.1785714285714286,0.79,-0.005,268.74273829506274,-1.007838890184644,0.5258194442005394,0.0,262641.0619615001,6289.020941798784,20398402.212337855,401.7736617632611,312.79237579011794
-1.1785714285714286,0.79,0.005,268.74273829506274,-1.0078304867081094,0.5258456672946451,0.0,262641.0597365908,6289.020941801492,20398401.439473215,401.77365835157275,312.7923744620691
-1.1785714285714286,0.79,0.015,268.74273829506274,-1.007838890184644,0.5258194442005394,0.0,262641.0619615001,6289.020941798784,20398402.212337855,401.7736617632611,312.79237579011794
-1.1785714285714286,0.8100000000000002,-0.005,268.73451524459836,-1.2980420744104102,0.5910993594994114,0.0,262639.1206865629,6289.0209668478665,20397598.51126976,401.77012449914747,312.7909988560547
-1.1785714285714286,0.8100000000000002,0.005,268.73451524459836,-1.298033933530771,0.5911230662389096,0.0,262639.1183172764,6289.020966850791,20397597.689042296,401.7701208694644,312.79099744314203
-1.1785714285714286,0.8100000000000002,0.015,268.73451524459836,-1.2980420744104102,0.5910993594994114,0.0,262639.1206865629,6289.0209668478665,20397598.51126976,401.77012449914747,312.7909988560547
-1.1785714285714286,0.83,-0.005,268.72718156630856,-1.5931694486914616,0.6591511114219905,0.0,262637.53098275757,6289.020997615146,20396882.004699893,401.76697492766715,312.78977283216705
-1.1785714285714286,0.83,0.005,268.72718156630856,-1.5931616484177724,0.6591722599483341,0.0,262637.5284829946,6289.02099761833,20396881.137940682,401.7669711013449,312.78977134270355
-1.1785714285714286,0.83,0.015,268.72718156630856,-1.5931694486914616,0.6591511114219905,0.0,262637.53098275757,6289.020997615146,20396882.004699893,401.76697492766715,312.78977283216705
-1.1785714285714286,0.8500000000000001,-0.005,268.72075429269825,-1.893067459359079,0.7299170550173875,0.0,262636.3029269163,6289.021035740534,20396254.40798804,401.7642214378577,312.7887009858215
-1.1785714285714286,0.8500000000000001,0.005,268.72075429269825,-1.893060076143583,0.7299356154361223,0.0,262636.30031105917,6289.021035744032,20396253.501675833,401.76421743691196,312.7886994283774
-1.1785714285714286,0.8500000000000001,0.015,268.72075429269825,-1.893067459359079,0.7299170550173875,0.0,262636.3029269163,6289.021035740534,20396254.40798804,401.7642214378577,312.7887009858215
-1.1785714285714286,0.87,-0.005,268.7152467013629,-2.1975809923534655,0.8033319448560836,0.0,262635.4455423293,6289.021083178443,20395717.07917518,401.76187098741684,312.787786027027
-1.1785714285714286,0.87,0.005,268.7152467013629,-2.197574100692293,0.8033478990432673,0.0,262635.44282517117,6289.021083182312,20395716.13841116,401.7618668344113,312.78778441038605
-1.1785714285714286,0.87,0.015,268.7152467013629,-2.1975809923534655,0.8033319448560836,0.0,262635.4455423293,6289.021083178443,20395717.07917518,401.76187098741684,312.787786027027
-1.1785714285714286,0.89,-0.005,268.71066835850075,-2.506553043683475,0.8793228832486496,0.0,262634.96678691043,6289.021142175326,20395271.022566944,401.75992910743145,312.7870301102525
-1.1785714285714286,0.89,0.005,268.71066835850075,-2.5065467157479615,0.8793362246271652,0.0,262634.96398358373,6289.0211421796375,20395270.0525491,401.7599248253655,312.78702844336806
-1.1785714285714286,0.89,0.015,268.71066835850075,-2.506553043683475,0.8793228832486496,0.0,262634.96678691043,6289.021142175326,20395271.022566944,401.75992910743145,312.7870301102525
-1.1785714285714286,0.9099999999999999,-0.005,268.70702510196946,-2.819824924960174,0.9578093278236013,0.0,262634.8735621829,6289.021215339443,20394916.889274653,401.75839993772865,312.7864348481689
-1.1785714285714286,0.9099999999999999,0.005,268.70702510196946,-2.819819230255913,0.9578200611135584,0.0,262634.870688087,6289.021215344278,20394915.895272292,401.75839554992433,312.7864331401204
-1.1785714285714286,0.9099999999999999,0.015,268.70702510196946,-2.819824924960174,0.9578093278236013,0.0,262634.8735621829,6289.021215339443,20394916.889274653,401.75839993772865,312.7864348481689
-1.1785714285714286,0.93,-0.005,268.70431908763453,-3.1372323198456114,1.0387018682134337,0.0,262635.17174291215,6289.0213057523215,20394654.98524397,401.7572863152485,312.7860013460358
-1.1785714285714286,0.93,0.005,268.70431908763453,-3.1372273248790363,1.0387100091563095,0.0,262635.1688136419,6289.021305757775,20394653.972572267,401.75728184523916,312.7859996059848
-1.1785714285714286,0.93,0.015,268.70431908763453,-3.1372323198456114,1.0387018682134337,0.0,262635.17174291215,6289.0213057523215,20394654.98524397,401.7572863152485,312.7860013460358
-1.1785714285714286,0.95,-0.005,268.702548818443,-3.4586068950035753,1.1219025128764673,0.0,262635.8661762286,6289.021416984883,20394485.274614517,401.7565897964358,312.7857302104072
-1.1785714285714286,0.95,0.005,268.702548818443,-3.4586026629451943,1.1219080879326122,0.0,262635.86320750194,6289.021416991066,20394484.24860932,401.75658526785475,312.78572844755433
-1.1785714285714286,0.95,0.015,268.702548818443,-3.4586068950035753,1.1219025128764673,0.0,262635.8661762286,6289.021416984883,20394485.274614517,401.7565897964358,312.7857302104072
-1.1785714285714286,0.9700000000000001,-0.005,268.70170925754184,-3.783773703454407,1.207303761800201,0.0,262636.9606902337,6289.02155311384,20394407.3913044,401.75631071616374,312.78562157206244
-1.1785714285714286,0.9700000000000001,0.005,268.70170925754184,-3.7837702938221125,1.2073068078175737,0.0,262636.95769782324,6289.02155312088,20394406.357298344,401.75630615263987,312.78561979560664
-1.1785714285714286,0.9700000000000001,0.015,268.70170925754184,-3.783773703454407,1.207303761800201,0.0,262636.9606902337,6289.02155311384,20394407.3913044,401.75631071616374,312.78562157206244
-1.1785714285714286,0.99,-0.005,268.70179868926783,-4.111730775709529,1.2945483575876255,0.0,262638.45958287816,6289.021726820936,20394421.56480262,401.7564561383564,312.7856781809639
-1.1785714285714286,0.99,0.005,268.70179868926783,-4.111728236999371,1.2945489435878037,0.0,262638.45657715335,6289.021726828949,20394420.526237752,401.7564515551625,312.78567639685144
-1.1785714285714286,0.99,0.015,268.70179868926783,-4.111730775709529,1.2945483575876255,0.0,262638.45958287816,6289.021726820936,20394421.56480262,401.7564561383564,312.7856781809639
-1.1785714285714286,1.01,-0.005,268.7017561083743,-6.51789315864992e-07,2.0521109819909973e-07,0.0,262638.43418636086,6289.044819329359,20395137.857773386,401.7706303189619,312.79119575451176
-1.1785714285714286,1.01,0.005,268.70171352748076,4.111730775709528,-1.2945483575876255,0.0,262638.4087898356,6289.021660288468,20394411.154655043,401.75637843779896,312.78564793425306
-1.1785714285714286,1.01,0.015,268.7017561083743,-6.51789315864992e-07,2.0521109819909973e-07,0.0,262638.43418636086,6289.044819329359,20395137.857773386,401.7706303189619,312.79119575451176
-1.1071428571428572,-0.01,-0.005,269.24733756612545,5.177559230942824,8.246864064732106e-19,0.0,262796.32226573577,6289.0211586397045,20447789.43141677,401.9916552298163,312.87722138125645
-1.1071428571428572,-0.01,0.005,269.24733756612545,5.177559230942824,0.009380583399292534,0.0,262796.32226573577,6289.021158530256,20447789.4279932,401.9916551625109,312.87722135506397
-1.1071428571428572,-0.01,0.015,269.24733756612545,5.177559230942824,8.246864064732106e-19,0.0,262796.32226573577,6289.0211586397045,20447789.43141677,401.9916552298163,312.87722138125645
-1.1071428571428572,0.01,-0.005,269.24733756612545,5.177559230942824,-0.009380583399292534,0.0,262796.32226573577,6289.021158530256,20447789.427993197,401.9916551625109,312.87722135506397
-1.1071428571428572,0.01,0.005,269.24733756612545,5.177546123487294,-0.009378670572343201,0.0,262796.32710448664,6289.021158531174,20447791.130789053,401.9916626684237,312.8772242760563
-1.1071428571428572,0.01,0.015,269.24733756612545,5.177559230942824,-0.009380583399292534,0.0,262796.32226573577,6289.021158530256,20447789.427993197,401.9916551625109,312.87722135506397
-1.1071428571428572,0.030000000000000002,-0.005,269.2460928816547,5.168801255506505,-0.02806729103658611,0.0,262795.9252098371,6289.021155928502,20447667.510399,401.99111653944635,312.87701174506077
-1.1071428571428572,0.030000000000000002,0.005,269.2460928816547,5.16878823973252,-0.028061673762263442,0.0,262795.9300244135,6289.021155929429,20447669.204640225,401.9911240076915,312.8770146513964
-1.1071428571428572,0.030000000000000002,0.015,269.2460928816547,5.168801255506505,-0.02806729103658611,0.0,262795.9252098371,6289.021155928502,20447667.510399,401.99111653944635,312.87701174506077
-1.1071428571428572,0.049999999999999996,-0.005,269.24360960479794,5.151448634392578,-0.046522581441375124,0.0,262795.1339822677,6289.021151042451,20447424.27565189,401.9900420839427,312.87659361063186
-1.1071428571428572,0.049999999999999996,0.005,269.24360960479794,5.151435800776801,-0.04651325196231235,0.0,262795.1387667695,6289.021151043406,20447425.959128886,401.990049504823,312.8765964985389
-1.1071428571428572,0.049999999999999996,0.015,269.24360960479794,5.151448634392578,-0.046522581441375124,0.0,262795.1339822677,6289.021151042451,20447424.27565189,401.9900420839427,312.87659361063186
-1.1071428571428572,0.07,-0.005,269.23990050637036,5.125535346804978,-0.06459343321437182,0.0,262793.9528066961,6289.021143922861,20447060.979599554,401.98843734102627,312.875969108846
-1.1071428571428572,0.07,0.005,269.23990050637036,5.125522784339764,-0.06458044117039248,0.0,262793.9575461846,6289.021143923855,20447062.64697,401.98844469103256,312.8759719691774
-1.1071428571428572,0.07,0.015,269.23990050637036,5.125535346804978,-0.06459343321437182,0.0,262793.9528066961,6289.021143922861,20447060.979599554,401.98843734102627,312.875969108846
-1.1071428571428572,0.09,-0.005,269.2349848009628,5.091086442951158,-0.0821278978959433,0.0,262792.38792052213,6289.02113473918,20446579.50986178,401.98631069018944,312.87514149944263
-1.1071428571428572,0.09,0.005,269.2349848009628,5.091074238369398,-0.08211131225337172,0.0,262792.3926001971,6289.0211347402255,20446581.155837197,401.98631794604677,312.8751443231425
-1.1071428571428572,0.09,0.015,269.2349848009628,5.091086442951158,-0.0821278978959433,0.0,262792.38792052213,6289.02113473918,20446579.50986178,401.98631069018944,312.87514149944263
-1.1071428571428572,0.11000000000000001,-0.005,269.2288879755373,5.048129761224087,-0.09897534715613839,0.0,262790.4475631709,6289.021123700601,20445982.369714938,401.9836732372523,312.8741151027812
-1.1071428571428572,0.11000000000000001,0.005,269.2288879755373,5.048117998251803,-0.09895525570199451,0.0,262790.45216841204,6289.021123701709,20445983.989076827,401.9836803759904,312.8741178809119
-1.1071428571428572,0.11000000000000001,0.015,269.2288879755373,5.048129761224087,-0.09897534715613839,0.0,262790.4475631709,6289.021123700601,20445982.369714938,401.9836732372523,312.8741151027812
-1.1071428571428572,0.13,-0.005,269.2216415590684,4.99669908635173,-0.11498680109007729,0.0,262788.1419232669,6289.02111105063,20445272.655322053,401.9805387121323,312.8728952600982
-1.1071428571428572,0.13,0.005,269.2216415590684,4.996687844968047,-0.11496330976935729,0.0,262788.14643968013,6289.021111051812,20445274.242939766,401.98054571116376,312.87289798387087
-1.1071428571428572,0.13,0.015,269.2216415590684,4.99669908635173,-0.11498680109007729,0.0,262788.1419232669,6289.02111105063,20445272.655322053,401.9805387121323,312.8728952600982
-1.1071428571428572,0.15,-0.005,269.21328290462156,4.936833352705301,-0.1300152013161618,0.0,262785.4830681459,6289.021097060492,20444454.034135986,401.97692337137255,312.8714882956245
-1.1071428571428572,0.15,0.005,269.21328290462156,4.936822708509882,-0.1299884334413141,0.0,262785.48748161015,6289.0210970617545,20444455.584984466,401.97693020857014,312.87149095642917
-1.1071428571428572,0.15,0.015,269.21328290462156,4.936833352705301,-0.1300152013161618,0.0,262785.4830681459,6289.021097060492,20444454.034135986,401.97692337137255,312.8714882956245
-1.1071428571428572,0.17,-0.005,269.2038548951213,4.868577114067677,-0.1439157467710714,0.0,262782.4848582423,6289.021082023429,20443530.715852056,401.97284586838373,312.86990146614545
-1.1071428571428572,0.17,0.005,269.2038548951213,4.8685671376802135,-0.14388584211040364,0.0,262782.48915495793,6289.0210820247785,20443532.22503005,401.97285252216005,312.8699040555819
-1.1071428571428572,0.17,0.015,269.2038548951213,4.868577114067677,-0.1439157467710714,0.0,262782.4848582423,6289.021082023429,20443530.715852056,401.97284586838373,312.86990146614545
-1.1071428571428572,0.19,-0.005,269.19340565538687,4.791980053837697,-0.15654619562094885,0.0,262779.1628573583,6289.021066247291,20442507.423914302,401.96832712540703,312.86814291123596
-1.1071428571428572,0.19,0.005,269.19340565538687,4.791970810346086,-0.15651330937389718,0.0,262779.16702389636,6289.021066248731,20442508.886662643,401.96833357479466,312.8681454211451
-1.1071428571428572,0.19,0.015,269.19340565538687,4.791980053837697,-0.15654619562094885,0.0,262779.1628573583,6289.021066247291,20442507.423914302,401.96832712540703,312.86814291123596
-1.1071428571428572,0.21,-0.005,269.1819882069411,4.707097770251206,-0.1677672260069882,0.0,262775.53423285857,6289.0210500477915,20441389.36143581,401.9633901812456,312.86622159407
-1.1071428571428572,0.21,0.005,269.1819882069411,4.707089318649331,-0.16773152767354318,0.0,262775.5382562107,6289.021050049327,20441390.773156006,401.9633964059786,312.8662240165651
-1.1071428571428572,0.21,0.015,269.1819882069411,4.707097770251206,-0.1677672260069882,0.0,262775.53423285857,6289.0210500477915,20441389.36143581,401.9633901812456,312.86622159407
-1.1071428571428572,0.23,-0.005,269.16966010056086,4.613990587209172,-0.17744267278290674,0.0,262771.61763916595,6289.021033740707,20440182.174904265,401.95806002877157,312.8641472382529
-1.1071428571428572,0.23,0.005,269.16966010056086,4.6139829799787595,-0.1774043449485245,0.0,262771.62150679645,6289.021033742338,20440183.531177267,401.9580660093681,312.86414956575226
-1.1071428571428572,0.23,0.015,269.16966010056086,4.613990587209172,-0.17744267278290674,0.0,262771.61763916595,6289.021033740707,20440182.174904265,401.95806002877157,312.8641472382529
-1.1071428571428572,0.25,-0.005,269.1564830173141,4.512723894772264,-0.18543985618347383,0.0,262767.43310004304,6289.021017635518,20438891.91484741,401.9523634397402,312.8619302597154
-1.1071428571428572,0.25,0.005,269.1564830173141,4.512717177496344,-0.18539909322483286,0.0,262767.43679994094,6289.021017637243,20438893.21145247,401.9523691575855,312.86193248497426
-1.1071428571428572,0.25,0.015,269.1564830173141,4.512723894772264,-0.18543985618347383,0.0,262767.43310004304,6289.021017635518,20438891.91484741,401.9523634397402,312.8619302597154
-1.1071428571428572,0.27,-0.005,269.14252235032956,4.403367861698035,-0.191629865258972,0.0,262763.0018819153,6289.0210020288205,20437524.99460609,401.94632878113396,312.8595816953105
-1.1071428571428572,0.27,0.005,269.14252235032956,4.403362072742483,-0.19158687198572688,0.0,262763.0054026477,6289.02100203064,20437526.22753971,401.94633421856395,312.8595838114539
-1.1071428571428572,0.27,0.015,269.14252235032956,4.403367861698035,-0.191629865258972,0.0,262763.0018819153,6289.0210020288205,20437524.99460609,401.94632878113396,312.8595816953105
-1.1071428571428572,0.29,-0.005,269.1278467702425,4.285996752971292,-0.1958877898982148,0.0,262758.3463606512,6289.020987197904,20436088.14751739,401.93998582453065,312.85711312869284
-1.1071428571428572,0.29,0.005,269.1278467702425,4.2859919232462325,-0.19584278014498674,0.0,262758.34969141666,6289.020987199811,20436089.313012082,401.9399909649147,312.8571151292474
-1.1071428571428572,0.29,0.015,269.1278467702425,4.285996752971292,-0.1958877898982148,0.0,262758.3463606512,6289.020987197904,20436088.14751739,401.93998582453065,312.85711312869284
-1.1071428571428572,0.31,-0.005,269.1125277744005,4.160689712211096,-0.19809307894217798,0.0,262753.4898905585,6289.020973395947,20434588.382564403,401.93336554942647,312.8545366138413
-1.1071428571428572,0.31,0.005,269.1125277744005,4.160685864972135,-0.19804627412200151,0.0,262753.49302123993,6289.02097339794,20434589.477107063,401.9333703772488,312.8545384927673
-1.1071428571428572,0.31,0.015,269.1125277744005,4.160689712211096,-0.19809307894217798,0.0,262753.4898905585,6289.020973395947,20434588.382564403,401.93336554942647,312.8545366138413
-1.1071428571428572,0.33,-0.005,269.09663925205064,4.027531017832137,-0.1981298284366458,0.0,262748.4566741964,6289.020960846,20433032.941558167,401.92649995263537,312.85186460094155
-1.1071428571428572,0.33,0.005,269.09663925205064,4.027528168494351,-0.19808145607246103,0.0,262748.45959541155,6289.02096084807,20433033.961907595,401.926504453573,312.8518663526632
-1.1071428571428572,0.33,0.015,269.09663925205064,4.027531017832137,-0.1981298284366458,0.0,262748.4566741964,6289.020960846,20433032.941558167,401.92649995263537,312.85186460094155
-1.1071428571428572,0.35,-0.005,269.08025697051283,3.8866074903811154,-0.19588676474234898,0.0,262743.2715993682,6289.020949738419,20431429.248700775,401.9194218256289,312.849109849785
-1.1071428571428572,0.35,0.005,269.08025697051283,3.886605646525755,-0.19583705700275636,0.0,262743.27430252224,6289.020949740561,20431430.19190543,401.9194259866297,312.8491114692208
-1.1071428571428572,0.35,0.015,269.08025697051283,3.8866074903811154,-0.19588676474234898,0.0,262743.2715993682,6289.020949738419,20431429.248700775,401.9194218256289,312.849109849785
-1.1071428571428572,0.36999999999999994,-0.005,269.06345813580197,3.738010757903287,-0.1912577863689138,0.0,262737.96011711634,6289.02094022837,20429784.867447957,401.9121645639603,312.84628535564667
-1.1071428571428572,0.36999999999999994,0.005,269.06345813580197,3.7380099192716485,-0.19120697859447927,0.0,262737.96259445074,6289.020940230577,20429785.730862267,401.9121683733163,312.84628683823786
-1.1071428571428572,0.36999999999999994,0.015,269.06345813580197,3.738010757903287,-0.1912577863689138,0.0,262737.96011711634,6289.02094022837,20429784.867447957,401.9121645639603,312.84628535564667
-1.1071428571428572,0.39,-0.005,269.046320927605,3.581835429280181,-0.18414199673488116,0.0,262732.54809505236,6289.02093243282,20428107.45485486,401.9047619652009,312.84340427068355
-1.1071428571428572,0.39,0.005,269.046320927605,3.5818355878646027,-0.18409032598606204,0.0,262732.5503396912,6289.020932435084,20428108.236154642,401.90476541261705,312.84340561242107
-1.1071428571428572,0.39,0.015,269.046320927605,3.581835429280181,-0.18414199673488116,0.0,262732.54809505236,6289.02093243282,20428107.45485486,401.9047619652009,312.84340427068355
-1.1071428571428572,0.4099999999999999,-0.005,269.0289240429144,3.4181784622949043,-0.17444384879263594,0.0,262727.0616790366,6289.020926429085,20426404.716828767,401.8972480314615,312.8404798271088
-1.1071428571428572,0.4099999999999999,0.005,269.0289240429144,3.4181796024914486,-0.1743915524244765,0.0,262727.0636850309,6289.020926431398,20426405.414025478,401.89725110811884,312.8404810245578
-1.1071428571428572,0.4099999999999999,0.015,269.0289240429144,3.4181784622949043,-0.17444384879263594,0.0,262727.0616790366,6289.020926429085,20426404.716828767,401.8972480314615,312.8404798271088
-1.1071428571428572,0.43,-0.005,269.01134634304947,3.247141554916139,-0.16207359687745942,0.0,262721.52719443553,6289.0209222541625,20424684.373537023,401.8896568169135,312.8375252778706
-1.1071428571428572,0.43,0.005,269.01134634304947,3.2471436536701086,-0.1620209111597643,0.0,262721.5289567991,6289.020922256517,20424684.98498917,401.8896595155209,312.8375263281908
-1.1071428571428572,0.43,0.015,269.01134634304947,3.247141554916139,-0.16207359687745942,0.0,262721.52719443553,6289.0209222541625,20424684.373537023,401.8896568169135,312.8375252778706
-1.1071428571428572,0.45,-0.005,268.99366628978123,3.06883075067882,-0.14694743259182008,0.0,262715.9709790894,6289.020919911019,20422954.104400452,401.88202218841127,312.8345538034999
-1.1071428571428572,0.45,0.005,268.99366628978123,3.068833777739038,-0.1468945913945763,0.0,262715.9724938358,6289.02091991341,20422954.6288252,401.8820245032572,312.83455470446546
-1.1071428571428572,0.45,0.015,268.99366628978123,3.06883075067882,-0.14694743259182008,0.0,262715.9709790894,6289.020919911019,20422954.104400452,401.88202218841127,312.8345538034999
-1.1071428571428572,0.47,-0.005,268.97596159612243,2.883354274181182,-0.12898741380265463,0.0,262710.4192685362,6289.0209193674855,20421221.51387903,401.8743776741286,312.831578453204
-1.1071428571428572,0.47,0.005,268.97596159612243,2.8833581924084193,-0.12893464733418414,0.0,262710.4205327093,6289.020919369906,20421221.95036123,401.87437960112203,312.8315792032199
-1.1071428571428572,0.47,0.015,268.97596159612243,2.883354274181182,-0.12898741380265463,0.0,262710.4192685362,6289.0209193674855,20421221.51387903,401.8743776741286,312.831578453204
-1.1071428571428572,0.49,-0.005,268.9583087404588,2.6908202065183153,-0.10812133834824224,0.0,262704.89804656943,6289.0209205612555,20419494.08408304,401.8667562568138,312.82861206439543
-1.1071428571428572,0.49,0.005,268.9583087404588,2.6908249721782496,-0.10806887193833921,0.0,262704.8990582713,6289.0209205637,20419494.43208349,401.8667577935217,312.82861266251183
-1.1071428571428572,0.49,0.015,268.9583087404588,2.6908202065183153,-0.10812133834824224,0.0,262704.89804656943,6289.0209205612555,20419494.08408304,401.8667562568138,312.82861206439543
-1.1071428571428572,0.51,-0.005,268.94078281845054,2.491341363276669,-0.08428363088838356,0.0,262699.43301093124,6289.0209234032245,20417779.16040229,401.8591903117809,312.82566723854586
-1.1071428571428572,0.51,0.005,268.94078281845054,2.491346926504773,-0.08423168387592814,0.0,262699.4337693381,6289.02092340569,20417779.419761438,401.85919145744583,312.8256676844649
-1.1071428571428572,0.51,0.015,268.94078281845054,2.491341363276669,-0.08428363088838356,0.0,262699.43301093124,6289.0209234032245,20417779.16040229,401.8591903117809,312.82566723854586
-1.1071428571428572,0.53,-0.005,268.9234570424245,2.2850340177183166,-0.05741517755660316,0.0,262694.0494182892,6289.020927778944,20416083.902583778,401.8517113914047,312.8227562572881
-1.1071428571428572,0.53,0.005,268.9234570424245,2.2850403228995533,-0.057363962249639744,0.0,262694.04992366495,6289.020927781426,20416084.073524795,401.85171214695856,312.82275655136976
-1.1071428571428572,0.53,0.015,268.9234570424245,2.2850340177183166,-0.05741517755660316,0.0,262694.0494182892,6289.020927778944,20416083.902583778,401.8517113914047,312.8227562572881
-1.1071428571428572,0.55,-0.005,268.9064024366726,2.0720153806263966,-0.027463048486166586,0.0,262688.771987093,6289.02093356047,20414415.255317423,401.84435010050356,312.81989103388617
-1.1071428571428572,0.55,0.005,268.9064024366726,2.0720223668369613,-0.027412769205894548,0.0,262688.7722407971,6289.020933562969,20414415.338447116,401.84435046857334,312.81989117715
-1.1071428571428572,0.55,0.015,268.9064024366726,2.0720153806263966,-0.027463048486166586,0.0,262688.771987093,6289.02093356047,20414415.255317423,401.84435010050356,312.81989103388617
-1.1071428571428572,0.57,-0.005,268.8896875051922,1.8524052424222297,0.005619022690062401,0.0,262683.6248043672,6289.020940621137,20412779.91622404,401.837135961523,312.8170830607271
-1.1071428571428572,0.57,0.005,268.8896875051922,1.8524128438315866,0.00566817049490831,0.0,262683.6248088561,6289.0209406236545,20412779.91253137,401.8371359464254,312.81708305485057
-1.1071428571428572,0.57,0.015,268.8896875051922,1.8524052424222297,0.005619022690062401,0.0,262683.6248043672,6289.020940621137,20412779.91622404,401.837135961523,312.8170830607271
-1.1071428571428572,0.59,-0.005,268.8733780925936,1.626325303827116,0.041870705358060444,0.0,262678.6312763991,6289.020948839599,20411184.32241844,401.8300973564798,312.81434338668606
-1.1071428571428572,0.59,0.005,268.8733780925936,1.626333450300281,0.041918535869268275,0.0,262678.63103521883,6289.020948842138,20411184.23327025,401.830096964202,312.814343233997
-1.1071428571428572,0.59,0.015,268.8733780925936,1.626325303827116,0.041870705358060444,0.0,262678.6312763991,6289.020948839599,20411184.32241844,401.8300973564798,312.81434338668606
-1.1071428571428572,0.61,-0.005,268.85753703035004,1.3938998333936086,0.08132488249934818,0.0,262673.8140239428,6289.02095811082,20409634.616288688,401.8232613803981,312.8116825600355
-1.1071428571428572,0.61,0.005,268.85753703035004,1.3939084509074178,0.08137122023595433,0.0,262673.8135417169,6289.020958113385,20409634.443423487,401.82326061857225,312.81168226350206
-1.1071428571428572,0.61,0.015,268.85753703035004,1.3938998333936086,0.08132488249934818,0.0,262673.8140239428,6289.02095811082,20409634.616288688,401.8232613803981,312.8116825600355
-1.1071428571428572,0.63,-0.005,268.84222398059364,1.1552531430798285,0.12400808343287462,0.0,262669.1948314408,6289.0209683650355,20408136.630860116,401.8166537849092,312.80911060644485
-1.1071428571428572,0.63,0.005,268.84222398059364,1.1552621542824109,0.12405276384168597,0.0,262669.194113851,6289.020968367634,20408136.37637961,401.8166526627751,312.8091101696613
-1.1071428571428572,0.63,0.015,268.84222398059364,1.1552531430798285,0.12400808343287462,0.0,262669.1948314408,6289.0209683650355,20408136.630860116,401.8166537849092,312.80911060644485
-1.1071428571428572,0.65,-0.005,268.8274952498196,0.9105153208933837,0.16993920626472234,0.0,262664.79459587834,6289.0209795804985,20406695.872024156,401.81029890499934,312.8066370004188
-1.1071428571428572,0.65,0.005,268.8274952498196,0.9105246455920779,0.1699820762389766,0.0,262664.7936496389,6289.020979583139,20406695.53838238,401.8102974333573,312.80663642758697
-1.1071428571428572,0.65,0.015,268.8274952498196,0.9105153208933837,0.16993920626472234,0.0,262664.79459587834,6289.0209795804985,20406695.872024156,401.81029890499934,312.8066370004188
-1.1071428571428572,0.67,-0.005,268.8134035535191,0.6598153504488995,0.2191309068190344,0.0,262660.63325096597,6289.020991811391,20405317.49644141,401.8042195738518,312.8042706320981
-1.1071428571428572,0.67,0.005,268.8134035535191,0.6598249060913357,0.21917182512992603,0.0,262660.6320837911,6289.020991814087,20405317.086431656,401.8042177650055,312.8042699280054
-1.1071428571428572,0.67,0.015,268.8134035535191,0.6598153504488995,0.2191309068190344,0.0,262660.63325096597,6289.020991811391,20405317.49644141,401.8042195738518,312.8042706320981
-1.1071428571428572,0.69,-0.005,268.79999799757627,0.4032882891282057,0.2715878916283654,0.0,262656.72975480143,6289.02100518376,20404006.309656434,401.79843711164193,312.8020198028465
-1.1071428571428572,0.69,0.005,268.79999799757627,0.4032979914038149,0.2716267292490879,0.0,262656.72837536887,6289.021005186527,20404005.82639687,401.79843497933535,312.802018972841
-1.1071428571428572,0.69,0.015,268.79999799757627,0.4032882891282057,0.2715878916283654,0.0,262656.72975480143,6289.02100518376,20404006.309656434,401.79843711164193,312.8020198028465
-1.1071428571428572,0.71,-0.005,268.787324048912,0.14107473120710767,0.32730710046068323,0.0,262653.10206627636,6289.021019901763,20402766.76348336,401.79297131604534,312.7998922215034
-1.1071428571428572,0.71,0.005,268.787324048912,0.14108449460584285,0.3273437408232879,0.0,262653.100484184,6289.021019904616,20402766.21040013,401.79296887538874,312.79989127146547
-1.1071428571428572,0.71,0.015,268.787324048912,0.14107473120710767,0.32730710046068323,0.0,262653.10206627636,6289.021019901763,20402766.76348336,401.79297131604534,312.7998922215034
-1.1071428571428572,0.73,-0.005,268.77542333828626,-0.1266414180852661,0.38626809338867585,0.0,262649.76695793733,6289.021035985824,20401602.92860106,401.7878402154698,312.79789490827767
-1.1071428571428572,0.73,0.005,268.77542333828626,-0.12663167854395185,0.38630243225256483,0.0,262649.76518364897,6289.021035988781,20401602.309408728,401.78783748285093,312.7978938445852
-1.1071428571428572,0.73,0.015,268.77542333828626,-0.1266414180852661,0.38626809338867585,0.0,262649.76695793733,6289.021035985824,20401602.92860106,401.7878402154698,312.79789490827767
-1.1071428571428572,0.75,-0.005,268.76433170457005,-0.3997277943641311,0.44845852450004037,0.0,262646.7405048624,6289.02105592286,20400518.385975253,401.78306085240854,312.79603449962326
-1.1071428571428572,0.75,0.005,268.76433170457005,-0.39971816512151753,0.4484904708026937,0.0,262646.7385496538,6289.021055925968,20400517.70465269,401.78305784540316,312.79603332911677
-1.1071428571428572,0.75,0.015,268.76433170457005,-0.3997277943641311,0.44845852450004037,0.0,262646.7405048624,6289.02105592286,20400518.385975253,401.78306085240854,312.79603449962326
-1.1071428571428572,0.7699999999999999,-0.005,268.7540836091703,-0.6780406297777428,0.5138533501683752,0.0,262644.0373760728,6289.0210797750815,20399516.506166987,401.77864818359535,312.79431682007106
-1.1071428571428572,0.7699999999999999,0.005,268.7540836091703,-0.6780311968998936,0.5138828256059489,0.0,262644.0352519783,6289.021079778373,20399515.766942795,401.77864492087974,312.7943155500198
-1.1071428571428572,0.7699999999999999,0.015,268.7540836091703,-0.6780406297777428,0.5138533501683752,0.0,262644.0373760728,6289.0210797750815,20399516.506166987,401.77864818359535,312.79431682007106
-1.1071428571428572,0.79,-0.005,268.7447089275086,-0.9614277284621139,0.5824191652152476,0.0,262641.670991632,6289.021107883062,20398600.21983262,401.77461535481666,312.79274698915316
-1.1071428571428572,0.79,0.005,268.7447089275086,-0.9614185773962619,0.582446104308182,0.0,262641.66871138156,6289.021107886574,20398599.427159823,401.7746118560648,312.7927456272152
-1.1071428571428572,0.79,0.015,268.7447089275086,-0.9614277284621139,0.5824191652152476,0.0,262641.670991632,6289.021107883062,20398600.21983262,401.77461535481666,312.79274698915316
-1.1071428571428572,0.81,-0.005,268.736233043012,-1.2497322734751102,0.6541139585648672,0.0,262639.6537005116,6289.02114129,20397772.040205903,401.7709740016989,312.7913295384462
-1.1071428571428572,0.81,0.005,268.736233043012,-1.2497234888139592,0.6541383086411927,0.0,262639.65127746674,6289.021141293776,20397771.198738497,401.7709702874792,312.79132809262774
-1.1071428571428572,0.81,0.015,268.736233043012,-1.2497322734751102,0.6541139585648672,0.0,262639.6537005116,6289.02114129,20397772.040205903,401.7709740016989,312.7913295384462
-1.1071428571428572,0.83,-0.005,268.7286772683798,-1.5427931194146822,0.728886661383876,0.0,262637.9967610328,6289.021181443828,20397034.09506227,401.76773424813337,312.7900684109213
-1.1071428571428572,0.83,0.005,268.7286772683798,-1.5427847843099107,0.7289083824167667,0.0,262637.9942091191,6289.021181447914,20397033.209630586,401.7677303398003,312.79006688953507
-1.1071428571428572,0.83,0.015,268.7286772683798,-1.5427931194146822,0.728886661383876,0.0,262637.9967610328,6289.021181443828,20397034.09506227,401.76773424813337,312.7900684109213
-1.1071428571428572,0.8500000000000001,-0.005,268.7220589809153,-1.840445513493025,0.8066772723161693,0.0,262636.71033273626,6289.0212301258925,20396388.137773223,401.76490472050494,312.78896696645063
-1.1071428571428572,0.8500000000000001,0.005,268.7220589809153,-1.8404377091773745,0.8066963367370891,0.0,262636.7076663725,6289.021230130345,20396387.21335834,401.7649006400866,312.7889653780716
-1.1071428571428572,0.8500000000000001,0.015,268.7220589809153,-1.840445513493025,0.8066772723161693,0.0,262636.71033273626,6289.0212301258925,20396388.137773223,401.76490472050494,312.78896696645063
-1.1071428571428572,0.87,-0.005,268.7163916704795,-2.142523132018587,0.8874174808568713,0.0,262635.80346024723,6289.021289410599,20395835.550771955,401.7624925432528,312.7880279800503
-1.1071428571428572,0.87,0.005,268.7163916704795,-2.1425159373977114,0.8874338733401665,0.0,262635.8006942728,6289.021289415481,20395834.592479866,401.76248831333584,312.78802633347124
-1.1071428571428572,0.87,0.015,268.7163916704795,-2.142523132018587,0.8874174808568713,0.0,262635.80346024723,6289.021289410599,20395835.550771955,401.7624925432528,312.7880279800503
-1.1071428571428572,0.89,-0.005,268.7116849873401,-2.448857649354798,0.9710305620161868,0.0,262635.2840593694,6289.0213616380815,20395377.34941112,401.7605033424711,312.78725364325743
-1.1071428571428572,0.89,0.005,268.7116849873401,-2.44885114062448,0.971044279230005,0.0,262635.2812089717,6289.021361643464,20395376.36244672,401.76049898608716,312.7872519474444
-1.1071428571428572,0.89,0.015,268.7116849873401,-2.448857649354798,0.9710305620161868,0.0,262635.2840593694,6289.0213616380815,20395377.34941112,401.7605033424711,312.78725364325743
-1.1071428571428572,0.9100000000000001,-0.005,268.70794470019564,-2.759278526847157,1.057431253465827,0.0,262635.1589566671,6289.021449584094,20395014.183179643,401.75894133195936,312.78664559760716
-1.1071428571428572,0.9100000000000001,0.005,268.70794470019564,-2.759272777151555,1.0574423038002283,0.0,262635.156037308,6289.021449590062,20395013.172820732,401.7589368724697,312.78664386165474
-1.1071428571428572,0.9100000000000001,0.015,268.70794470019564,-2.759278526847157,1.057431253465827,0.0,262635.1589566671,6289.021449584094,20395014.183179643,401.75894133195936,312.78664559760716
-1.1071428571428572,0.93,-0.005,268.7051727656788,-3.07360929791975,1.146524456524294,0.0,262635.43389137025,6289.021556489285,20394746.34343388,401.7578093610925,312.7862049532514
-1.1071428571428572,0.93,0.005,268.7051727656788,-3.0736043770171646,1.1465328597915359,0.0,262635.4309187125,6289.021556495933,20394745.315005247,401.757804822074,312.7862031863381
-1.1071428571428572,0.93,0.015,268.7051727656788,-3.07360929791975,1.146524456524294,0.0,262635.43389137025,6289.021556489285,20394746.34343388,401.7578093610925,312.7862049532514
-1.1071428571428572,0.95,-0.005,268.70336735622817,-3.3916688534652017,1.2382054549774086,0.0,262636.11351162195,6289.021686076386,20394573.766673025,401.7571089373368,312.7859322977127
-1.1071428571428572,0.95,0.005,268.70336735622817,-3.3916648273925913,1.2382112420845197,0.0,262636.110501456,6289.021686083824,20394572.72552088,401.7571043424686,312.78593050905715
-1.1071428571428572,0.95,0.015,268.70336735622817,-3.3916688534652017,1.2382054549774086,0.0,262636.11351162195,6289.021686076386,20394573.766673025,401.7571089373368,312.7859322977127
-1.1071428571428572,0.97,-0.005,268.7025229722081,-3.7132692804670215,1.3323590159332634,0.0,262637.20138414495,6289.021842571349,20394496.046174243,401.7568402876589,312.7858277197822
-1.1071428571428572,0.97,0.005,268.7025229722081,-3.7132662112244605,1.3323622285248657,0.0,262637.1983523192,6289.0218425797,20394494.99764187,401.756835660616,312.78582591860135
-1.1071428571428572,0.97,0.015,268.7025229722081,-3.7132692804670215,1.3323590159332634,0.0,262637.20138414495,6289.021842571349,20394496.046174243,401.7568402876589,312.7858277197822
-1.1071428571428572,0.99,-0.005,268.70263786694727,-4.037491170881711,1.428621161394771,0.0,262638.70135664684,6289.022037054124,20394513.35846547,401.757009478498,312.7858935811264
-1.1071428571428572,0.99,0.005,268.70263786694727,-4.037489110203263,1.4286218739490286,0.0,262638.69831348944,6289.0220370635,20394512.305961397,401.75700483440414,312.78589177330844
-1.1071428571428572,0.99,0.015,268.70263786694727,-4.037491170881711,1.428621161394771,0.0,262638.70135664684,6289.022037054124,20394513.35846547,401.757009478498,312.7858935811264
-1.1071428571428572,1.01,-0.005,268.70248061321433,-2.3631761303941034e-06,8.361834825578087e-07,0.0,262638.6407184075,6289.044823900519,20395208.89811525,401.7709462609558,312.7913187399258
-1.1071428571428572,1.01,0.005,268.7023233594814,4.037491170881711,-1.428621161394771,0.0,262638.58008009725,6289.021956341428,20394480.066605914,401.7568239559338,312.78582136228965
-1.1071428571428572,1.01,0.015,268.70248061321433,-2.3631761303941034e-06,8.361834825578087e-07,0.0,262638.6407184075,6289.044823900519,20395208.89811525,401.7709462609558,312.7913187399258
-1.0357142857142856,-0.01,-0.005,269.2647845663393,5.215228015464635,8.246329690710548e-19,0.0,262801.5057649618,6289.0213242452055,20449502.612474572,401.9992852419218,312.8801906539116
-1.0357142857142856,-0.01,0.005,269.2647845663393,5.215228015464635,0.010088055970864554,0.0,262801.5057649618,6289.021324118627,20449502.608514875,401.9992851640814,312.8801906236196
-1.0357142857142856,-0.01,0.015,269.2647845663393,5.215228015464635,8.246329690710548e-19,0.0,262801.5057649618,6289.0213242452055,20449502.612474572,401.9992852419218,312.8801906539116
-1.0357142857142856,0.01,-0.005,269.2647845663393,5.215228015464635,-0.010088055970864554,0.0,262801.5057649618,6289.021324118627,20449502.60851487,401.9992851640814,312.8801906236196
-1.0357142857142856,0.01,0.005,269.2647845663393,5.215215985170897,-0.010086085835808722,0.0,262801.5104356702,6289.021324119639,20449504.251308516,401.9992924050962,312.8801934414978
-1.0357142857142856,0.01,0.015,269.2647845663393,5.215228015464635,-0.010088055970864554,0.0,262801.5057649618,6289.021324118627,20449502.60851487,401.9992851640814,312.8801906236196
-1.0357142857142856,0.03,-0.005,269.263502186683,5.206468370718323,-0.030183762196065438,0.0,262801.0977323009,6289.02132132714,20449376.992255356,401.9987301835353,312.87997465000296
-1.0357142857142856,0.03,0.005,269.263502186683,5.206456436761815,-0.030177968556437305,0.0,262801.10237965424,6289.021321328164,20449378.626776997,401.99873738813136,312.8799774537106
-1.0357142857142856,0.03,0.015,269.263502186683,5.206468370718323,-0.030183762196065438,0.0,262801.0977323009,6289.02132132714,20449376.992255356,401.9987301835353,312.87997465000296
-1.0357142857142856,0.05,-0.005,269.26094385589965,5.189108364764811,-0.05003053412029714,0.0,262800.28463878145,6289.021316083392,20449126.39410642,401.9976231723703,312.87954385030423
-1.0357142857142856,0.05,0.005,269.26094385589965,5.189096622364626,-0.05002091200216257,0.0,262800.2892569219,6289.021316084448,20449128.01815939,401.99763033090943,312.87954663609247
-1.0357142857142856,0.05,0.015,269.26094385589965,5.189108364764811,-0.05003053412029714,0.0,262800.28463878145,6289.021316083392,20449126.39410642,401.9976231723703,312.87954385030423
-1.0357142857142856,0.07,-0.005,269.2571226957828,5.1631833817367125,-0.06946359667581976,0.0,262799.0708117717,6289.021308438671,20448752.10424378,401.9959698259122,312.8789004400106
-1.0357142857142856,0.07,0.005,269.2571226957828,5.16317192452718,-0.0694501976941692,0.0,262799.0753861789,6289.021308439776,20448753.712629173,401.9959769155195,312.8789031989793
-1.0357142857142856,0.07,0.015,269.2571226957828,5.1631833817367125,-0.06946359667581976,0.0,262799.0708117717,6289.021308438671,20448752.10424378,401.9959698259122,312.8789004400106
-1.0357142857142856,0.09,-0.005,269.2520585294624,5.128719594087556,-0.08831934861984525,0.0,262797.4626659125,6289.021298573272,20448256.070327207,401.99377879159846,312.8780477830284
-1.0357142857142856,0.09,0.005,269.2520585294624,5.128708513212807,-0.08830224447650864,0.0,262797.4671821889,6289.021298574438,20448257.657894738,401.9937857896106,312.87805050635956
-1.0357142857142856,0.09,0.015,269.2520585294624,5.128719594087556,-0.08831934861984525,0.0,262797.4626659125,6289.021298573272,20448256.070327207,401.99377879159846,312.8780477830284
-1.0357142857142856,0.11000000000000001,-0.005,269.24577765499345,5.085745793221692,-0.10643554217911187,0.0,262795.46867400367,6289.021286711064,20447640.875660498,401.9910615325574,312.876990338628
-1.0357142857142856,0.11000000000000001,0.005,269.24577765499345,5.085735176546401,-0.10641482412483107,0.0,262795.4731179106,6289.021286712304,20447642.437322892,401.9910684165851,312.8769930176103
-1.0357142857142856,0.11000000000000001,0.015,269.24577765499345,5.085745793221692,-0.10643554217911187,0.0,262795.46867400367,6289.021286711064,20447640.875660498,401.9910615325574,312.876990338628
-1.0357142857142856,0.13,-0.005,269.2383126153678,5.034296806290359,-0.12365160509783227,0.0,262793.0993156028,6289.021273113481,20446909.71643606,401.9878322252197,312.8757336216428
-1.0357142857142856,0.13,0.005,269.2383126153678,5.034286737595444,-0.12362738323511183,0.0,262793.10367310233,6289.0212731148085,20446911.24718541,401.9878389732183,312.8757362476986
-1.0357142857142856,0.13,0.015,269.2383126153678,5.034296806290359,-0.12365160509783227,0.0,262793.0993156028,6289.021273113481,20446909.71643606,401.9878322252197,312.8757336216428
-1.0357142857142856,0.15,-0.005,269.2297019531016,4.974412712684977,-0.13980890848714916,0.0,262790.366998089,6289.021258070834,20446066.37737663,401.9841076487333,312.8742841594868
-1.0357142857142856,0.15,0.005,269.2297019531016,4.974403270987811,-0.13978131094012786,0.0,262790.371255388,6289.021258072259,20446067.87230119,401.98411423907726,312.87428672420157
-1.0357142857142856,0.15,0.015,269.2297019531016,4.974412712684977,-0.13980890848714916,0.0,262790.366998089,6289.021258070834,20446066.37737663,401.9841076487333,312.8742841594868
-1.0357142857142856,0.17,-0.005,269.21998991104675,4.906139507384346,-0.15475113428285955,0.0,262787.2859710841,6289.021241897401,20445115.20222265,401.9799070536029,312.8726494410951
-1.0357142857142856,0.17,0.005,269.21998991104675,4.906130766274255,-0.15472030623672048,0.0,262787.29011467966,6289.021241898929,20445116.656524118,401.9799134651607,312.87265193624603
-1.0357142857142856,0.17,0.015,269.21998991104675,4.906139507384346,-0.15475113428285955,0.0,262787.2859710841,6289.021241897401,20445115.20222265,401.9799070536029,312.8726494410951
-1.0357142857142856,0.19,-0.005,269.2092261335682,4.829528481784199,-0.16832458283857885,0.0,262783.87223291275,6289.021224923515,20444061.06415487,401.97525202871805,312.87083786524283
-1.0357142857142856,0.19,0.005,269.2092261335682,4.829520508822322,-0.1682906854602773,0.0,262783.87624963926,6289.021224925155,20444062.473165974,401.97525824092895,312.8708402828291
-1.0357142857142856,0.19,0.015,269.2092261335682,4.829528481784199,-0.16832458283857885,0.0,262783.87223291275,6289.021224923515,20444061.06415487,401.97525202871805,312.87083786524283
-1.0357142857142856,0.21,-0.005,269.19746532580524,4.744636959762517,-0.180378531982171,0.0,262780.1434314681,6289.021207487515,20442909.332103796,401.97016635025244,312.86885868181383
-1.0357142857142856,0.21,0.005,269.19746532580524,4.744629815890705,-0.1803417412341095,0.0,262780.1473085449,6289.021207489272,20442910.691306002,401.9701723432047,312.8688610140866
-1.0357142857142856,0.21,0.015,269.19746532580524,4.744636959762517,-0.180378531982171,0.0,262780.1434314681,6289.021207487515,20442909.332103796,401.97016635025244,312.86885868181383
-1.0357142857142856,0.23,-0.005,269.1847668534599,4.6515272179818,-0.19076547618458656,0.0,262776.11873961065,6289.021189929166,20441665.831280597,401.96467580585215,312.8667219234548
-1.0357142857142856,0.23,0.005,269.1847668534599,4.651520957061622,-0.19072598155082746,0.0,262776.1224646925,6289.021189931039,20441667.136322547,401.96468156036366,312.866724162949
-1.0357142857142856,0.23,0.015,269.1847668534599,4.6515272179818,-0.19076547618458656,0.0,262776.11873961065,6289.021189929166,20441665.831280597,401.96467580585215,312.8667219234548
-1.0357142857142856,0.25,-0.005,269.1711943383926,4.55026680961998,-0.19934147824416712,0.0,262771.8187356457,6289.021172582421,20440336.8032764,401.9588080166202,312.8644383363733
-1.0357142857142856,0.25,0.005,269.1711943383926,4.550261478015636,-0.19929948137292963,0.0,262771.82229687454,6289.021172584414,20440338.049992464,401.95881351432035,312.86444047593943
-1.0357142857142856,0.25,0.015,269.1711943383926,4.55026680961998,-0.19934147824416712,0.0,262771.8187356457,6289.021172582421,20440336.8032764,401.9588080166202,312.8644383363733
-1.0357142857142856,0.27,-0.005,269.1568152262372,4.4409282846895195,-0.20596646607184055,0.0,262767.2652726823,6289.021155768462,20438928.863431945,401.9525922471793,312.8620193064948
-1.0357142857142856,0.27,0.005,269.1568152262372,4.440923920925643,-0.205922179351625,0.0,262767.2686587398,6289.021155770572,20438930.047860976,401.9525974705916,312.8620213393307
-1.0357142857142856,0.27,0.015,269.1568152262372,4.4409282846895195,-0.20596646607184055,0.0,262767.2652726823,6289.021155768462,20438928.863431945,401.9525922471793,312.8620193064948
-1.0357142857142856,0.29,-0.005,269.1417003351771,4.323588522575799,-0.2105044791725953,0.0,262762.48134071135,6289.02113978879,20437448.956368282,401.9460592076143,312.8594767824569
-1.0357142857142856,0.29,0.005,269.1417003351771,4.323585157076267,-0.21045812425598434,0.0,262762.4845408728,6289.021139791012,20437450.074772507,401.94606414023997,312.8594787021407
-1.0357142857142856,0.29,0.015,269.1417003351771,4.323588522575799,-0.2105044791725953,0.0,262762.48134071135,6289.02113978879,20437448.956368282,401.9460592076143,312.8594767824569
-1.0357142857142856,0.31,-0.005,269.1259233948958,4.198329464368462,-0.21282404900353857,0.0,262757.4909327072,6289.0211249205195,20435904.310630128,401.9392408524842,312.85682319745933
-1.0357142857142856,0.31,0.005,269.1259233948958,4.198327119258393,-0.21277585529261459,0.0,262757.493936895,6289.021124922851,20435905.35951375,401.9392454788843,312.8568249979812
-1.0357142857142856,0.31,0.015,269.1259233948958,4.198329464368462,-0.21282404900353857,0.0,262757.4909327072,6289.0211249205195,20435904.310630128,401.9392408524842,312.85682319745933
-1.0357142857142856,0.33,-0.005,269.1095606085025,4.065238089354629,-0.2127984588309096,0.0,262752.3189123379,6289.021111409854,20434302.395527344,401.93217018855097,312.85407139450035
-1.0357142857142856,0.33,0.005,269.1095606085025,4.065236778325316,-0.21274866194648198,0.0,262752.3217111736,6289.0211114122885,20434303.3716544,401.93217449442574,312.8540730702936
-1.0357142857142856,0.33,0.015,269.1095606085025,4.065238089354629,-0.2127984588309096,0.0,262752.3189123379,6289.021111409854,20434302.395527344,401.93217018855097,312.85407139450035
-1.0357142857142856,0.35,-0.005,269.09269010294355,3.9244044430681084,-0.21030578633710018,0.0,262746.99084353395,6289.0210994694335,20432650.867190383,401.92488103668745,312.8512345337738
-1.0357142857142856,0.35,0.005,269.09269010294355,3.9244041713374154,-0.21025462658234156,0.0,262746.99342839216,6289.0210994719655,20432651.767603062,401.92488500895735,312.8512360797462
-1.0357142857142856,0.35,0.015,269.09269010294355,3.9244044430681084,-0.21030578633710018,0.0,262746.99084353395,6289.0210994694335,20432650.867190383,401.92488103668745,312.8512345337738
-1.0357142857142856,0.37,-0.005,269.0753914856813,3.7759235577271,-0.20522946373612236,0.0,262741.5328663126,6289.021089276454,20430957.525061734,401.91740784001433,312.8483260180493
-1.0357142857142856,0.37,0.005,269.0753914856813,3.775924322052957,-0.20517718455802697,0.0,262741.53522937256,6289.021089279076,20430958.3470975,401.9174114668966,312.84832742961294
-1.0357142857142856,0.37,0.015,269.0753914856813,3.7759235577271,-0.20522946373612236,0.0,262741.5328663126,6289.021089276454,20430957.525061734,401.91740784001433,312.8483260180493
-1.0357142857142856,0.39000000000000007,-0.005,269.05774536097545,3.6198937214275784,-0.1974583214882665,0.0,262735.97154457786,6289.021080968025,20429230.264357407,401.9097854528023,312.84535941055805
-1.0357142857142856,0.39000000000000007,0.005,269.05774536097545,3.619895510211647,-0.19740516796096685,0.0,262735.9736788725,6289.021080970727,20429231.005665306,401.90978872388337,312.8453606836578
-1.0357142857142856,0.39000000000000007,0.015,269.05774536097545,3.6198937214275784,-0.1974583214882665,0.0,262735.97154457786,6289.021080968025,20429230.264357407,401.9097854528023,312.84535941055805
-1.0357142857142856,0.41000000000000003,-0.005,269.0398328589424,3.456415872883997,-0.1868867565380091,0.0,262730.3337241496,6289.021074640627,20427477.029918753,401.90204893728946,312.842348355949
-1.0357142857142856,0.41000000000000003,0.005,269.0398328589424,3.456418666334729,-0.18683297387460532,0.0,262730.3356236128,6289.021074643403,20427477.68847463,401.90205184359303,312.8423494870888
-1.0357142857142856,0.41000000000000003,0.015,269.0398328589424,3.456415872883997,-0.1868867565380091,0.0,262730.3337241496,6289.021074640627,20427477.029918753,401.90204893728946,312.842348355949
-1.0357142857142856,0.43,-0.005,269.02173527171317,3.285595117191093,-0.17341510806176688,0.0,262724.6464289015,6289.021070351369,20425705.78061483,401.89423340771685,312.839306519613
-1.0357142857142856,0.43,0.005,269.02173527171317,3.285598887596486,-0.17336094018680437,0.0,262724.6480884086,6289.021070354212,20425706.35473422,401.89423594176145,312.83930750587837
-1.0357142857142856,0.43,0.015,269.02173527171317,3.285595117191093,-0.17341510806176688,0.0,262724.6464289015,6289.021070351369,20425705.78061483,401.89423340771685,312.839306519613
-1.0357142857142856,0.45,-0.005,269.0035334783897,3.1075415243381377,-0.1569500051627711,0.0,262718.93669342,6289.02106812029,20423924.43311709,401.88637378369623,312.83624749170815
-1.0357142857142856,0.45,0.005,269.0035334783897,3.107546236302754,-0.15689569332729114,0.0,262718.9381088281,6289.021068123191,20423924.921467833,401.8863759395521,312.8362483307884
-1.0357142857142856,0.45,0.015,269.0035334783897,3.1075415243381377,-0.1569500051627711,0.0,262718.93669342,6289.02106812029,20423924.43311709,401.88637378369623,312.83624749170815
-1.0357142857142856,0.47,-0.005,268.985307576352,2.922367535195597,-0.13740421706106148,0.0,262713.23144097824,6289.021067929129,20422140.82577353,401.8785046303667,312.8331847249538
-1.0357142857142856,0.47,0.005,268.985307576352,2.9223731459902482,-0.13734999852602062,0.0,262713.23260916054,6289.021067932083,20422141.227386124,401.8785064037024,312.83318541516024
-1.0357142857142856,0.47,0.015,268.985307576352,2.922367535195597,-0.13740421706106148,0.0,262713.23144097824,6289.021067929129,20422140.82577353,401.8785046303667,312.8331847249538
-1.0357142857142856,0.49000000000000005,-0.005,268.96713640367756,2.730186373932599,-0.11469662306097875,0.0,262707.55733909423,6289.021069728164,20420362.672089215,401.8706599563662,312.83013145599506
-1.0357142857142856,0.49000000000000005,0.005,268.96713640367756,2.7301928337841637,-0.11464272982947464,0.0,262707.5582579698,6289.021069731165,20420362.98636563,401.8706613444884,312.8301319962764
-1.0357142857142856,0.49000000000000005,0.015,268.96713640367756,2.730186373932599,-0.11469662306097875,0.0,262707.55733909423,6289.021069728164,20420362.672089215,401.8706599563662,312.83013145599506
-1.0357142857142856,0.51,-0.005,268.949097324918,2.5311151526723625,-0.08875290681204329,0.0,262701.9407437297,6289.02107344523,20418597.540060584,401.86287312674233,312.82710067149435
-1.0357142857142856,0.51,0.005,268.949097324918,2.5311224053417303,-0.08869956448965725,0.0,262701.9414122864,6289.021073448276,20418597.766780272,401.8628741286236,312.82710106144776
-1.0357142857142856,0.51,0.015,268.949097324918,2.5311151526723625,-0.08875290681204329,0.0,262701.9407437297,6289.02107344523,20418597.540060584,401.86287312674233,312.82710067149435
-1.0357142857142856,0.53,-0.005,268.93126576555136,2.3252747907369744,-0.05950564990896763,0.0,262696.40755687066,6289.0210789847215,20416852.806610234,401.8551766610743,312.8241050295362
-1.0357142857142856,0.53,0.005,268.93126576555136,2.3252827739371518,-0.05945307661469381,0.0,262696.4079751822,6289.021078987809,20416852.945934292,401.8551772773722,312.82410526941464
-1.0357142857142856,0.53,0.015,268.93126576555136,2.3252747907369744,-0.05950564990896763,0.0,262696.40755687066,6289.0210789847215,20416852.806610234,401.8551766610743,312.8241050295362
-1.0357142857142856,0.55,-0.005,268.9137148891266,2.1127874576156533,-0.02689400898634349,0.0,262690.98312327487,6289.021086238193,20415135.626358703,401.84760210022665,312.82115680773694
-1.0357142857142856,0.55,0.005,268.9137148891266,2.112796103495747,-0.02684241435864063,0.0,262690.98329251166,6289.021086241321,20415135.678831764,401.84760233329314,312.82115689845307
-1.0357142857142856,0.55,0.015,268.9137148891266,2.1127874576156533,-0.02689400898634349,0.0,262690.98312327487,6289.021086238193,20415135.626358703,401.84760210022665,312.82115680773694
-1.0357142857142856,0.57,-0.005,268.89651526680973,1.8937784016397237,0.009135720499878744,0.0,262685.6921380899,6289.021095099645,20413452.899807997,401.8401798726134,312.81826785115584
-1.0357142857142856,0.57,0.005,268.89651526680973,1.8937876372434814,0.009186136214618897,0.0,262685.6920605228,6289.0210951028175,20413452.86635762,401.84017972649303,312.8182677942811
-1.0357142857142856,0.57,0.015,268.89651526680973,1.8937784016397237,0.009135720499878744,0.0,262685.6921380899,6289.021095099645,20413452.899807997,401.8401798726134,312.81826785115584
-1.0357142857142856,0.59,-0.005,268.8797346848172,1.6683744829359708,0.048630312735174284,0.0,262680.5585821202,6289.021105473651,20411811.25480115,401.8329392155151,312.8154495416284
-1.0357142857142856,0.59,0.005,268.8797346848172,1.668384230850267,0.048679359462869276,0.0,262680.5582611185,6289.021105476869,20411811.136735085,401.83293869593416,312.815449339389
-1.0357142857142856,0.59,0.015,268.8797346848172,1.6683744829359708,0.048630312735174284,0.0,262680.5585821202,6289.021105473651,20411811.25480115,401.8329392155151,312.8154495416284
-1.0357142857142856,0.61,-0.005,268.8634378329924,1.4367055514266163,0.09162920862227017,0.0,262675.60563069547,6289.021117287333,20410217.016478475,401.8259080473805,312.8127127480164
-1.0357142857142856,0.61,0.005,268.8634378329924,1.4367157302623228,0.09167670718676126,0.0,262675.60507071624,6289.021117290604,20410216.815479048,401.8259071617226,312.81271240328374
-1.0357142857142856,0.61,0.015,268.8634378329924,1.4367055514266163,0.09162920862227017,0.0,262675.60563069547,6289.021117287333,20410217.016478475,401.8259080473805,312.8127127480164
-1.0357142857142856,0.63,-0.005,268.84768611121,1.1989016536488373,0.13816505608025045,0.0,262670.85559291026,6289.02113051338,20408676.189112213,401.8191128977268,312.81006779887224
-1.0357142857142856,0.63,0.005,268.84768611121,1.198912178643746,0.13821083880673105,0.0,262670.85479948175,6289.021130516711,20408675.907228634,401.8191116549998,312.81006731515026
-1.0357142857142856,0.63,0.015,268.84768611121,1.1989016536488373,0.13816505608025045,0.0,262670.85559291026,6289.02113051338,20408676.189112213,401.8191128977268,312.81006779887224
-1.0357142857142856,0.65,-0.005,268.83253745787187,0.9550985980923651,0.18826229035672257,0.0,262666.3298538141,6289.021145156599,20407194.438968945,401.8125788241429,312.80752445008125
-1.0357142857142856,0.65,0.005,268.83253745787187,0.955109381649468,0.1883062015992087,0.0,262666.3288335124,6289.021145160002,20407194.0786072,401.81257723493525,312.80752383148916
-1.0357142857142856,0.65,0.015,268.83253745787187,0.9550985980923651,0.18826229035672257,0.0,262666.3298538141,6289.021145156599,20407194.438968945,401.8125788241429,312.80752445008125
-1.0357142857142856,0.67,-0.005,268.8180461186116,0.7054317935582982,0.2419385119472985,0.0,262662.04880236974,6289.021161288427,20405777.072820634,401.80632933289985,312.8050918539044
-1.0357142857142856,0.67,0.005,268.8180461186116,0.7054427458017243,0.24198040851743202,0.0,262662.0475627873,6289.021161291915,20405776.6367308,401.8063274093245,312.80509110515544
-1.0357142857142856,0.67,0.015,268.8180461186116,0.7054317935582982,0.2419385119472985,0.0,262662.04880236974,6289.021161288427,20405777.072820634,401.80632933289985,312.8050918539044
-1.0357142857142856,0.69,-0.005,268.80426258072316,0.45004257834252176,0.29920275377023847,0.0,262658.03181496926,6289.021179068798,20404429.03227782,401.8003863633704,312.80277855285885
-1.0357142857142856,0.69,0.005,268.80426258072316,0.45005360771197067,0.2992425052698228,0.0,262658.03036468005,6289.021179072389,20404428.52354007,401.8003841190043,312.80277767923604
-1.0357142857142856,0.69,0.015,268.80426258072316,0.45004257834252176,0.29920275377023847,0.0,262658.03181496926,6289.021179068798,20404429.03227782,401.8003863633704,312.80277855285885
-1.0357142857142856,0.71,-0.005,268.7912335451404,0.18907705707981576,0.3600557837947898,0.0,262654.2972390569,6289.021198770209,20403154.89186529,401.7947702900114,312.800592480434
-1.0357142857142856,0.71,0.005,268.7912335451404,0.1890880709485304,0.3600932728576803,0.0,262654.2955875733,6289.02119877392,20403154.313873295,401.79476773982196,312.8005914877621
-1.0357142857142856,0.71,0.015,268.7912335451404,0.18907705707981576,0.3600557837947898,0.0,262654.2972390569,6289.021198770209,20403154.89186529,401.7947702900114,312.800592480434
-1.0357142857142856,0.73,-0.005,268.7790017040333,-0.07728070913394984,0.42448048010958334,0.0,262650.86210511235,6289.021220276377,20401958.821677588,401.7894995174544,312.79854080342426
-1.0357142857142856,0.73,0.005,268.7790017040333,-0.07726980297434852,0.42451560232793156,0.0,262650.86026283575,6289.021220280219,20401958.17812135,401.7894966777171,312.7985396980374
-1.0357142857142856,0.73,0.015,268.7790017040333,-0.07728070913394984,0.42448048010958334,0.0,262650.86210511235,6289.021220276377,20401958.821677588,401.7894995174544,312.79854080342426
-1.0357142857142856,0.7499999999999999,-0.005,268.7676035395755,-0.3488829588504608,0.49246449720440977,0.0,262647.74268582254,6289.021246093314,20400844.466058962,401.7845913796104,312.7966302718573
-1.0357142857142856,0.7499999999999999,0.005,268.7676035395755,-0.34887225345708806,0.4924971618014753,0.0,262647.74066397955,6289.021246097351,20400843.76089376,401.78458826780496,312.79662906055864
-1.0357142857142856,0.7499999999999999,0.015,268.7676035395755,-0.3488829588504608,0.49246449720440977,0.0,262647.74268582254,6289.021246093314,20400844.466058962,401.7845913796104,312.7966302718573
-1.0357142857142856,0.77,-0.005,268.75707421095217,-0.6255798760823783,0.5639844853526359,0.0,262644.9541996556,6289.021277156325,20399815.29092402,401.7800616729624,312.794867037279
-1.0357142857142856,0.77,0.005,268.75707421095217,-0.6255694639936655,0.5640146148575337,0.0,262644.9520102519,6289.021277160588,20399814.52836272,401.7800583076953,312.7948657273107
-1.0357142857142856,0.77,0.015,268.75707421095217,-0.6255798760823783,0.5639844853526359,0.0,262644.9541996556,6289.021277156325,20399815.29092402,401.7800616729624,312.794867037279
-1.0357142857142856,0.79,-0.005,268.7474444759614,-0.9072117644655683,0.6390075667034854,0.0,262642.5101394096,6289.021313376122,20398874.29968918,401.77592366193204,312.79325626553316
-1.0357142857142856,0.79,0.005,268.7474444759614,-0.9072017372463042,0.6390350969741946,0.0,262642.50779516425,6289.021313380655,20398873.48417378,401.77592006283095,312.79325486453513
-1.0357142857142856,0.79,0.015,268.7474444759614,-0.9072117644655683,0.6390075667034854,0.0,262642.5101394096,6289.021313376122,20398874.29968918,401.77592366193204,312.79325626553316
-1.0357142857142856,0.8100000000000002,-0.005,268.73874041227765,-1.193611512431851,0.7174906642394928,0.0,262640.4230270676,6289.021355773685,20398024.072671298,401.77218926998347,312.791802600364
-1.0357142857142856,0.8100000000000002,0.005,268.73874041227765,-1.1936019604597485,0.7175155444402579,0.0,262640.42054134887,6289.021355778533,20398023.208849914,401.77218545759274,312.79180111633326
-1.0357142857142856,0.8100000000000002,0.015,268.73874041227765,-1.193611512431851,0.7174906642394928,0.0,262640.4230270676,6289.021355773685,20398024.072671298,401.77218926998347,312.791802600364
-1.0357142857142856,0.83,-0.005,268.7309838313182,-1.4846070347274631,0.7993806932372757,0.0,262638.7042630477,6289.02140586499,20397266.788425725,401.7688688797438,312.7905100855734
-1.0357142857142856,0.83,0.005,268.7309838313182,-1.4845980465889783,0.7994028856519113,0.0,262638.7016498044,6289.021405870201,20397265.881127562,401.76886487541435,312.7905085268211
-1.0357142857142856,0.83,0.015,268.7309838313182,-1.4846070347274631,0.7993806932372757,0.0,262638.7042630477,6289.02140586499,20397266.788425725,401.7688688797438,312.7905100855734
-1.0357142857142856,0.8500000000000001,-0.005,268.72419246834187,-1.7800226945918778,0.8846148388609671,0.0,262637.36409572704,6289.021465497393,20396604.237281058,401.7659713141398,312.7893821576431
-1.0357142857142856,0.8500000000000001,0.005,268.72419246834187,-1.7800143565653792,0.8846343186752278,0.0,262637.36136941635,6289.021465503026,20396603.29149041,401.76596713991455,312.7893805327503
-1.0357142857142856,0.8500000000000001,0.015,268.72419246834187,-1.7800226945918778,0.8846148388609671,0.0,262637.36409572704,6289.021465497393,20396604.237281058,401.7659713141398,312.7893821576431
-1.0357142857142856,0.87,-0.005,268.71838006452356,-2.079681280194546,0.973121197902124,0.0,262636.41159625846,6289.02153676581,20396037.826789413,401.7635038199754,312.78842163931245
-1.0357142857142856,0.87,0.005,268.71838006452356,-2.079673675824635,0.9731379529624521,0.0,262636.40877177264,6289.021536771928,20396036.847619314,401.76349949847383,312.7884199570844
-1.0357142857142856,0.87,0.015,268.71838006452356,-2.079681280194546,0.973121197902124,0.0,262636.41159625846,6289.02153676581,20396037.826789413,401.7635038199754,312.78842163931245
-1.0357142857142856,0.89,-0.005,268.71355638280147,-2.383403482936014,1.0648186212764044,0.0,262635.8546762849,6289.021622090115,20395568.585721903,401.7614721220476,312.78763076061705
-1.0357142857142856,0.89,0.005,268.71355638280147,-2.383396692638599,1.064832651813745,0.0,262635.851768876,6289.021622096791,20395567.578387566,401.76146767634754,312.787629030038
-1.0357142857142856,0.89,0.015,268.71355638280147,-2.383403482936014,1.0648186212764044,0.0,262635.8546762849,6289.021622090115,20395568.585721903,401.7614721220476,312.78763076061705
-1.0357142857142856,0.9100000000000001,-0.005,268.70972719879785,-2.69100734547968,1.1596164657123658,0.0,262635.7001043918,6289.021724310317,20395197.166174356,401.7598804774874,312.7870111800218
-1.0357142857142856,0.9100000000000001,0.005,268.70972719879785,-2.691001446199619,1.1596277840464408,0.0,262635.6971295969,6289.021724317634,20395196.135966625,401.7598759310075,312.7870094102086
-1.0357142857142856,0.9100000000000001,0.015,268.70972719879785,-2.69100734547968,1.1596164657123658,0.0,262635.7001043918,6289.021724310317,20395197.166174356,401.7598804774874,312.7870111800218
-1.0357142857142856,0.93,-0.005,268.7068943682329,-3.00230475399734,1.2574132296773357,0.0,262635.953503952,6289.0218467104705,20394923.8509273,401.7587317194181,312.78656400139926
-1.0357142857142856,0.93,0.005,268.7068943682329,-3.0022998188775682,1.2574218598933136,0.0,262635.9504775183,6289.021846718521,20394922.803186316,401.75872709580244,312.7865622015568
-1.0357142857142856,0.93,0.015,268.7068943682329,-3.00230475399734,1.2574132296773357,0.0,262635.953503952,6289.0218467104705,20394923.8509273,401.7587317194181,312.78656400139926
-1.0357142857142856,0.9500000000000001,-0.005,268.7050558514162,-3.31710239645222,1.3580966966988177,0.0,262636.6193468231,6289.021993039314,20394748.556499008,401.7580272801299,312.7862897830392
-1.0357142857142856,0.9500000000000001,0.005,268.7050558514162,-3.3170984945022277,1.3581026742954667,0.0,262636.6162846325,6289.021993048201,20394747.49658796,401.7580226031309,312.7862879624145
-1.0357142857142856,0.9500000000000001,0.015,268.7050558514162,-3.31710239645222,1.3580966966988177,0.0,262636.6193468231,6289.021993039314,20394748.556499008,401.7580272801299,312.7862897830392
-1.0357142857142856,0.97,-0.005,268.70420582495615,-3.6352000345487987,1.4615431029854904,0.0,262637.70096157666,6289.022167529593,20394670.844684217,401.75776725120215,312.78618856104595
-1.0357142857142856,0.97,0.005,268.70420582495615,-3.6351972303341733,1.461546474493536,0.0,262637.69787957467,6289.022167539433,20394669.77796455,401.75776254457173,312.7861867288859
-1.0357142857142856,0.97,0.015,268.70420582495615,-3.6352000345487987,1.4615431029854904,0.0,262637.70096157666,6289.022167529593,20394670.844684217,401.75776725120215,312.78618856104595
-1.0357142857142856,0.99,-0.005,268.70434301202033,-3.955763762660103,1.5673875596474252,0.0,262639.2019879206,6289.022379781739,20394690.89185984,401.7579569931279,312.7862624222772
-1.0357142857142856,0.99,0.005,268.70434301202033,-3.9557621098706424,1.5673884049154114,0.0,262639.19889642694,6289.022379792634,20394689.821719877,401.7579522718964,312.7862605844339
-1.0357142857142856,0.99,0.015,268.70434301202033,-3.955763762660103,1.5673875596474252,0.0,262639.2019879206,6289.022379781739,20394690.89185984,401.7579569931279,312.7862624222772
-1.0357142857142856,1.01,-0.005,268.7040622950009,-4.132995140883389e-06,1.6376117372653607e-06,0.0,262639.1035649264,6289.044863743089,20395364.90766071,401.77165429951157,312.79159435494734
-1.0357142857142856,1.01,0.005,268.70378157798143,3.955763762660103,-1.5673875596474252,0.0,262639.00514172664,6289.022284587891,20394632.988853417,401.7576558680482,312.7861452026874
-1.0357142857142856,1.01,0.015,268.7040622950009,-4.132995140883389e-06,1.6376117372653607e-06,0.0,262639.1035649264,6289.044863743089,20395364.90766071,401.77165429951157,312.79159435494734
-0.9642857142857142,-0.01,-0.005,269.28111461970514,5.259262534347719,-8.2458295878127665e-19,0.0,262806.4273043241,6289.021535618679,20451107.91614819,402.0064611672777,312.8829831898145
-0.9642857142857142,-0.01,0.005,269.2811146197052,5.259262534347719,0.01090315220206713,0.0,262806.4273043241,6289.021535470822,20451107.911522485,402.0064610763505,312.88298315443006
-0.9642857142857142,-0.01,0.015,269.28111461970514,5.259262534347719,-8.2458295878127665e-19,0.0,262806.4273043241,6289.021535618679,20451107.91614819,402.0064611672777,312.8829831898145
-0.9642857142857142,0.01,-0.005,269.28111461970514,5.259262534347719,-0.01090315220206713,0.0,262806.4273043241,6289.021535470822,20451107.91152249,402.0064610763505,312.88298315443006
-0.9642857142857142,0.01,0.005,269.28111461970514,5.25925164027289,-0.010901131998944557,0.0,262806.4318006443,6289.021535471975,20451109.491980363,402.00646804226767,312.8829858652285
-0.9642857142857142,0.01,0.015,269.28111461970514,5.259262534347719,-0.01090315220206713,0.0,262806.4273043241,6289.021535470822,20451107.91152249,402.0064610763505,312.88298315443006
-0.9642857142857142,0.03,-0.005,269.27979973418064,5.250509933247351,-0.03262277817126262,0.0,262806.00976751785,6289.021532504787,20450979.105073866,402.00589198626596,312.8827616919865
-0.9642857142857142,0.03,0.005,269.27979973418064,5.250499140604091,-0.03261682974678293,0.0,262806.0142413488,6289.021532505954,20450980.67755821,402.00589891708285,312.88276438912754
-0.9642857142857142,0.03,0.015,269.27979973418064,5.250509933247351,-0.03262277817126262,0.0,262806.00976751785,6289.021532504787,20450979.105073866,402.00589198626596,312.8827616919865
-0.9642857142857142,0.05,-0.005,269.27717667552827,5.2331584113359675,-0.054074999438598954,0.0,262805.17772768345,6289.021526927358,20450722.155133918,402.00475688879845,312.88231996627036
-0.9642857142857142,0.05,0.005,269.27717667552827,5.233147820599767,-0.054065120557305044,0.0,262805.1821732359,6289.021526928562,20450723.717469763,402.0047637749739,312.88232264604284
-0.9642857142857142,0.05,0.015,269.27717667552827,5.2331584113359675,-0.054074999438598954,0.0,262805.17772768345,6289.021526927358,20450722.155133918,402.00475688879845,312.88231996627036
-0.9642857142857142,0.07,-0.005,269.27325884119887,5.20724518378819,-0.07508271719952446,0.0,262803.93559516146,6289.021518788781,20450338.3787728,402.003061596167,312.8816602381929
-0.9642857142857142,0.07,0.005,269.27325884119887,5.207234893663883,-0.0750689612997062,0.0,262803.9399983708,6289.02151879004,20450339.925917313,402.0030684155165,312.88166289196545
-0.9642857142857142,0.07,0.015,269.27325884119887,5.20724518378819,-0.07508271719952446,0.0,262803.93559516146,6289.021518788781,20450338.3787728,402.003061596167,312.8816602381929
-0.9642857142857142,0.09,-0.005,269.26806656897423,5.172797417081953,-0.09547009726564713,0.0,262802.2899329406,6289.02150828043,20449829.77449717,402.0008149835025,312.88078596017164
-0.9642857142857142,0.09,0.005,269.26806656897423,5.1727875235194025,-0.09545253856539536,0.0,262802.29427984747,6289.021508281763,20449831.30145042,402.0008217140274,312.8807885793851
-0.9642857142857142,0.09,0.015,269.26806656897423,5.172797417081953,-0.09547009726564713,0.0,262802.2899329406,6289.02150828043,20449829.77449717,402.0008149835025,312.88078596017164
-0.9642857142857142,0.11,-0.005,269.2616268338213,5.129844677190711,-0.11506267206150181,0.0,262800.2494055011,6289.021495639753,20449198.99245603,401.99802881281653,312.87970170766266
-0.9642857142857142,0.11,0.005,269.2616268338213,5.129835272556894,-0.11504140499511445,0.0,262800.25368228304,6289.021495641175,20449200.494273763,401.9980354327599,312.8797042838518
-0.9642857142857142,0.11,0.015,269.2616268338213,5.129844677190711,-0.11506267206150181,0.0,262800.2494055011,6289.021495639753,20449198.99245603,401.99802881281653,312.87970170766266
-0.9642857142857142,0.13,-0.005,269.25397302744267,5.078422496344204,-0.13368766052891065,0.0,262797.82472989114,6289.021481141029,20448449.312514897,401.99471763277137,312.8784131402022
-0.9642857142857142,0.13,0.005,269.25397302744267,5.07841366857192,-0.13366279901943676,0.0,262797.82892289927,6289.021481142554,20448450.784323197,401.99472412068155,312.8784156650203
-0.9642857142857142,0.13,0.015,269.25397302744267,5.078422496344204,-0.13368766052891065,0.0,262797.82472989114,6289.021481141029,20448449.312514897,401.99471763277137,312.8784131402022
-0.9642857142857142,0.15,-0.005,269.24514468626484,5.018571790845421,-0.15117423906713032,0.0,262795.0285921106,6289.021465090758,20447584.61741729,401.99089865916784,312.87692695495355
-0.9642857142857142,0.15,0.005,269.24514468626484,5.018563622685955,-0.15114591565897664,0.0,262795.03268790996,6289.021465092399,20447586.054428093,401.99090499396635,312.8769294201988
-0.9642857142857142,0.15,0.015,269.24514468626484,5.018571790845421,-0.15117423906713032,0.0,262795.0285921106,6289.021465090758,20447584.61741729,401.99089865916784,312.87692695495355
-0.9642857142857142,0.17,-0.005,269.23518719386317,4.950339649164627,-0.16735393639273816,0.0,262791.87556227634,6289.021447821383,20446609.363382716,401.9865916434757,312.8752508356085
-0.9642857142857142,0.17,0.005,269.23518719386317,4.950332217457872,-0.16732230124566877,0.0,262791.87954768736,6289.021447823148,20446610.760909878,401.98659780452715,312.87525323325127
-0.9642857142857142,0.17,0.015,269.23518719386317,4.950339649164627,-0.16735393639273816,0.0,262791.87556227634,6289.021447821383,20446609.363382716,401.9865916434757,312.8752508356085
-0.9642857142857142,0.18999999999999997,-0.005,269.2241514720646,4.873778600664485,-0.1820609412618126,0.0,262788.3819975448,6289.02142968264,20445528.54951533,401.98181873511237,312.87339339886165
-0.9642857142857142,0.18999999999999997,0.005,269.2241514720646,4.8737719756845195,-0.1820261610211215,0.0,262788.38585968787,6289.02142968454,20445529.902991276,401.98182470229733,312.8733957210729
-0.9642857142857142,0.18999999999999997,0.015,269.2241514720646,4.873778600664485,-0.1820609412618126,0.0,262788.3819975448,6289.02142968264,20445528.54951533,401.98181873511237,312.87339339886165
-0.9642857142857142,0.20999999999999996,-0.005,269.2120936411132,4.78894719058555,-0.19513245495970613,0.0,262784.56594270084,6289.021411033455,20444347.684195265,401.9766043307507,312.8713641358429
-0.9642857142857142,0.20999999999999996,0.005,269.2120936411132,4.788941435433836,-0.1950947115176054,0.0,262784.5696690414,6289.0214110354955,20444348.989187848,401.97661008453986,312.87136637502283
-0.9642857142857142,0.20999999999999996,0.015,269.2120936411132,4.78894719058555,-0.19513245495970613,0.0,262784.56594270084,6289.021411033455,20444347.684195265,401.9766043307507,312.8713641358429
-0.9642857142857142,0.23,-0.005,269.19907459766154,4.695909159462203,-0.20640894829064677,0.0,262780.4470008156,6289.021392235147,20443072.743463412,401.9709748890203,312.8691733400838
-0.9642857142857142,0.23,0.005,269.19907459766154,4.6959043295531995,-0.20636843745364453,0.0,262780.4505792128,6289.021392237331,20443073.995693766,401.97098041055244,312.8691754888922
-0.9642857142857142,0.23,0.015,269.19907459766154,4.695909159462203,-0.20640894829064677,0.0,262780.4470008156,6289.021392235147,20443072.743463412,401.9709748890203,312.8691733400838
-0.9642857142857142,0.25,-0.005,269.1851596044088,4.594733700825931,-0.2157345280537707,0.0,262776.04621197557,6289.021373644158,20441710.13053106,401.9649587499531,312.86683203733185
-0.9642857142857142,0.25,0.005,269.1851596044088,4.594729843437718,-0.2156914581237041,0.0,262776.0496307331,6289.0213736464875,20441711.325891823,401.9649640211159,312.86683408871966
-0.9642857142857142,0.25,0.015,269.1851596044088,4.594733700825931,-0.2157345280537707,0.0,262776.04621197557,6289.021373644158,20441710.13053106,401.9649587499531,312.86683203733185
-0.9642857142857142,0.27,-0.005,269.1704178461623,4.485495197842823,-0.22295724683866114,0.0,262771.3859195198,6289.0213556045965,20440266.631997794,401.9585859398143,312.86435190967563
-0.9642857142857142,0.27,0.005,269.1704178461623,4.4854923517500325,-0.2229118371252772,0.0,262771.38916743814,6289.021355607071,20440267.766571693,401.9585909433262,312.8643538569167
-0.9642857142857142,0.27,0.015,269.1704178461623,4.485495197842823,-0.22295724683866114,0.0,262771.3859195198,6289.0213556045965,20440266.631997794,401.9585859398143,312.86435190967563
-0.9642857142857142,0.29,-0.005,269.15492196617754,4.368272588944496,-0.22792936305009973,0.0,262766.48962894833,6289.021338441206,20438749.37215585,401.9518879676572,312.8617452164476
-0.9642857142857142,0.29,0.005,269.15492196617754,4.368270784134352,-0.22788184232968708,0.0,262766.49269537814,6289.021338443825,20438750.442234583,401.9518926871502,312.8617470531709
-0.9642857142857142,0.29,0.015,269.15492196617754,4.368272588944496,-0.22792936305009973,0.0,262766.48962894833,6289.021338441206,20438749.37215585,401.9518879676572,312.8617452164476
-0.9642857142857142,0.31,-0.005,269.13874759382,4.2431500347274484,-0.23050774166437596,0.0,262761.38187083165,6289.021322454627,20437165.76652183,401.944897619485,312.8590247141898
-0.9642857142857142,0.31,0.005,269.13874759382,4.243149292199054,-0.23045834660043674,0.0,262761.3847457287,6289.0213224573845,20437166.76862496,401.9449020395886,312.8590264344122
-0.9642857142857142,0.31,0.015,269.13874759382,4.2431500347274484,-0.23050774166437596,0.0,262761.38187083165,6289.021322454627,20437165.76652183,401.944897619485,312.8590247141898
-0.9642857142857142,0.33,-0.005,269.12197289479843,4.110216589683764,-0.23055409276831748,0.0,262756.088064293,6289.021307914949,20435523.47753189,401.9376487610413,312.8562035799728
-0.9642857142857142,0.33,0.005,269.12197289479843,4.110216921353904,-0.230503066318071,0.0,262756.09073827206,6289.021307917841,20435524.408425346,401.93765286746464,312.8562051781311
-0.9642857142857142,0.33,0.015,269.12197289479843,4.110216589683764,-0.23055409276831748,0.0,262756.088064293,6289.021307914949,20435523.47753189,401.9376487610413,312.8562035799728
-0.9642857142857142,0.35,-0.005,269.1046780121731,3.9695648982109453,-0.2279350955732878,0.0,262750.63434677117,6289.021295058495,20433830.35965449,401.93017609534684,312.8532953170951
-0.9642857142857142,0.35,0.005,269.1046780121731,3.9695663068468643,-0.2278826853799475,0.0,262750.63681116153,6289.021295061513,20433831.216369294,401.93017987496177,312.8532967880782
-0.9642857142857142,0.35,0.015,269.1046780121731,3.9695648982109453,-0.2279350955732878,0.0,262750.63434677117,6289.021295058495,20433830.35965449,401.93017609534684,312.8532953170951
-0.9642857142857142,0.37000000000000005,-0.005,269.0869446091125,3.8212927484981307,-0.22252295495535945,0.0,262745.0474437071,6289.021284083597,20432094.414442204,401.9225149634348,312.8503136775859
-0.9642857142857142,0.37000000000000005,0.005,269.0869446091125,3.8212952277492223,-0.22246941174733584,0.0,262745.04969060654,6289.021284086737,20432095.19429253,401.92251840435625,312.85031501676616
-0.9642857142857142,0.37000000000000005,0.015,269.0869446091125,3.8212927484981307,-0.22252295495535945,0.0,262745.0474437071,6289.021284083597,20432094.414442204,401.9225149634348,312.8503136775859
-0.9642857142857142,0.38999999999999996,-0.005,269.0688553699179,3.6655014676581565,-0.2141954625258751,0.0,262739.3545142525,6289.021275149842,20430323.741617985,401.9147011290864,312.8472725784719
-0.9642857142857142,0.38999999999999996,0.005,269.0688553699179,3.665505002177759,-0.2141410385393041,0.0,262739.3565365792,6289.021275153095,20430324.442218307,401.9147042207482,312.84727378173466
-0.9642857142857142,0.38999999999999996,0.015,269.0688553699179,3.6655014676581565,-0.2141954625258751,0.0,262739.3545142525,6289.021275149842,20430323.741617985,401.9147011290864,312.8472725784719
-0.9642857142857142,0.4099999999999999,-0.005,269.05049351967324,3.502295336130498,-0.20283618396827358,0.0,262733.5830063213,6289.0212683762375,20428526.491962872,401.9067705708197,312.8441860208566
-0.9642857142857142,0.4099999999999999,0.005,269.05049351967324,3.5022999017595375,-0.20278113140156467,0.0,262733.5847978646,6289.021268379596,20428527.111244332,401.90677330404844,312.84418708462914
-0.9642857142857142,0.4099999999999999,0.015,269.05049351967324,3.502295336130498,-0.20283618396827358,0.0,262733.5830063213,6289.0212683762375,20428526.491962872,401.9067705708197,312.8441860208566
-0.9642857142857142,0.43,-0.005,269.0319424304069,3.331782359704407,-0.18833477531104506,0.0,262727.76054153,6289.021263841427,20426710.82874762,401.8987593123565,312.84106802396536
-0.9642857142857142,0.43,0.005,269.0319424304069,3.331787923817438,-0.18827934484621425,0.0,262727.7620969964,6289.021263844885,20426711.364972666,401.8987616794366,312.84106894524194
-0.9642857142857142,0.43,0.015,269.0319424304069,3.331782359704407,-0.18833477531104506,0.0,262727.76054153,6289.021263841427,20426710.82874762,401.8987593123565,312.84106802396536
-0.9642857142857142,0.45,-0.005,269.01328506367804,3.1540760479120453,-0.17058755759486688,0.0,262721.9147569272,6289.021261586466,20424884.873246815,401.8907031839106,312.83793253225406
-0.9642857142857142,0.45,0.005,269.01328506367804,3.154082569670807,-0.1705319969495422,0.0,262721.9160719838,6289.021261590015,20424885.32502284,401.89070517864525,312.83793330862017
-0.9642857142857142,0.45,0.015,269.01328506367804,3.1540760479120453,-0.17058755759486688,0.0,262721.9147569272,6289.021261586466,20424884.873246815,401.8907031839106,312.83793253225406
-0.9642857142857142,0.47,-0.005,268.99460357518984,2.969292498381604,-0.14949727960324652,0.0,262716.07317444636,6289.021261614236,20423056.666019566,401.88263765122235,312.8347933488758
-0.9642857142857142,0.47,0.005,268.99460357518984,2.969299929130161,-0.14944183216474421,0.0,262716.07424575946,6289.021261617871,20423057.03231069,401.88263926898713,312.83479397852864
-0.9642857142857142,0.47,0.015,268.99460357518984,2.969292498381604,-0.14949727960324652,0.0,262716.07317444636,6289.021261614236,20423056.666019566,401.88263765122235,312.8347933488758
-0.9642857142857142,0.49,-0.005,268.9759788540611,2.7775493024753333,-0.12497315675683704,0.0,262710.2630624396,6289.021263895852,20421234.122025967,401.8745976205468,312.8316640597761
-0.9642857142857142,0.49,0.005,268.9759788540611,2.777557586086501,-0.12491806027516854,0.0,262710.2638877073,6289.021263899567,20421234.40216274,401.87459885833266,312.8316645415415
-0.9642857142857142,0.49,0.015,268.9759788540611,2.7775493024753333,-0.12497315675683704,0.0,262710.2630624396,6289.021263895852,20421234.122025967,401.8745976205468,312.8316640597761
-0.9642857142857142,0.51,-0.005,268.9574902316979,2.5789674899511947,-0.09693144188059735,0.0,262704.5113562552,6289.021268383142,20419425.002542738,401.86661732047725,312.8285579876842
-0.9642857142857142,0.51,0.005,268.9574902316979,2.5789765634407242,-0.09687692729108409,0.0,262704.51193423686,6289.021268386932,20419425.196230266,401.86661817692817,312.8285583210315
-0.9642857142857142,0.51,0.015,268.9574902316979,2.5789674899511947,-0.09693144188059735,0.0,262704.5113562552,6289.021268383142,20419425.002542738,401.86661732047725,312.8285579876842
-0.9642857142857142,0.53,-0.005,268.9392150586778,2.3736721677083397,-0.06529573546165958,0.0,262698.8445297005,6289.021275006463,20417636.873715352,401.85873011765045,312.8254881203614
-0.9642857142857142,0.53,0.005,268.9392150586778,2.3736819617130442,-0.06524202575792203,0.0,262698.8448602377,6289.021275010327,20417636.981038757,401.8587305930884,312.82548830541293
-0.9642857142857142,0.53,0.015,268.9392150586778,2.3736721677083397,-0.06529573546165958,0.0,262698.8445297005,6289.021275006463,20417636.873715352,401.85873011765045,312.8254881203614
-0.9642857142857142,0.55,-0.005,268.9212283671406,2.1617899844702877,-0.029996625546240243,0.0,262693.28848723276,6289.0212836848,20415877.073871795,401.8509683768083,312.8224670561042
-0.9642857142857142,0.55,0.005,268.9212283671406,2.161800423791939,-0.029943934756870693,0.0,262693.28857126384,6289.021283688739,20415877.095299315,401.8509684732475,312.8224670936409
-0.9642857142857142,0.55,0.015,268.9212283671406,2.1617899844702877,-0.029996625546240243,0.0,262693.28848723276,6289.0212836848,20415877.073871795,401.8509683768083,312.8224670561042
-0.9642857142857142,0.57,-0.005,268.90360253906215,1.9434510638683724,0.009027665503200577,0.0,262687.8684723644,6289.021294343655,20414152.681664594,401.8433633280875,312.81950695205313
-0.9642857142857142,0.57,0.005,268.90360253906215,1.9434620680043884,0.009079133246691996,0.0,262687.8683119323,6289.021294347669,20414152.618048202,401.84336304923875,312.8195068435166
-0.9642857142857142,0.57,0.015,268.90360253906215,1.9434510638683724,0.009027665503200577,0.0,262687.8684723644,6289.021294343655,20414152.681664594,401.8433633280875,312.81950695205313
-0.9642857142857142,0.59,-0.005,268.88640706905267,1.7187871130572523,0.05183157796259719,0.0,262682.6089906168,6289.021306926832,20412470.493279442,401.8359449712919,312.81661948688986
-0.9642857142857142,0.59,0.005,268.88640706905267,1.718798596877807,0.051881629229295345,0.0,262682.60858887073,6289.021306930925,20412470.3458534,401.8359443225565,312.81661923437986
-0.9642857142857142,0.59,0.015,268.88640706905267,1.7187871130572523,0.05183157796259719,0.0,262682.6089906168,6289.021306926832,20412470.493279442,401.8359449712919,312.81661948688986
-0.9642857142857142,0.61,-0.005,268.8697082946274,1.4879331170164944,0.0984616575431087,0.0,262677.53371943324,6289.0213213803245,20410836.995596863,401.8287419488964,312.81381581135815
-0.9642857142857142,0.61,0.005,268.8697082946274,1.487944991325598,0.09851011033861078,0.0,262677.5330806214,6289.021321384504,20410836.76597314,401.82874093734745,312.8138154176251
-0.9642857142857142,0.61,0.015,268.8697082946274,1.4879331170164944,0.0984616575431087,0.0,262677.53371943324,6289.0213213803245,20410836.995596863,401.8287419488964,312.81381581135815
-0.9642857142857142,0.63,-0.005,268.8535691693948,1.2510245086593166,0.14895715453046424,0.0,262672.6654449468,6289.021337693949,20409258.345361564,401.82178147302767,312.8111065197893
-0.9642857142857142,0.63,0.005,268.8535691693948,1.2510366808456241,0.14900383891066368,0.0,262672.6645744026,6289.021337698226,20409258.035523076,401.82178010738033,312.81110598822323
-0.9642857142857142,0.63,0.015,268.8535691693948,1.2510245086593166,0.14895715453046424,0.0,262672.6654449468,6289.021337693949,20409258.345361564,401.82178147302767,312.8111065197893
-0.9642857142857142,0.65,-0.005,268.83804909008194,1.0082024702178674,0.20334848404365838,0.0,262668.02600997075,6289.021355904475,20407740.35242123,401.81508925197465,312.8085016214419
-0.9642857142857142,0.65,0.005,268.83804909008194,1.0082148448475428,0.2033932426482425,0.0,262668.02491409157,6289.021355908859,20407739.964712404,401.8150875425455,312.80850095605626
-0.9642857142857142,0.65,0.015,268.83804909008194,1.0082024702178674,0.20334848404365838,0.0,262668.02600997075,6289.021355904475,20407740.35242123,401.81508925197465,312.8085016214419
-0.9642857142857142,0.67,-0.005,268.82320366421055,0.7596084381515158,0.26165856902476375,0.0,262663.6362424187,6289.021376132003,20406288.458199095,401.8086894114817,312.8060105098086
-0.9642857142857142,0.67,0.005,268.82320366421055,0.7596209175958641,0.26170125750383716,0.0,262663.63492863654,6289.021376136509,20406287.99531386,401.80868737013617,312.80600971522
-0.9642857142857142,0.67,0.015,268.82320366421055,0.7596084381515158,0.26165856902476375,0.0,262663.6362424187,6289.021376132003,20406288.458199095,401.8086894114817,312.8060105098086
-0.9642857142857142,0.69,-0.005,268.80908462859674,0.5053897772975171,0.32390106498786847,0.0,262659.515927142,6289.021398586832,20404907.72800342,401.8026044630213,312.8036419502073
-0.9642857142857142,0.69,0.005,268.80908462859674,0.5054022623424026,0.32394155234163485,0.0,262659.5144038894,6289.021398591482,20404907.192971457,401.80260210311394,312.8036410316124
-0.9642857142857142,0.69,0.015,268.80908462859674,0.5053897772975171,0.32390106498786847,0.0,262659.515927142,6289.021398586832,20404907.72800342,401.8026044630213,312.8036419502073
-0.9642857142857142,0.71,-0.005,268.79573980929183,0.24569800638219827,0.3900808259542166,0.0,262655.68378902035,6289.021423601985,20403602.848192673,401.79685530574204,312.8014040804821
-0.9642857142857142,0.71,0.005,268.79573980929183,0.2457103968990015,0.3901189947615816,0.0,262655.6820656892,6289.021423606797,20403602.244363382,401.79685264204505,312.8014030436296
-0.9642857142857142,0.71,0.015,268.79573980929183,0.24569800638219827,0.3900808259542166,0.0,262655.68378902035,6289.021423601985,20403602.848192673,401.79685530574204,312.8014040804821
-0.9642857142857142,0.73,-0.005,268.78321317737186,-0.01928343463480014,0.4601851009452832,0.0,262652.1571858881,6289.021450882823,20402378.108266845,401.7914607885715,312.7993042404923
-0.9642857142857142,0.73,0.005,268.78321317737186,-0.01927123859797827,0.4602208475448901,0.0,262652.15527281846,6289.021450887799,20402377.439306315,401.7914578372512,312.7993030916737
-0.9642857142857142,0.73,0.015,268.78321317737186,-0.01928343463480014,0.4601851009452832,0.0,262652.1571858881,6289.021450882823,20402378.108266845,401.7914607885715,312.7993042404923
-0.9642857142857142,0.75,-0.005,268.7715416688553,-0.2893896269127726,0.5341999049972074,0.0,262648.9524225249,6289.0214826098145,20401237.18668042,401.7864382429754,312.79734917943324
-0.9642857142857142,0.75,0.005,268.7715416688553,-0.2893777249760794,0.5342331389330699,0.0,262648.95033087867,6289.02148261503,20401236.456515983,401.7864350213931,312.79734792540586
-0.9642857142857142,0.75,0.015,268.7715416688553,-0.2893896269127726,0.5341999049972074,0.0,262648.9524225249,6289.0214826098145,20401237.18668042,401.7864382429754,312.79734917943324
-0.9642857142857142,0.77,-0.005,268.7607607734926,-0.5644666906981092,0.6121048678384446,0.0,262646.0854055621,6289.021521123066,20400183.625401348,401.78180447320506,312.79554544125045
-0.9642857142857142,0.77,0.005,268.7607607734926,-0.564455182377642,0.6121355132849914,0.0,262646.08314726705,6289.021521128559,20400182.83821297,401.78180099982376,312.79554408920046
-0.9642857142857142,0.77,0.015,268.7607607734926,-0.5644666906981092,0.6121048678384446,0.0,262646.0854055621,6289.021521123066,20400183.625401348,401.78180447320506,312.79554544125045
-0.9642857142857142,0.79,-0.005,268.75090218333133,-0.8443475422889676,0.6938675230665213,0.0,262643.5696737142,6289.021565724268,20399220.50009419,401.7775727743418,312.79389820383875
-0.9642857142857142,0.79,0.005,268.75090218333133,-0.8443365255193378,0.6938955177614387,0.0,262643.56726146827,6289.021565730083,20399219.6603094,401.7775690687276,312.793896761382
-0.9642857142857142,0.79,0.015,268.75090218333133,-0.8443475422889676,0.6938675230665213,0.0,262643.5696737142,6289.021565724268,20399220.50009419,401.7775727743418,312.79389820383875
-0.9642857142857142,0.81,-0.005,268.7419926796205,-1.1288556531028655,0.7794436704150863,0.0,262641.41790881386,6289.021617289717,20398350.4552654,401.77375528626095,312.7924121952913
-0.9642857142857142,0.81,0.005,268.7419926796205,-1.1288452242726041,0.7794689658432924,0.0,262641.4153559856,6289.021617295901,20398349.567524526,401.7737513689245,312.7924106704118
-0.9642857142857142,0.81,0.015,268.7419926796205,-1.1288556531028655,0.7794436704150863,0.0,262641.41790881386,6289.021617289717,20398350.4552654,401.77375528626095,312.7924121952913
-0.9642857142857142,0.83,-0.005,268.7340545918046,-1.4178085773672617,0.868777945184968,0.0,262639.64166095125,6289.021677320646,20397575.7195704,401.7703626076245,312.79109154360515
-0.9642857142857142,0.83,0.005,268.7340545918046,-1.4177988307010019,0.868800506364137,0.0,262639.6389815107,6289.02167732725,20397574.788701087,401.7703584999105,312.7910899446117
-0.9642857142857142,0.83,0.015,268.7340545918046,-1.4178085773672617,0.868777945184968,0.0,262639.64166095125,6289.021677320646,20397575.7195704,401.7703626076245,312.79109154360515
-0.9642857142857142,0.85,-0.005,268.72710606214923,-1.7110202234969305,0.9618043439314948,0.0,262638.2512653322,6289.021747598717,20396898.12099712,401.7674036980136,312.7899397385479
-0.9642857142857142,0.85,0.005,268.72710606214923,-1.7110112504983037,0.9618241491629369,0.0,262638.2484737777,6289.021747605799,20396897.151987918,401.7673994219846,312.78993807402895
-0.9642857142857142,0.85,0.015,268.72710606214923,-1.7110202234969305,0.9618043439314948,0.0,262638.2512653322,6289.021747598717,20396898.12099712,401.7674036980136,312.7899397385479
-0.9642857142857142,0.87,-0.005,268.7211611154412,-2.008302946296364,1.0584469436076294,0.0,262637.255857107,6289.021830213416,20396319.094577238,401.76488592448675,312.7889596497498
-0.9642857142857142,0.87,0.005,268.7211611154412,-2.0082948352917582,1.0584639842059382,0.0,262637.2529683895,6289.021830221037,20396318.092550732,401.7648815028037,312.7889579285272
-0.9642857142857142,0.87,0.015,268.7211611154412,-2.008302946296364,1.0584469436076294,0.0,262637.255857107,6289.021830213416,20396319.094577238,401.76488592448675,312.7889596497498
-0.9642857142857142,0.89,-0.005,268.7162296992193,-2.3094669494837614,1.1586196926627912,0.0,262636.6633672839,6289.021927571633,20395839.686653074,401.7628150845442,312.7881535356162
-0.9642857142857142,0.89,0.005,268.7162296992193,-2.3094597852144294,1.1586339726518646,0.0,262636.6603967313,6289.021927579864,20395838.65683886,401.76281054034786,312.78815176669843
-0.9642857142857142,0.89,0.015,268.7162296992193,-2.3094669494837614,1.1586196926627912,0.0,262636.6633672839,6289.021927571633,20395839.686653074,401.7628150845442,312.7881535356162
-0.9642857142857142,0.9100000000000001,-0.005,268.71231769767394,-2.6143194911039127,1.262226058382349,0.0,262636.4805284052,6289.02204245526,20395460.558059797,401.7611954472852,312.78752305932625
-0.9642857142857142,0.9100000000000001,0.005,268.71231769767394,-2.614313354382341,1.2622375941744708,0.0,262636.47749164526,6289.022042464178,20395459.505767398,401.76119080407545,312.78752125186185
-0.9642857142857142,0.9100000000000001,0.015,268.71231769767394,-2.6143194911039127,1.262226058382349,0.0,262636.4805284052,6289.02204245526,20395460.558059797,401.7611954472852,312.78752305932625
-0.9642857142857142,0.9300000000000002,-0.005,268.7094269915702,-2.922661568007072,1.3691576150369733,0.0,262636.7128743661,6289.022178058435,20395181.991169445,401.76002980201724,312.78706930773853
-0.9642857142857142,0.9300000000000002,0.005,268.7094269915702,-2.9226565353939455,1.369166435086043,0.0,262636.7097872493,6289.022178068127,20395180.921761293,401.76002508353344,312.78706747096953
-0.9642857142857142,0.9300000000000002,0.015,268.7094269915702,-2.922661568007072,1.3691576150369733,0.0,262636.7128743661,6289.022178058435,20395181.991169445,401.76002980201724,312.78706930773853
-0.9642857142857142,0.95,-0.005,268.7075554787841,-3.234288543869902,1.4792941056670907,0.0,262637.3647300585,6289.022338008149,20395003.892556783,401.7593194797025,312.7867927997278
-0.9642857142857142,0.95,0.005,268.7075554787841,-3.2342846873501925,1.4793002500921542,0.0,262637.36160858144,6289.022338018709,20395002.81142139,401.75931470980515,312.7867909429433
-0.9642857142857142,0.95,0.015,268.7075554787841,-3.234288543869902,1.4792941056670907,0.0,262637.3647300585,6289.022338008149,20395003.892556783,401.7593194797025,312.7867927997278
-0.9642857142857142,0.9700000000000001,-0.005,268.7066971859917,-3.5489888518000727,1.5925027237167035,0.0,262638.4392169709,6289.022526378375,20394925.80437372,401.7590644098701,312.78669350833167
-0.9642857142857142,0.9700000000000001,0.005,268.7066971859917,-3.548986238482812,1.5925062438965336,0.0,262638.43607720215,6289.0225263899065,20394924.716900155,401.7590596124273,312.78669164082396
-0.9642857142857142,0.9700000000000001,0.015,268.7066971859917,-3.5489888518000727,1.5925027237167035,0.0,262638.4392169709,6289.022526378375,20394925.80437372,401.7590644098701,312.78669350833167
-0.9642857142857142,0.9900000000000001,-0.005,268.7068515679315,-3.8660189484395486,1.7084254970703405,0.0,262639.94000187604,6289.022751518317,20394947.935571168,401.75926950044936,312.78677334423537
-0.9642857142857142,0.9900000000000001,0.005,268.7068515679315,-3.8660176334241605,1.708426478116682,0.0,262639.93685415975,6289.022751530903,20394946.845139932,401.75926469044964,312.7867714718401
-0.9642857142857142,0.9900000000000001,0.015,268.7068515679315,-3.8660189484395486,1.7084254970703405,0.0,262639.94000187604,6289.022751518317,20394947.935571168,401.75926950044936,312.78677334423537
-0.9642857142857142,1.01,-0.005,268.70644209915133,-5.891679856515685e-06,2.6035816742860775e-06,0.0,262639.802385377,6289.044929764021,20395599.824361917,401.77272331872723,312.7920104868457
-0.9642857142857142,1.01,0.005,268.7060326303712,3.866018948439591,-1.7084254970703596,0.0,262639.6647684584,6289.022642262635,20394864.399728745,401.7588484626678,312.78660944623266
-0.9642857142857142,1.01,0.015,268.70644209915133,-5.891679856515685e-06,2.6035816742860775e-06,0.0,262639.802385377,6289.044929764021,20395599.824361917,401.77272331872723,312.7920104868457
-0.8928571428571428,-0.01,-0.005,269.29627338136777,5.31052515928068,0.0,0.0,262811.08188598364,6289.021804881995,20452600.39386417,402.01316706889287,312.8855927918423
-0.8928571428571428,-0.01,0.005,269.29627338136777,5.31052515928068,0.011838053504566176,0.0,262811.08188598364,6289.021804707698,20452600.38841088,402.0131669617038,312.8855927501299
-0.8928571428571428,-0.01,0.015,269.29627338136777,5.31052515928068,0.0,0.0,262811.08188598364,6289.021804881995,20452600.39386417,402.01316706889287,312.8855927918423
-0.8928571428571428,0.01,-0.005,269.29627338136777,5.31052515928068,-0.011838053504566176,0.0,262811.08188598364,6289.021804707698,20452600.38841088,402.0131669617038,312.8855927501299
-0.8928571428571428,0.01,0.005,269.29627338136777,5.3105154368458125,-0.011835990767170701,0.0,262811.08620750875,6289.021804709054,20452601.90629521,402.01317365156837,312.8855953534802
-0.8928571428571428,0.01,0.015,269.29627338136777,5.31052515928068,-0.011838053504566176,0.0,262811.08188598364,6289.021804707698,20452600.38841088,402.0131669617038,312.8855927501299
-0.8928571428571428,0.03,-0.005,269.294931393475,5.3017888238488835,-0.03542096683275757,0.0,262810.65638343274,6289.02180159723,20452468.9217306,402.0125861111158,312.88536671294867
-0.8928571428571428,0.03,0.005,269.294931393475,5.301779208336422,-0.035414886238679145,0.0,262810.66068337247,6289.021801598602,20452470.431952827,402.0125927672552,312.88536930317673
-0.8928571428571428,0.03,0.015,269.294931393475,5.3017888238488835,-0.03542096683275757,0.0,262810.65638343274,6289.02180159723,20452468.9217306,402.0125861111158,312.88536671294867
-0.8928571428571428,0.05,-0.005,269.29225434206904,5.284462999274688,-0.058717305948159444,0.0,262809.80844345305,6289.021795737423,20452206.672592234,402.0114275889479,312.88491587520497
-0.8928571428571428,0.05,0.005,269.29225434206904,5.284453596845675,-0.05870720789007164,0.0,262809.8127161317,6289.02179573884,20452208.173014216,402.0114342019848,312.88491844866354
-0.8928571428571428,0.05,0.015,269.29225434206904,5.284462999274688,-0.058717305948159444,0.0,262809.80844345305,6289.021795737423,20452206.672592234,402.0114275889479,312.88491587520497
-0.8928571428571428,0.07,-0.005,269.28825583869593,5.2585870942447395,-0.08153724896309354,0.0,262808.54254255746,6289.021787176908,20451814.97890857,402.0096972974937,312.8842425328054
-0.8928571428571428,0.07,0.005,269.28825583869593,5.258578009011901,-0.08152318852977314,0.0,262808.5467744061,6289.021787178391,20451816.46465726,402.0097038459939,312.884245081155
-0.8928571428571428,0.07,0.015,269.28825583869593,5.2585870942447395,-0.08153724896309354,0.0,262808.54254255746,6289.021787176908,20451814.97890857,402.0096972974937,312.8842425328054
-0.8928571428571428,0.09,-0.005,269.28295663323195,5.224189013309054,-0.10369228458850643,0.0,262806.8653586567,6289.021776115369,20451295.879895233,402.00740429376145,312.88335020885927
-0.8928571428571428,0.09,0.005,269.28295663323195,5.2241803463707,-0.10367433827348284,0.0,262806.8695361925,6289.021776116937,20451297.34613413,402.0074107564486,312.8833527238219
-0.8928571428571428,0.09,0.015,269.28295663323195,5.224189013309054,-0.10369228458850643,0.0,262806.8653586567,6289.021776115369,20451295.879895233,402.00740429376145,312.88335020885927
-0.8928571428571428,0.11,-0.005,269.2763842337834,5.1812988555794215,-0.1249952577714592,0.0,262804.78570138273,6289.021762798964,20450652.07830462,402.0045605737977,312.8822435697858
-0.8928571428571428,0.11,0.005,269.2763842337834,5.181290704132196,-0.12497352288936614,0.0,262804.7898112362,6289.021762800636,20450653.520245023,402.00456692960256,312.88224604316383
-0.8928571428571428,0.11,0.015,269.2763842337834,5.1812988555794215,-0.1249952577714592,0.0,262804.78570138273,6289.021762798964,20450652.07830462,402.0045605737977,312.8822435697858
-0.8928571428571428,0.13,-0.005,269.2685726975794,5.129952495286213,-0.14526069521783616,0.0,262802.3144672445,6289.021747512119,20449886.919640206,402.0011809780099,312.88092838851856
-0.8928571428571428,0.13,0.005,269.2685726975794,5.129944951729674,-0.14523528914859704,0.0,262802.31849619065,6289.0217475139125,20449888.33255405,402.0011872061257,312.8809308122162
-0.8928571428571428,0.13,0.015,269.2685726975794,5.129952495286213,-0.14526069521783616,0.0,262802.3144672445,6289.021747512119,20449886.919640206,402.0011809780099,312.88092838851856
-0.8928571428571428,0.15,-0.005,269.2595623437064,5.070191333519415,-0.16430508897043733,0.0,262799.4645538342,6289.021730573343,20449004.363834877,401.99728306537,312.87941149560925
-0.8928571428571428,0.15,0.005,269.2595623437064,5.070184484628184,-0.16427614825492992,0.0,262799.4684888281,6289.021730575272,20449005.743068755,401.9972891453136,312.87941386165653
-0.8928571428571428,0.15,0.015,269.2595623437064,5.070191333519415,-0.16430508897043733,0.0,262799.4645538342,6289.021730573343,20449004.363834877,401.99728306537,312.87941149560925
-0.8928571428571428,0.17,-0.005,269.2493994582263,5.0020631357392595,-0.18194730923783303,0.0,262796.25077617494,6289.021712328648,20448008.956099734,401.992886982963,312.8777007285286
-0.8928571428571428,0.17,0.005,269.2493994582263,5.00205706186822,-0.1819149885294141,0.0,262796.2546043896,6289.021712330727,20448010.297089513,401.9928928946386,312.877703029106
-0.8928571428571428,0.17,0.015,269.2493994582263,5.0020631357392595,-0.18194730923783303,0.0,262796.25077617494,6289.021712328648,20448008.956099734,401.992886982963,312.8777007285286
-0.8928571428571428,0.19,-0.005,269.2381359771324,4.925621217393933,-0.1980089072958747,0.0,262792.6897670173,6289.021693142562,20446905.795519955,401.9880153245701,312.8758048767063
-0.8928571428571428,0.19,0.005,269.2381359771324,4.925615991766295,-0.19797337818366822,0.0,262792.6934758838,6289.021693144801,20446907.093806233,401.9880210483371,312.875807104171
-0.8928571428571428,0.19,0.015,269.2381359771324,4.925621217393933,-0.1980089072958747,0.0,262792.6897670173,6289.021693142562,20446905.795519955,401.9880153245701,312.8758048767063
-0.8928571428571428,0.21,-0.005,269.2258291420594,4.840924820803413,-0.21231446130786621,0.0,262788.7998755813,6289.021673390061,20445700.5010071,401.9826929781301,312.8737336222475
-0.8928571428571428,0.21,0.005,269.2258291420594,4.8409205088816,-0.2122759110281046,0.0,262788.80345283163,6289.021673392468,20445701.752251185,401.9826984948728,312.8737357691607
-0.8928571428571428,0.21,0.015,269.2258291420594,4.840924820803413,-0.21231446130786621,0.0,262788.7998755813,6289.021673390061,20445700.5010071,401.9826929781301,312.8737336222475
-0.8928571428571428,0.23,-0.005,269.21254106996145,4.748038601702613,-0.22469186151557544,0.0,262784.6010378017,6289.021653449948,20444399.168870844,401.9769469370039,312.87149746656644
-0.8928571428571428,0.23,0.005,269.21254106996145,4.748035260620946,-0.22465049156147363,0.0,262784.6044715157,6289.021653452529,20444400.368871886,401.97695222820687,312.8714995257225
-0.8928571428571428,0.23,0.015,269.21254106996145,4.748038601702613,-0.22469186151557544,0.0,262784.6010378017,6289.021653449948,20444399.168870844,401.9769469370039,312.87149746656644
-0.8928571428571428,0.25,-0.005,269.19833833624426,4.647032801995425,-0.23497268241944383,0.0,262780.1146530381,6289.021633697225,20443008.33167571,401.97080611643815,312.8691076590433
-0.8928571428571428,0.25,0.005,269.19833833624426,4.647030480078163,-0.23492870706361013,0.0,262780.11793169234,6289.021633699986,20443009.476388417,401.97081116426443,312.8691096235005
-0.8928571428571428,0.25,0.015,269.19833833624426,4.647032801995425,-0.23497268241944383,0.0,262780.1146530381,6289.021633697225,20443008.33167571,401.97080611643815,312.8691076590433
-0.8928571428571428,0.27,-0.005,269.18329152219746,4.537983011257139,-0.2429925046659985,0.0,262775.3634483016,6289.021614495449,20441534.913603514,401.9643011546021,312.866576119678
-0.8928571428571428,0.27,0.005,269.18329152219746,4.537981747626895,-0.2429461494125961,0.0,262775.3665608206,6289.021614498387,20441535.999156505,401.96430594197335,312.86657798278924
-0.8928571428571428,0.27,0.015,269.18329152219746,4.537983011257139,-0.2429925046659985,0.0,262775.3634483016,6289.021614495449,20441534.913603514,401.9643011546021,312.866576119678
-0.8928571428571428,0.29,-0.005,269.1674747432541,4.420969570996061,-0.2485911866575115,0.0,262770.37133538385,6289.021596189592,20439986.183958963,401.95746420563967,312.86391535863197
-0.8928571428571428,0.29,0.005,269.1674747432541,4.4209693952707765,-0.2485426866395563,0.0,262770.3742711945,6289.021596192711,20439987.20667364,401.9574687163206,312.86391711407805
-0.8928571428571428,0.29,0.015,269.1674747432541,4.420969570996061,-0.2485911866575115,0.0,262770.37133538385,6289.021596189592,20439986.183958963,401.95746420563967,312.86391535863197
-0.8928571428571428,0.31,-0.005,269.15096516623447,4.296078190256079,-0.2516132855500926,0.0,262765.163271065,6289.021579101375,20438369.70967904,401.9503287294213,312.86113839448285
-0.8928571428571428,0.31,0.005,269.15096516623447,4.2960791223413395,-0.2515628838888524,0.0,262765.16602015146,6289.0215791046685,20438370.66608872,401.95033294810327,312.8611400363046
-0.8928571428571428,0.31,0.015,269.15096516623447,4.296078190256079,-0.2516132855500926,0.0,262765.163271065,6289.021579101375,20438369.70967904,401.9503287294213,312.86113839448285
-0.8928571428571428,0.33,-0.005,269.1338425436896,4.163399367667226,-0.2519082842828935,0.0,262759.76511555305,6289.021563523009,20436693.309474356,401.94292928763235,312.85825867493753
-0.8928571428571428,0.33,0.005,269.1338425436896,4.163401417679033,-0.251856230432529,0.0,262759.7676685133,6289.021563526473,20436694.196343467,401.942933200019,312.8582601975697
-0.8928571428571428,0.33,0.015,269.1338425436896,4.163399367667226,-0.2519082842828935,0.0,262759.76511555305,6289.021563523009,20436693.309474356,401.94292928763235,312.85825867493753
-0.8928571428571428,0.35,-0.005,269.1161886624603,4.023027631201762,-0.24933079732663754,0.0,262754.2034666694,6289.02154971285,20434964.999642268,401.93530130392065,312.8552899835513
-0.8928571428571428,0.35,0.005,269.1161886624603,4.023030799398471,-0.24927734540118554,0.0,262754.2058147719,6289.021549716483,20434965.81398557,401.9353048968131,312.8552913818552
-0.8928571428571428,0.35,0.015,269.1161886624603,4.023027631201762,-0.24933079732663754,0.0,262754.2034666694,6289.02154971285,20434964.999642268,401.93530130392065,312.8552899835513
-0.8928571428571428,0.37,-0.005,269.0980868687547,3.875062790204347,-0.24374111839567583,0.0,262748.5055232669,6289.021537890124,20433192.947351255,401.92748085638095,312.85224635902244
-0.8928571428571428,0.37,0.005,269.0980868687547,3.8750670670355842,-0.24368652550915587,0.0,262748.50765850715,6289.021537893917,20433193.686452713,401.92748411776137,312.85224762831876
-0.8928571428571428,0.37,0.015,269.0980868687547,3.875062790204347,-0.24374111839567583,0.0,262748.5055232669,6289.021537890124,20433192.947351255,401.92748085638095,312.85224635902244
-0.8928571428571428,0.39,-0.005,269.0796215577488,3.7196084717362563,-0.23500530449835766,0.0,262742.6989299445,6289.021528237542,20431385.42071167,401.91950445947094,312.84914201036395
-0.8928571428571428,0.39,0.005,269.0796215577488,3.719613837987704,-0.2349498291306041,0.0,262742.7008451008,6289.021528241489,20431386.08214271,401.91950737858417,312.8491431464647
-0.8928571428571428,0.39,0.015,269.0796215577488,3.7196084717362563,-0.23500530449835766,0.0,262742.6989299445,6289.021528237542,20431385.42071167,401.91950445947094,312.84914201036395
-0.8928571428571428,0.41,-0.005,269.0608776870548,3.5567715401982105,-0.2229953794429112,0.0,262736.8116300637,6289.021520898026,20429550.741010625,401.9114088524674,312.84599123461066
-0.8928571428571428,0.41,0.005,269.0608776870548,3.5567779672056683,-0.22293927984141615,0.0,262736.8133187507,6289.021520902119,20429551.32264756,401.91141141989857,312.84599223384896
-0.8928571428571428,0.41,0.015,269.0608776870548,3.5567715401982105,-0.2229953794429112,0.0,262736.8116300637,6289.021520898026,20429550.741010625,401.9114088524674,312.84599123461066
-0.8928571428571428,0.43,-0.005,269.041940348842,3.386662359044552,-0.2075896168623191,0.0,262730.87173947657,6289.021515974471,20427697.24079545,401.9032308149791,312.84280834504466
-0.8928571428571428,0.43,0.005,269.041940348842,3.38666980907128,-0.20753314951093943,0.0,262730.8731961971,6289.021515978706,20427697.74083588,401.903233022727,312.8428092043038
-0.8928571428571428,0.43,0.015,269.041940348842,3.386662359044552,-0.2075896168623191,0.0,262730.87173947657,6289.021515974471,20427697.24079545,401.9032308149791,312.84280834504466
-0.8928571428571428,0.45,-0.005,269.02289423939794,3.2093972032246105,-0.18867331520215527,0.0,262724.9073991121,6289.0215135334565,20425833.212055985,401.89500694046876,312.8396075830684
-0.8928571428571428,0.45,0.005,269.02289423939794,3.209405629759434,-0.1886167333214428,0.0,262724.9086193035,6289.021513537822,20425833.629033618,401.89500878201176,312.8396082998073
-0.8928571428571428,0.45,0.015,269.02289423939794,3.2093972032246105,-0.18867331520215527,0.0,262724.9073991121,6289.0215135334565,20425833.212055985,401.89500694046876,312.8396075830684
-0.8928571428571428,0.47,-0.005,269.00382323829876,3.025095176690424,-0.16613848818917284,0.0,262718.94663660927,6289.021513604506,20423966.86500937,401.88677345422303,312.8364030473638
-0.8928571428571428,0.47,0.005,269.00382323829876,3.0251045248915007,-0.16608204032690563,0.0,262718.94761668745,6289.021513608999,20423967.19780737,401.88677492457936,312.83640361964063
-0.8928571428571428,0.47,0.015,269.00382323829876,3.025095176690424,-0.16613848818917284,0.0,262718.94663660927,6289.021513604506,20423966.86500937,401.88677345422303,312.8364030473638
-0.8928571428571428,0.49,-0.005,268.9848099609775,2.8338773974614258,-0.13988395304966045,0.0,262713.0172325672,6289.021516186544,20422106.28451895,401.87856602411455,312.83320862023646
-0.8928571428571428,0.49,0.005,268.9848099609775,2.8338876045842176,-0.13982788174116323,0.0,262713.0179699636,6289.021516191159,20422106.532381024,401.8785671198923,312.8332090467281
-0.8928571428571428,0.49,0.015,268.9848099609775,2.8338773974614258,-0.13988395304966045,0.0,262713.0172325672,6289.021516186544,20422106.28451895,401.87856602411455,312.83320862023646
-0.8928571428571428,0.51,-0.005,268.96593540574577,2.6358683275868278,-0.10981585744394523,0.0,262707.146622778,6289.021521262224,20420259.39601447,401.87041961685304,312.83003791165333
-0.8928571428571428,0.51,0.005,268.96593540574577,2.6358793236068796,-0.10976039799267956,0.0,262707.147115974,6289.021521266957,20420259.558554757,401.8704203362946,312.83003819167254
-0.8928571428571428,0.51,0.015,268.96593540574577,2.6358683275868278,-0.10981585744394523,0.0,262707.146622778,6289.021521262224,20420259.39601447,401.87041961685304,312.83003791165333
-0.8928571428571428,0.53,-0.005,268.9472785617555,2.4311967131106735,-0.07584813769453132,0.0,262701.3617805713,6289.021528797951,20418433.9271555,401.8623683284597,312.82690419323853
-0.8928571428571428,0.53,0.005,268.9472785617555,2.4312084212714242,-0.0757935170164284,0.0,262701.36202912405,6289.0215288028,20418434.004365597,401.8623686714739,312.82690432674696
-0.8928571428571428,0.53,0.015,268.9472785617555,2.4311967131106735,-0.07584813769453132,0.0,262701.3617805713,6289.021528797951,20418433.9271555,401.8623683284597,312.82690419323853
-0.8928571428571428,0.55,-0.005,268.9289160633724,2.2199931205725814,-0.03790213894522983,0.0,262695.6891023578,6289.021538742859,20416637.3740142,401.85444523401657,312.82382033976216
-0.8928571428571428,0.55,0.005,268.9289160633724,2.2200054579977087,-0.037848574522643605,0.0,262695.6891069199,6289.021538747825,20416637.36626783,401.8544452022007,312.82382032737866
-0.8928571428571428,0.55,0.015,268.9289160633724,2.2199931205725814,-0.03790213894522983,0.0,262695.6891023578,6289.021538742859,20416637.3740142,401.85444523401657,312.82382033976216
-0.8928571428571428,0.57,-0.005,268.9109218564281,2.0023919259505454,0.004092648382552697,0.0,262690.1543152857,6289.021551045817,20414876.968993735,401.8466822535321,312.8207987768936
-0.8928571428571428,0.57,0.005,268.9109218564281,2.0024048042495313,0.004144949450128533,0.0,262690.15407761716,6289.021551050902,20414876.87704883,401.8466818501813,312.82079861989774
-0.8928571428571428,0.57,0.015,268.9109218564281,2.0023919259505454,0.004092648382552697,0.0,262690.1543152857,6289.021551045817,20414876.968993735,401.8466822535321,312.8207987768936
-0.8928571428571428,0.59,-0.005,268.8933669282289,1.7785292591158683,0.05019892790922762,0.0,262684.7823930209,6289.021565673925,20413159.65503949,401.8391100461506,312.8178514399798
-0.8928571428571428,0.59,0.005,268.8933669282289,1.7785425850947645,0.050249769728628914,0.0,262684.7819159955,6289.021565679134,20413159.48003817,401.8391092762596,312.81785114031305
-0.8928571428571428,0.59,0.015,268.8933669282289,1.7785292591158683,0.05019892790922762,0.0,262684.7823930209,6289.021565673925,20413159.65503949,401.8391100461506,312.8178514399798
-0.8928571428571428,0.61,-0.005,268.8763190522901,1.5485447408907849,0.1004709386099948,0.0,262679.59747543314,6289.021582610367,20411492.060654834,401.8317578979742,312.8149897303323
-0.8928571428571428,0.61,0.005,268.8763190522901,1.5485584171947886,0.10052013723490989,0.0,262679.5967630352,6289.021582615707,20411491.804120272,401.8317567682238,312.81498929059245
-0.8928571428571428,0.61,0.015,268.8763190522901,1.5485447408907849,0.1004709386099948,0.0,262679.59747543314,6289.021582610367,20411492.060654834,401.8317578979742,312.8149897303323
-0.8928571428571428,0.63,-0.005,268.85984254786285,1.312578767645039,0.15495506688680596,0.0,262674.6227954434,6289.021601881587,20409880.477284186,401.82465363421846,312.81222448098015
-0.8928571428571428,0.63,0.005,268.85984254786285,1.3125926934630843,0.1550024509360183,0.0,262674.6218527582,6289.021601887068,20409880.141115088,401.8246521529519,312.81222390441246
-0.8928571428571428,0.63,0.015,268.85984254786285,1.312578767645039,0.15495506688680596,0.0,262674.6227954434,6289.021601881587,20409880.477284186,401.82465363421846,312.81222448098015
-0.8928571428571428,0.65,-0.005,268.84399810783054,1.0707774764038247,0.21368820978043865,0.0,262669.88062837376,6289.021623564421,20408330.84276519,401.81782354854204,312.8095659291049
-0.8928571428571428,0.65,0.005,268.84399810783054,1.070791548121491,0.2137336209683823,0.0,262669.8794615701,6289.021623570055,20408330.429227702,401.81782172573054,312.8095652195882
-0.8928571428571428,0.65,0.015,268.84399810783054,1.0707774764038247,0.21368820978043865,0.0,262669.88062837376,6289.021623564421,20408330.84276519,401.81782354854204,312.8095659291049
-0.8928571428571428,0.67,-0.005,268.82884256316464,0.8232879037490638,0.2766990453840359,0.0,262665.39222000504,6289.0216478237335,20406848.71952773,401.8112923236855,312.80702368508946
-0.8928571428571428,0.67,0.005,268.82884256316464,0.8233020156407588,0.2767423389362579,0.0,262665.39083630993,6289.021647829538,20406848.23124477,401.81129017088085,312.8070228471185
-0.8928571428571428,0.67,0.015,268.82884256316464,0.8232879037490638,0.2766990453840359,0.0,262665.39222000504,6289.0216478237335,20406848.71952773,401.8112923236855,312.80702368508946
-0.8928571428571428,0.69,-0.005,268.81442879589025,0.5702630721013962,0.3440062181366217,0.0,262661.1777539454,6289.021674914713,20405439.286222883,401.8050829945171,312.8046067180738
-0.8928571428571428,0.69,0.005,268.81442879589025,0.5702771169771652,0.34404726312296285,0.0,262661.17616161244,6289.021674920707,20405438.726161078,401.8050805247955,312.8046057567367
-0.8928571428571428,0.69,0.015,268.81442879589025,0.5702630721013962,0.3440062181366217,0.0,262661.1777539454,6289.021674914713,20405439.286222883,401.8050829945171,312.8046067180738
-0.8928571428571428,0.71,-0.005,268.80080568345744,0.31185971118925787,0.41561897263630415,0.0,262657.25633024727,6289.02170521678,20404107.333411604,401.7992169440812,312.8023233543554
-0.8928571428571428,0.71,0.005,268.80080568345744,0.3118735811192854,0.4156576521877488,0.0,262657.25453851564,6289.021705222986,20404106.704865415,401.79921417197295,312.8023222753066
-0.8928571428571428,0.71,0.015,268.80080568345744,0.31185971118925787,0.41561897263630415,0.0,262657.25633024727,6289.02170521678,20404107.333411604,401.7992169440812,312.8023233543554
-0.8928571428571428,0.73,-0.005,268.7880187548498,0.0482594108107786,0.4915304627326518,0.0,262653.645906844,6289.021738673408,20402857.31034541,401.79371384196673,312.80018125334
-0.8928571428571428,0.73,0.005,268.7880187548498,0.04827299813232732,0.4915666741075609,0.0,262653.64392590005,6289.021738679854,20402856.616921805,401.7937107833893,312.80018006277436
-0.8928571428571428,0.73,0.015,268.7880187548498,0.0482594108107786,0.4915304627326518,0.0,262653.645906844,6289.021738673408,20402857.31034541,401.79371384196673,312.80018125334
-0.8928571428571428,0.75,-0.005,268.7761058855414,-0.2203534260267602,0.5717214315864467,0.0,262650.36236816546,6289.021775602533,20401692.929118637,401.7885902819252,312.79818687716687
-0.8928571428571428,0.75,0.005,268.7761058855414,-0.2203402281311158,0.5717550861943412,0.0,262650.36020906724,6289.021775609231,20401692.17471174,401.78858695406274,312.7981855817725
-0.8928571428571428,0.75,0.015,268.7761058855414,-0.2203534260267602,0.5717214315864467,0.0,262650.36236816546,6289.021775602533,20401692.929118637,401.7885902819252,312.79818687716687
-0.8928571428571428,0.77,-0.005,268.7651013043452,-0.4938242990154393,0.6561784939766953,0.0,262647.42240561615,6289.021821027169,20400617.691937733,401.7838641737482,312.79634720021767
-0.8928571428571428,0.77,0.005,268.7651013043452,-0.4938115970781642,0.6562095177993925,0.0,262647.4200802538,6289.021821034196,20400616.880704794,401.7838605949829,312.7963458071493
-0.8928571428571428,0.77,0.015,268.7651013043452,-0.4938242990154393,0.6561784939766953,0.0,262647.42240561615,6289.021821027169,20400617.691937733,401.7838641737482,312.79634720021767
-0.8928571428571428,0.79,-0.005,268.75503814330364,-0.7719780137965147,0.7448686973761643,0.0,262644.83976959233,6289.0218736148545,20399634.795452636,401.77954904607515,312.7946674914011
-0.8928571428571428,0.79,0.005,268.75503814330364,-0.771965912311996,0.7448970304264501,0.0,262644.8372906125,6289.021873622261,20399633.93179678,401.7795452358665,312.79466600823343
-0.8928571428571428,0.79,0.015,268.75503814330364,-0.7719780137965147,0.7448686973761643,0.0,262644.83976959233,6289.0218736148545,20399634.795452636,401.77954904607515,312.7946674914011
-0.8928571428571428,0.81,-0.005,268.74594397185535,-1.0546296025883901,0.8377468714844049,0.0,262642.6272617024,6289.021933847011,20398746.94884616,401.775657137772,312.79315251743776
-0.8928571428571428,0.81,0.005,268.74594397185535,-1.054618204103701,0.8377724679119752,0.0,262642.6246424503,6289.021933854842,20398746.037391987,401.7756531165621,312.79315095212775
-0.8928571428571428,0.81,0.015,268.74594397185535,-1.0546296025883901,0.8377468714844049,0.0,262642.6272617024,6289.021933847011,20398746.94884616,401.775657137772,312.79315251743776
-0.8928571428571428,0.83,-0.005,268.7378417174492,-1.3415869959415039,0.9347553062745356,0.0,262640.7965693085,6289.022003026022,20397956.432966847,401.7721991847603,312.79180645984087
-0.8928571428571428,0.83,0.005,268.7378417174492,-1.3415764004389379,0.9347781341329034,0.0,262640.7938237606,6289.02200303433,20397955.478535682,401.7721949738659,312.79180482068654
-0.8928571428571428,0.83,0.015,268.7378417174492,-1.3415869959415039,0.9347553062745356,0.0,262640.7965693085,6289.022003026022,20397956.432966847,401.7721991847603,312.79180645984087
-0.8928571428571428,0.85,-0.005,268.73074998786717,-1.6326542190963595,1.035824622240688,0.0,262639.3581350908,6289.022082776046,20397265.11633249,401.7691842519723,312.79063284946636
-0.8928571428571428,0.85,0.005,268.73074998786717,-1.6326445233999023,1.035844663200944,0.0,262639.35527778044,6289.022082784886,20397264.123915564,401.7691798734666,312.7906311450604
-0.8928571428571428,0.85,0.015,268.73074998786717,-1.6326542190963595,1.035824622240688,0.0,262639.3581350908,6289.022082776046,20397265.11633249,401.7691842519723,312.79063284946636
-0.8928571428571428,0.87,-0.005,268.7246831571116,-1.9276337849825698,1.1408746513292403,0.0,262638.3211855771,6289.022175095932,20396674.465223912,401.7666198025794,312.7896345934279
-0.8928571428571428,0.87,0.005,268.7246831571116,-1.9276250822564127,1.1408919003657263,0.0,262638.31823151634,6289.022175105362,20396673.439954452,401.7666152791691,312.7896328326098
-0.8928571428571428,0.87,0.015,268.7246831571116,-1.9276337849825698,1.1408746513292403,0.0,262638.3211855771,6289.022175095932,20396674.465223912,401.7666198025794,312.7896345934279
-0.8928571428571428,0.89,-0.005,268.71965144612994,-2.2263260633753363,1.2498141880085933,0.0,262637.69369903207,6289.022282274132,20396185.548960153,401.7645116802422,312.7888139681594
-0.8928571428571428,0.89,0.005,268.71965144612994,-2.2263184427015648,1.2498286530598188,0.0,262637.69066363253,6289.022282284216,20396184.496085476,401.7645070351436,312.7888121599672
-0.8928571428571428,0.89,0.015,268.71965144612994,-2.2263260633753363,1.2498141880085933,0.0,262637.69369903207,6289.022282274132,20396185.548960153,401.7645116802422,312.7888139681594
-0.8928571428571428,0.91,-0.005,268.7156609645587,-2.5285283621446695,1.362540574127396,0.0,262637.48240012187,6289.02240690383,20395799.04448128,401.7628641361941,312.78817262993493
-0.8928571428571428,0.91,0.005,268.7156609645587,-2.5285219081766463,1.3625522757451516,0.0,262637.4792991157,6289.022406914639,20395797.969334863,401.76285939300965,312.78817078355723
-0.8928571428571428,0.91,0.015,268.7156609645587,-2.5285283621446695,1.362540574127396,0.0,262637.48240012187,6289.02240690383,20395799.04448128,401.7628641361941,312.78817262993493
-0.8928571428571428,0.93,-0.005,268.71271376262894,-2.8340318059526726,1.4789382689886565,0.0,262637.69276590255,6289.022551943849,20395515.243346803,401.7616798889184,312.78771163808216
-0.8928571428571428,0.93,0.005,268.71271376262894,-2.834026598603641,1.4789472399669576,0.0,262637.68961526256,6289.022551955458,20395514.15132046,401.76167507151274,312.7877097628096
-0.8928571428571428,0.93,0.015,268.71271376262894,-2.8340318059526726,1.4789382689886565,0.0,262637.69276590255,6289.022551943849,20395515.243346803,401.7616798889184,312.78771163808216
-0.8928571428571428,0.95,-0.005,268.7108078458123,-3.142621624784114,1.5988788233895415,0.0,262638.32901128277,6289.022720739907,20395334.053845633,401.76096014343835,312.78743146247837
-0.8928571428571428,0.95,0.005,268.7108078458123,-3.1426177389144536,1.5988851083629039,0.0,262638.32582714304,6289.022720752392,20395332.95036192,401.7609552758155,312.78742956765603
-0.8928571428571428,0.95,0.015,268.7108078458123,-3.142621624784114,1.5988788233895415,0.0,262638.32901128277,6289.022720739907,20395334.053845633,401.76096014343835,312.78743146247837
-0.8928571428571428,0.97,-0.005,268.7099372869931,-3.4540762861254692,1.722220332480121,0.0,262639.39409178856,6289.022917032162,20395255.012213036,401.7607046443973,312.7873320042066
-0.8928571428571428,0.97,0.005,268.7099372869931,-3.4540737912573523,1.7222239874946512,0.0,262639.39089036855,6289.022917045612,20395253.902698915,401.76069975058454,312.7873300991887
-0.8928571428571428,0.97,0.015,268.7099372869931,-3.4540762861254692,1.722220332480121,0.0,262639.39409178856,6289.022917032162,20395255.012213036,401.7607046443973,312.7873320042066
-0.8928571428571428,0.99,-0.005,268.7101024938295,-3.767748507716313,1.8486219092083152,0.0,262640.89195319795,6289.0231481793835,20395278.3897622,401.7609181030695,312.7874150973998
-0.8928571428571428,0.99,0.005,268.7101024938295,-3.767747460112931,1.8486230244308497,0.0,262640.8887448959,6289.023148193856,20395277.277601857,401.76091319806017,312.78741318802395
-0.8928571428571428,0.99,0.015,268.7101024938295,-3.767748507716313,1.8486219092083152,0.0,262640.89195319795,6289.0231481793835,20395278.3897622,401.7609181030695,312.7874150973998
-0.8928571428571428,1.01,-0.005,268.7095631958274,-7.56231091930342e-06,3.7103998902781033e-06,0.0,262640.71505718754,6289.045006874592,20395907.616758782,401.77411947664183,312.79255396159687
-0.8928571428571428,1.01,0.005,268.70902389782526,3.767748507716313,-1.8486219092083152,0.0,262640.53816046694,6289.023025942617,20395169.04406847,401.7603768893322,312.78720441874077
-0.8928571428571428,1.01,0.015,268.7095631958274,-7.56231091930342e-06,3.7103998902781033e-06,0.0,262640.71505718754,6289.045006874592,20395907.616758782,401.77411947664183,312.79255396159687
-0.8214285714285716,-0.01,-0.005,269.3102335117612,5.369930405324718,0.0,0.0,262815.4734113693,6289.0221458521855,20453977.79414304,402.01939970273713,312.8880182021727
-0.8214285714285716,-0.01,0.005,269.3102335117612,5.369930405324718,0.012904348108569358,0.0,262815.4734113693,6289.022145645079,20453977.78766277,402.0193995753686,312.8880181526078
-0.8214285714285716,-0.01,0.015,269.3102335117612,5.369930405324718,0.0,0.0,262815.4734113693,6289.0221458521855,20453977.79414304,402.01939970273713,312.8880182021727
-0.8214285714285716,0.01,-0.005,269.3102335117612,5.369930405324718,-0.012904348108569358,0.0,262815.4734113693,6289.022145645079,20453977.78766277,402.0193995753686,312.8880181526078
-0.8214285714285716,0.01,0.005,269.3102335117612,5.369921864681194,-0.012902250550453857,0.0,262815.4775632071,6289.022145646729,20453979.24468702,402.019405996834,312.8880206514917
-0.8214285714285716,0.01,0.015,269.3102335117612,5.369930405324718,-0.012904348108569358,0.0,262815.4734113693,6289.022145645079,20453977.78766277,402.0193995753686,312.8880181526078
-0.8214285714285716,0.030000000000000002,-0.005,269.30886994209,5.361219939714553,-0.038613205600875104,0.0,262815.0415220842,6289.022142440536,20453844.202844493,402.01880937584855,312.88778847908196
-0.8214285714285716,0.030000000000000002,0.005,269.30886994209,5.3612115118182535,-0.03860701613222936,0.0,262815.0456532711,6289.022142442206,20453845.652528383,402.0188157650089,312.88779096539633
-0.8214285714285716,0.030000000000000002,0.015,269.30886994209,5.361219939714553,-0.038613205600875104,0.0,262815.0415220842,6289.022142440536,20453844.202844493,402.01880937584855,312.88778847908196
-0.8214285714285716,0.05,-0.005,269.30614986159645,5.343938210906276,-0.06401594813774408,0.0,262814.1808092478,6289.022136388982,20453577.7307757,402.0176322124767,312.8873303906728
-0.8214285714285716,0.05,0.005,269.30614986159645,5.343930007904055,-0.06400566960486147,0.0,262814.1849142826,6289.022136390703,20453579.171038754,402.0176385602106,312.8873328608698
-0.8214285714285716,0.05,0.015,269.30614986159645,5.343938210906276,-0.06401594813774408,0.0,262814.1808092478,6289.022136388982,20453577.7307757,402.0176322124767,312.8873303906728
-0.8214285714285716,0.07,-0.005,269.3020870456871,5.318126928111344,-0.08890982734501786,0.0,262812.8957996383,6289.022127534486,20453179.72519842,402.01587405427017,312.8866462092028
-0.8214285714285716,0.07,0.005,269.3020870456871,5.318119059780993,-0.08889551629392115,0.0,262812.8998654913,6289.022127536282,20453181.151352286,402.01588033995904,312.8866486552606
-0.8214285714285716,0.07,0.015,269.3020870456871,5.318126928111344,-0.08890982734501786,0.0,262812.8957996383,6289.022127534486,20453179.72519842,402.01587405427017,312.8866462092028
-0.8214285714285716,0.09,-0.005,269.29670253920875,5.283814396742015,-0.11309338973058439,0.0,262811.1932466003,6289.02211607898,20452652.25436845,402.01354408601094,312.8857395074309
-0.8214285714285716,0.09,0.005,269.29670253920875,5.283806969611238,-0.11307512466843662,0.0,262811.1972603077,6289.022116080876,20452653.66175447,402.0135502891644,312.8857419213772
-0.8214285714285716,0.09,0.015,269.29670253920875,5.283814396742015,-0.11309338973058439,0.0,262811.1932466003,6289.02211607898,20452652.25436845,402.01354408601094,312.8857395074309
-0.8214285714285716,0.11,-0.005,269.29002422722493,5.241030958241891,-0.13636651352460794,0.0,262809.0820551645,6289.022102274462,20451998.058244623,402.01065446882365,312.8846150159199
-0.8214285714285716,0.11,0.005,269.29002422722493,5.24102407461308,-0.13634439431705242,0.0,262809.08600385,6289.02210227648,20451999.442243416,402.01066056912055,312.88461738984836
-0.8214285714285716,0.11,0.015,269.29002422722493,5.241030958241891,-0.13636651352460794,0.0,262809.0820551645,6289.022102274462,20451998.058244623,402.01065446882365,312.8846150159199
-0.8214285714285716,0.13,-0.005,269.2820866358517,5.189812471936706,-0.15853074109040824,0.0,262806.5732384527,6289.02208641103,20451220.528557703,402.00722024750985,312.8832785870262
-0.8214285714285716,0.13,0.005,269.2820866358517,5.189806228934953,-0.15850488817791908,0.0,262806.57710935356,6289.022086413188,20451221.884600136,402.00722622484574,312.88328091311433
-0.8214285714285716,0.13,0.015,269.2820866358517,5.189812471936706,-0.15853074109040824,0.0,262806.5732384527,6289.02208641103,20451220.528557703,402.00722024750985,312.8832785870262
-0.8214285714285716,0.15,-0.005,269.27293064069687,5.130200439120325,-0.1793895799342136,0.0,262803.6798333054,6289.0220688136515,20450323.68009519,402.0032592235053,312.8817371455203
-0.8214285714285716,0.15,0.005,269.27293064069687,5.130194927784361,-0.17936013339170667,0.0,262803.6836138026,6289.022068815971,20450325.00367464,402.0032650580461,312.8817394160507
-0.8214285714285716,0.15,0.015,269.27293064069687,5.130200439120325,-0.1793895799342136,0.0,262803.6798333054,6289.0220688136515,20450323.68009519,402.0032592235053,312.8817371455203
-0.8214285714285716,0.17,-0.005,269.26260317400573,5.0622428370254635,-0.19874892321476026,0.0,262800.4168177434,6289.022049836059,20449312.12176046,401.9987918256231,312.87999863835506
-0.8214285714285716,0.17,0.005,269.26260317400573,5.062238141449393,-0.1987160416633893,0.0,262800.4204953944,6289.022049838554,20449313.40844581,401.9987974978612,312.8800008457371
-0.8214285714285716,0.17,0.015,269.26260317400573,5.0622428370254635,-0.19874892321476026,0.0,262800.4168177434,6289.022049836059,20449312.12176046,401.9987918256231,312.87999863835506
-0.8214285714285716,0.19000000000000003,-0.005,269.2511569024352,4.9859932525949695,-0.21641734401072246,0.0,262796.8010096467,6289.022029851247,20448191.024642013,401.99384096611857,312.87807197872837
-0.8214285714285716,0.19000000000000003,0.005,269.2511569024352,4.985989449158526,-0.2163812033975482,0.0,262796.80457222194,6289.022029853931,20448192.270091746,401.993846456935,312.87807411552234
-0.8214285714285716,0.19000000000000003,0.015,269.2511569024352,4.9859932525949695,-0.21641734401072246,0.0,262796.8010096467,6289.022029851247,20448191.024642013,401.99384096611857,312.87807197872837
-0.8214285714285716,0.21,-0.005,269.238649875524,4.901511089123877,-0.23220643610344793,0.0,262792.85096323193,6289.022009243835,20446966.087266672,401.98843188532436,312.8759669857028
-0.8214285714285716,0.21,0.005,269.238649875524,4.901508245825531,-0.23216722836500023,0.0,262792.85439875483,6289.022009246719,20446967.28724389,401.98843717605416,312.87596904464533
-0.8214285714285716,0.21,0.015,269.238649875524,4.901511089123877,-0.23220643610344793,0.0,262792.85096323193,6289.022009243835,20446966.087266672,401.98843188532436,312.8759669857028
-0.8214285714285716,0.23,-0.005,269.2251450975527,4.808861322001418,-0.24593112879910153,0.0,262788.58684189606,6289.021988403881,20445643.493394874,401.9825919641602,312.8736943113264
-0.8214285714285716,0.23,0.005,269.2251450975527,4.80885949784442,-0.24588906041765873,0.0,262788.5901386867,6289.021988406975,20445644.643783495,401.98259703666366,312.8736962853582
-0.8214285714285716,0.23,0.015,269.2251450975527,4.808861322001418,-0.24593112879910153,0.0,262788.58684189606,6289.021988403881,20445643.493394874,401.9825919641602,312.8736943113264
-0.8214285714285716,0.25,-0.005,269.21071010560405,4.708114595141796,-0.2574100586424795,0.0,262784.03029305604,6289.021967717873,20444229.87033362,401.9763505375962,312.87126536812593
-0.8214285714285716,0.25,0.005,269.21071010560405,4.708113839619839,-0.2573653491139814,0.0,262784.03343977855,6289.021967721183,20444230.96715549,401.97635537433416,312.8712672504211
-0.8214285714285716,0.25,0.015,269.21071010560405,4.708114595141796,-0.2574100586424795,0.0,262784.03029305604,6289.021967717873,20444229.87033362,401.9763505375962,312.87126536812593
-0.8214285714285716,0.27,-0.005,269.19541651159614,4.599347016488855,-0.2664659025270043,0.0,262779.20431181736,6289.021947561802,20442732.243789025,401.9697386938425,312.86869225104397
-0.8214285714285716,0.27,0.005,269.19541651159614,4.599347369170426,-0.2664187827570966,0.0,262779.2072975303,6289.021947565331,20442733.283221904,401.9697432779551,312.8686940350406
-0.8214285714285716,0.27,0.015,269.19541651159614,4.599347016488855,-0.2664659025270043,0.0,262779.20431181736,6289.021947561802,20442732.243789025,401.9697386938425,312.86869225104397
-0.8214285714285716,0.29,-0.005,269.17933952621235,4.482639600564402,-0.27292565906197774,0.0,262774.133097873,6289.021928294811,20441157.990968615,401.9627890660535,312.86598765646056
-0.8214285714285716,0.29,0.005,269.17933952621235,4.4826410907742105,-0.27287636970658463,0.0,262774.1359120834,6289.021928298561,20441158.969364967,401.96279338144427,312.86598933589335
-0.8214285714285716,0.29,0.015,269.17933952621235,4.482639600564402,-0.27292565906197774,0.0,262774.133097873,6289.021928294811,20441157.990968615,401.9627890660535,312.86598765646056
-0.8214285714285716,0.31,-0.005,269.162557468975,4.3580788564525905,-0.27662109053466216,0.0,262768.841914125,6289.0219102544625,20439514.79238288,401.95553561898214,312.86316479924415
-0.8214285714285716,0.31,0.005,269.162557468975,4.358081503054793,-0.27656988030223845,0.0,262768.84454684367,6289.021910258432,20439515.70628919,401.9555396504023,312.8631663681774
-0.8214285714285716,0.31,0.015,269.162557468975,4.3580788564525905,-0.27662109053466216,0.0,262768.841914125,6289.0219102544625,20439514.79238288,401.95553561898214,312.86316479924415
-0.8214285714285716,0.33,-0.005,269.14515128824536,4.225756048151156,-0.2773889464687167,0.0,262763.35694081354,6289.021893750206,20437810.584570248,401.94801343874457,312.86023733100785
-0.8214285714285716,0.33,0.005,269.14515128824536,4.225759859470673,-0.27733607040639113,0.0,262763.35938261356,6289.021893754393,20437811.430746775,401.94801717188074,312.8602387838697
-0.8214285714285716,0.33,0.015,269.14515128824536,4.225756048151156,-0.2773889464687167,0.0,262763.35694081354,6289.021893750206,20437810.584570248,401.94801343874457,312.86023733100785
-0.8214285714285716,0.35,-0.005,269.12720402289114,4.085766799829243,-0.2750712378897812,0.0,262757.7051155174,6289.021879058933,20436053.50718692,401.94025849859815,312.8572192490219
-0.8214285714285716,0.35,0.005,269.12720402289114,4.085771773600127,-0.2750169556532795,0.0,262757.7073575927,6289.021879063334,20436054.282627467,401.94026192016054,312.85722058063834
-0.8214285714285716,0.35,0.015,269.12720402289114,4.085766799829243,-0.2750712378897812,0.0,262757.7051155174,6289.021879058933,20436053.50718692,401.94025849859815,312.8572192490219
-0.8214285714285716,0.37,-0.005,269.108800312914,3.9382121327145145,-0.2695157818638623,0.0,262751.91399197845,6289.021866419197,20434251.854857773,401.9323074449105,312.85412481297544
-0.8214285714285716,0.37,0.005,269.108800312914,3.93821825614624,-0.26946035600298784,0.0,262751.9160262028,6289.021866423808,20434252.556809384,401.93231054272,312.8541260186044
-0.8214285714285716,0.37,0.015,269.108800312914,3.9382121327145145,-0.2695157818638623,0.0,262751.91399197845,6289.021866419197,20434251.854857773,401.9323074449105,312.85412481297544
-0.8214285714285716,0.39,-0.005,269.09002588113736,3.783197155611375,-0.260576314704524,0.0,262746.01158431947,6289.021856035443,20432414.026520107,401.9241973766793,312.85096845921777
-0.8214285714285716,0.39,0.005,269.09002588113736,3.7832044055586693,-0.26052000897701355,0.0,262746.0134033054,6289.021856040257,20432414.65250243,401.92420013975345,312.8509695345828
-0.8214285714285716,0.39,0.015,269.09002588113736,3.783197155611375,-0.260576314704524,0.0,262746.01158431947,6289.021856035443,20432414.026520107,401.9241973766793,312.85096845921777
-0.8214285714285716,0.41000000000000003,-0.005,269.070967042538,3.62083047756183,-0.24811271045091787,0.0,262740.02621901856,6289.0218480740405,20430548.477229543,401.9159656318,312.847764717616
-0.8214285714285716,0.41000000000000003,0.005,269.070967042538,3.6208388207742384,-0.2480557881760982,0.0,262740.02781617484,6289.021848079052,20430549.025053427,401.9159680504363,312.8477656589383
-0.8214285714285716,0.41000000000000003,0.015,269.070967042538,3.62083047756183,-0.24811271045091787,0.0,262740.02621901856,6289.0218480740405,20430548.477229543,401.9159656318,312.847764717616
-0.8214285714285716,0.43,-0.005,269.0517102488063,3.451224174596437,-0.2319912552520557,0.0,262733.9864003517,6289.021842663173,20428663.673547868,401.9076495907797,312.84452813518976
-0.8214285714285716,0.43,0.005,269.0517102488063,3.4512335681107444,-0.2319339777293863,0.0,262733.9877699395,6289.021842668376,20428664.14133333,401.90765165663544,312.8445289392198
-0.8214285714285716,0.43,0.015,269.0517102488063,3.451224174596437,-0.2319912552520557,0.0,262733.9864003517,6289.021842663173,20428663.673547868,401.9076495907797,312.84452813518976
-0.8214285714285716,0.45000000000000007,-0.005,269.0323415811382,3.2744965191364224,-0.21208558031931082,0.0,262727.92067200644,6289.021839897926,20426768.044040594,401.89928646114953,312.84127319222415
-0.8214285714285716,0.45000000000000007,0.005,269.0323415811382,3.2745069106317013,-0.2120282052869967,0.0,262727.9218091909,6289.021839903314,20426768.43023312,401.89928816731464,312.8412738562697
-0.8214285714285716,0.45000000000000007,0.015,269.0323415811382,3.2744965191364224,-0.21208558031931082,0.0,262727.92067200644,6289.021839897926,20426768.044040594,401.89928646114953,312.84127319222415
-0.8214285714285716,0.47,-0.005,269.0129463099463,3.0907688751984197,-0.1882763072539949,0.0,262721.85747246386,6289.021839837464,20424869.9360907,401.8909130857613,312.83801422766516
-0.8214285714285716,0.47,0.005,269.0129463099463,3.0907802034902487,-0.18821908744176163,0.0,262721.8583733624,6289.0218398430325,20424870.2394762,401.8909144268254,312.83801474961757
-0.8214285714285716,0.47,0.015,269.0129463099463,3.0907688751984197,-0.1882763072539949,0.0,262721.85747246386,6289.021839837464,20424869.9360907,401.8909130857613,312.83801422766516
-0.8214285714285716,0.49,-0.005,268.9936084537372,2.9001650240480243,-0.16045117529416209,0.0,262715.82500448386,6289.021842513348,20422977.5729926,401.882565757429,312.834765366974
-0.8214285714285716,0.49,0.005,268.9936084537372,2.9001772195986795,-0.16039435705491117,0.0,262715.82566620916,6289.0218425190915,20422977.792710274,401.8825667295395,312.8347657453308
-0.8214285714285716,0.49,0.015,268.9936084537372,2.9001650240480243,-0.16045117529416209,0.0,262715.82500448386,6289.021842513348,20422977.5729926,401.882565757429,312.834765366974
-0.8214285714285716,0.51,-0.005,268.9744103890658,2.7028122400550743,-0.12850558797996572,0.0,262709.8511230293,6289.02184793538,20421099.015979394,401.8742800539598,312.83154045790616
-0.8214285714285716,0.51,0.005,268.9744103890658,2.7028252256097565,-0.12844941003136895,0.0,262709.8515437283,6289.021847941296,20421099.151533335,401.874280654874,312.8315406917913
-0.8214285714285716,0.51,0.015,268.9744103890658,2.7028122400550743,-0.12850558797996572,0.0,262709.8511230293,6289.02184793538,20421099.015979394,401.8742800539598,312.83154045790616
-0.8214285714285716,0.53,-0.005,268.95543247407164,2.4988422551814775,-0.09234315708227965,0.0,262703.9632249738,6289.021856097813,20419242.12760399,401.8660906791525,312.82835300860273
-0.8214285714285716,0.53,0.005,268.95543247407164,2.498855946387548,-0.09228784932911745,0.0,262703.9634038595,6289.021856103901,20419242.178871993,401.866090908277,312.8283530977825
-0.8214285714285716,0.53,0.015,268.95543247407164,2.4988422551814775,-0.09234315708227965,0.0,262703.9632249738,6289.021856097813,20419242.12760399,401.8660906791525,312.82835300860273
-0.8214285714285716,0.55,-0.005,268.9367526916601,2.288388906759375,-0.05187532368428734,0.0,262698.18813438213,6289.021866984695,20417414.537026234,401.8580313116259,312.82521612872057
-0.8214285714285716,0.55,0.005,268.9367526916601,2.288403212849075,-0.05182110615491584,0.0,262698.1880717588,6289.0218669909555,20417414.50426631,401.85803117004735,312.82521607361485
-0.8214285714285716,0.55,0.015,268.9367526916601,2.288388906759375,-0.05187532368428734,0.0,262698.18813438213,6289.021866984695,20417414.537026234,401.8580313116259,312.82521612872057
-0.8214285714285716,0.57,-0.005,268.9184463153797,2.071590150930314,-0.007022191958452177,0.0,262692.55200699833,6289.021880578589,20415623.6076365,401.8501344654122,312.82214247513247
-0.8214285714285716,0.57,0.005,268.9184463153797,2.0716049753991754,-0.006969273841521535,0.0,262692.5517042787,6289.021880585024,20415623.491490778,401.85013395591466,312.8221422768221
-0.8214285714285716,0.57,0.015,268.9184463153797,2.071590150930314,-0.007022191958452177,0.0,262692.55200699833,6289.021880578589,20415623.6076365,401.8501344654122,312.82214247513247
-0.8214285714285716,0.59,-0.005,268.9005856188623,1.8485859988906392,0.0422878167383259,0.0,262687.08024041075,6289.021896880054,20413876.409286782,401.84243137588396,312.81914420748086
-0.8214285714285716,0.59,0.005,268.9005856188623,1.8486012402540206,0.04233923793197658,0.0,262687.0797001275,6289.021896886666,20413876.210783064,401.84243050295737,312.8191438677107
-0.8214285714285716,0.59,0.015,268.9005856188623,1.8485859988906392,0.0422878167383259,0.0,262687.08024041075,6289.021896880054,20413876.409286782,401.84243137588396,312.81914420748086
-0.8214285714285716,0.61,-0.005,268.88323962616937,1.619520141970218,0.09611724168450296,0.0,262681.7973977369,6289.021915911969,20412179.69405911,401.8349518939545,312.81623294694566
-0.8214285714285716,0.61,0.005,268.88323962616937,1.6195356944844732,0.09616698086448246,0.0,262681.7966235445,6289.021915918769,20412179.41460942,401.8349506637889,312.8162324681225
-0.8214285714285716,0.61,0.015,268.88323962616937,1.619520141970218,0.09611724168450296,0.0,262681.7973977369,6289.021915911969,20412179.69405911,401.8349518939545,312.81623294694566
-0.8214285714285716,0.63,-0.005,268.8664738615393,1.3845374350797621,0.1545201700413123,0.0,262676.7271284208,6289.0219377385665,20410539.872439396,401.82772438898445,312.81341973839574
-0.8214285714285716,0.63,0.005,268.8664738615393,1.3845531895066134,0.15456805515843214,0.0,262676.7261250901,6289.021937745564,20410539.513835892,401.8277228094526,312.8134191235816
-0.8214285714285716,0.63,0.015,268.8664738615393,1.3845374350797621,0.1545201700413123,0.0,262676.7271284208,6289.0219377385665,20410539.872439396,401.82772438898445,312.81341973839574
-0.8214285714285716,0.65,-0.005,268.85035017597636,1.1437884771016773,0.2175405275935567,0.0,262671.89211704105,6289.021962473422,20408962.996670958,401.8207756780564,312.8107150228007
-0.8214285714285716,0.65,0.005,268.85035017597636,1.143804321427925,0.21758640016782396,0.0,262671.89089044597,6289.021962480629,20408962.561079137,401.82077375868465,312.81071427570134
-0.8214285714285716,0.65,0.015,268.85035017597636,1.1437884771016773,0.2175405275935567,0.0,262671.89211704105,6289.021962473422,20408962.996670958,401.8207756780564,312.8107150228007
-0.8214285714285716,0.67,-0.005,268.83492650577296,0.8974254246145066,0.28521323688737715,0.0,262667.3140100962,6289.02199031777,20407454.73839659,401.8141309444458,312.80812860543415
-0.8214285714285716,0.67,0.005,268.83492650577296,0.897441244806655,0.2852569524176077,0.0,262667.3125671922,6289.0219903252055,20407454.22834577,401.81412869637285,312.8081277303834
-0.8214285714285716,0.67,0.015,268.83492650577296,0.8974254246145066,0.28521323688737715,0.0,262667.3140100962,6289.02199031777,20407454.73839659,401.8141309444458,312.80812860543415
-0.8214285714285716,0.69,-0.005,268.8202567800197,0.6456064989045548,0.3575623901304178,0.0,262663.01338171837,6289.022021565105,20406020.37982791,401.8078136996975,312.8056696410493
-0.8214285714285716,0.69,0.005,268.8202567800197,0.6456221796093575,0.35760381841951716,0.0,262663.01173051324,6289.022021572785,20406019.79819916,401.80781113562114,312.805668642988
-0.8214285714285716,0.69,0.015,268.8202567800197,0.6456064989045548,0.3575623901304178,0.0,262663.01338171837,6289.022021565105,20406020.37982791,401.8078136996975,312.8056696410493
-0.8214285714285716,0.71,-0.005,268.806390860116,0.3884933458532073,0.4346020397483028,0.0,262659.00969206204,6289.022056589808,20404664.80754769,401.8018457497199,312.80334662061847
-0.8214285714285716,0.71,0.005,268.806390860116,0.38850877117291904,0.43464106510037076,0.0,262659.0078415794,6289.022056597758,20404664.15755921,401.80184288383384,312.8033455050701
-0.8214285714285716,0.71,0.015,268.806390860116,0.3884933458532073,0.4346020397483028,0.0,262659.00969206204,6289.022056589808,20404664.80754769,401.8018457497199,312.80334662061847
-0.8214285714285716,0.73,-0.005,268.7933749839254,0.12626746033292655,0.516330387614851,0.0,262655.32131150976,6289.022095638544,20403392.54953096,401.7962472576656,312.8011673957476
-0.8214285714285716,0.73,0.005,268.7933749839254,0.1262825148984547,0.5163669088193865,0.0,262655.31927174533,6289.022095646791,20403391.834721252,401.7962441055844,312.80116616878905
-0.8214285714285716,0.73,0.015,268.7933749839254,0.12626746033292655,0.516330387614851,0.0,262655.32131150976,6289.022095638544,20403392.54953096,401.7962472576656,312.8011673957476
-0.8214285714285716,0.75,-0.005,268.78124924295236,-0.1408754400746889,0.6027288741275213,0.0,262651.96426390036,6289.0221375785295,20402207.489301387,401.7910348839367,312.7991384546036
-0.8214285714285716,0.75,0.005,268.78124924295236,-0.14086087087326568,0.6027628047424818,0.0,262651.9620457719,6289.02213758706,20402206.71351491,401.79103146261286,312.7991371228328
-0.8214285714285716,0.75,0.015,268.78124924295236,-0.1408754400746889,0.6027288741275213,0.0,262651.96426390036,6289.0221375785295,20402207.489301387,401.7910348839367,312.7991384546036
-0.8214285714285716,0.77,-0.005,268.77004738369214,-0.4127734914469946,0.6937857658468771,0.0,262648.95536284667,6289.022187844116,20401113.094612364,401.7862265838959,312.7972667893854
-0.8214285714285716,0.77,0.005,268.77004738369214,-0.4127595210363203,0.6938170341109012,0.0,262648.95297815284,6289.022187853042,20401112.261966225,401.7862229115501,312.79726535989425
-0.8214285714285716,0.77,0.015,268.77004738369214,-0.4127734914469946,0.6937857658468771,0.0,262648.95536284667,6289.022187844116,20401113.094612364,401.7862265838959,312.7972667893854
-0.8214285714285716,0.7899999999999999,-0.005,268.75980234455665,-0.689245927878133,0.7894696151199836,0.0,262646.30919952533,6289.022247093103,20400112.605177492,401.7818370267928,312.795558113075
-0.8214285714285716,0.7899999999999999,0.005,268.75980234455665,-0.6892326674021199,0.789498163718873,0.0,262646.30666083546,6289.022247102464,20400111.720043063,401.7818331227398,312.7955565933815
-0.8214285714285716,0.7899999999999999,0.015,268.75980234455665,-0.689245927878133,0.7894696151199836,0.0,262646.30919952533,6289.022247093103,20400112.605177492,401.7818370267928,312.795558113075
-0.8214285714285716,0.81,-0.005,268.7505427301792,-0.9701004413307436,0.8897346989259587,0.0,262644.0384759963,6289.0223145960845,20399208.793574706,401.77787815547674,312.79401707724526
-0.8214285714285716,0.81,0.005,268.7505427301792,-0.9700879995249096,0.889760484977274,0.0,262644.035796614,6289.022314605929,20399207.86055481,401.77787404006347,312.7940154752697
-0.8214285714285716,0.81,0.015,268.7505427301792,-0.9701004413307436,0.8897346989259587,0.0,262644.0384759963,6289.0223145960845,20399208.793574706,401.77787815547674,312.79401707724526
-0.8214285714285716,0.83,-0.005,268.74229219042036,-1.2551362675352302,0.9945211967437476,0.0,262642.15496794594,6289.022391143368,20398403.99525789,401.7743607041831,312.79264786282613
-0.8214285714285716,0.83,0.005,268.74229219042036,-1.255124750150611,0.994544191553342,0.0,262642.1521618383,6289.022391153745,20398403.019162603,401.77435639867525,312.79264618684664
-0.8214285714285716,0.83,0.015,268.74229219042036,-1.2551362675352302,0.9945211967437476,0.0,262642.15496794594,6289.022391143368,20398403.99525789,401.7743607041831,312.79264786282613
-0.8214285714285716,0.8499999999999999,-0.005,268.73506986712596,-1.5441483032135463,1.1037564870780228,0.0,262640.6692563018,6289.022478119706,20397700.123438522,401.7712938223293,312.7914540336272
-0.8214285714285716,0.8499999999999999,0.005,268.73506986712596,-1.544137812398556,1.1037766758272078,0.0,262640.6663380258,6289.022478130664,20397699.10925834,401.7712893487948,312.7914522922343
-0.8214285714285716,0.8499999999999999,0.015,268.73506986712596,-1.5441483032135463,1.1037564870780228,0.0,262640.6692563018,6289.022478119706,20397700.123438522,401.7712938223293,312.7914540336272
-0.8214285714285716,0.87,-0.005,268.7288905722748,-1.8369299447621008,1.2173562685176185,0.0,262639.59068020014,6289.022577307317,20397098.680409163,401.76868502998803,312.79043851897137
-0.8214285714285716,0.87,0.005,268.7288905722748,-1.836920578494128,1.2173736499014551,0.0,262639.5876648226,6289.0225773189095,20397097.633286484,401.768680411171,312.7904367210191
-0.8214285714285716,0.87,0.015,268.7288905722748,-1.8369299447621008,1.2173562685176185,0.0,262639.59068020014,6289.022577307317,20397098.680409163,401.76868502998803,312.79043851897137
-0.8214285714285716,0.89,-0.005,268.72376489694005,-2.133272525737603,1.3352242999169228,0.0,262638.9273010504,6289.0226907746855,20396600.76476739,401.76654019627006,312.7896036052516
-0.8214285714285716,0.89,0.005,268.72376489694005,-2.133264377378989,1.3352388857710495,0.0,262638.924204067,6289.022690786968,20396599.689967964,401.7665354554642,312.78960175980825
-0.8214285714285716,0.89,0.015,268.72376489694005,-2.133272525737603,1.3352242999169228,0.0,262638.9273010504,6289.0226907746855,20396600.76476739,401.76654019627006,312.7896036052516
-0.8214285714285716,0.91,-0.005,268.7196992994961,-2.432964412395541,1.4572519849473726,0.0,262638.6858716739,6289.0228207989,20396207.07765018,401.7648635294426,312.7889509320608
-0.8214285714285716,0.91,0.005,268.7196992994961,-2.432957570337395,1.4572637998652824,0.0,262638.68270892696,6289.02282081193,20396205.98053431,401.7648586903633,312.78894904835886
-0.8214285714285716,0.91,0.015,268.7196992994961,-2.432964412395541,1.4572519849473726,0.0,262638.6858716739,6289.0228207989,20396207.07765018,401.7648635294426,312.7889509320608
-0.8214285714285716,0.9299999999999999,-0.005,268.7166961518838,-2.735788108397683,1.5833169728696952,0.0,262638.87185255025,6289.022969957737,20395917.9301541,401.7636576533246,312.7884815219118
-0.8214285714285716,0.9299999999999999,0.005,268.7166961518838,-2.7357826557606204,1.5833260538074274,0.0,262638.86864014686,6289.022969971575,20395916.816148058,401.76365273998164,312.78847960929846
-0.8214285714285716,0.9299999999999999,0.015,268.7166961518838,-2.735788108397683,1.5833169728696952,0.0,262638.87185255025,6289.022969957737,20395917.9301541,401.7636576533246,312.7884815219118
-0.8214285714285716,0.95,-0.005,268.7147537439892,-3.041520185148514,1.7132830351893185,0.0,262639.4893957675,6289.023141160608,20395733.244743496,401.76292362808795,312.78819578832235
-0.8214285714285716,0.95,0.005,268.7147537439892,-3.0415161994835205,1.7132894310380324,0.0,262639.48614999745,6289.023141175315,20395732.119311,401.762918664659,312.7881938562103
-0.8214285714285716,0.95,0.015,268.7147537439892,-3.041520185148514,1.7132830351893185,0.0,262639.4893957675,6289.023141160608,20395733.244743496,401.76292362808795,312.78819578832235
-0.8214285714285716,0.97,-0.005,268.71386639748386,-3.3499308452301815,1.8469997571131973,0.0,262640.5413452305,6289.023337648515,20395652.566393342,401.7626609993767,312.7880935549288
-0.8214285714285716,0.97,0.005,268.71386639748386,-3.3499283982513957,1.8470035282465995,0.0,262640.53808248666,6289.023337664151,20395651.4350083,401.76265601008527,312.7880916127486
-0.8214285714285716,0.97,0.015,268.71386639748386,-3.3499308452301815,1.8469997571131973,0.0,262640.5413452305,6289.023337648515,20395652.566393342,401.7626609993767,312.7880935549288
-0.8214285714285716,0.9899999999999999,-0.005,268.71403583847734,-3.660476025817068,1.984156314661999,0.0,262642.0321063096,6289.023565731244,20395676.262708977,401.76287440375063,312.78817662678296
-0.8214285714285716,0.9899999999999999,0.005,268.71403583847734,-3.6604751747827784,1.9841575559480418,0.0,262642.02883707354,6289.023565747836,20395675.1287704,401.762869403641,312.7881746803921
-0.8214285714285716,0.9899999999999999,0.015,268.71403583847734,-3.660476025817068,1.984156314661999,0.0,262642.0321063096,6289.023565731244,20395676.262708977,401.76287440375063,312.78817662678296
-0.8214285714285716,1.01,-0.005,268.71337034304054,-9.065993509111235e-06,4.914210103703472e-06,0.0,262641.8172310275,6289.045073330728,20396282.20100766,401.7758055249149,312.79321027912283
-0.8214285714285716,1.01,0.005,268.7127048476037,3.6604760258170272,-1.9841563146619765,0.0,262641.6023546812,6289.023431871387,20395541.8603442,401.7622169920387,312.7879207162598
-0.8214285714285716,1.01,0.015,268.71337034304054,-9.065993509111235e-06,4.914210103703472e-06,0.0,262641.8172310275,6289.045073330728,20396282.20100766,401.7758055249149,312.79321027912283
-0.75,-0.01,-0.005,269.32299468963345,5.438440685114569,-1.648909458819581e-18,0.0,262819.61457846087,6289.022573629056,20455240.55134398,402.02516826760706,312.8902630047329
-0.75,-0.01,0.005,269.32299468963345,5.438440685114569,0.014112199378884908,0.0,262819.6145784608,6289.022573381367,20455240.54359346,402.02516811527914,312.8902629454556
-0.75,-0.01,0.015,269.32299468963345,5.438440685114569,-1.648909458819581e-18,0.0,262819.61457846087,6289.022573629056,20455240.55134398,402.02516826760706,312.8902630047329
-0.75,0.01,-0.005,269.3229946896335,5.438440685114569,-0.014112199378884908,0.0,262819.6145784608,6289.022573381367,20455240.543593463,402.02516811527914,312.8902629454556
-0.75,0.01,0.005,269.3229946896335,5.438433309983695,-0.014110074745643396,0.0,262819.6185704462,6289.022573383438,20455241.94315093,402.0251742834137,312.8902653457397
-0.75,0.01,0.015,269.3229946896335,5.438440685114569,-0.014112199378884908,0.0,262819.6145784608,6289.022573381367,20455240.543593463,402.02516811527914,312.8902629454556
-0.75,0.03,-0.005,269.3216150523073,5.429765919272647,-0.04223012436421379,0.0,262819.1778895047,6289.022570158938,20455105.382937957,402.02457099113855,312.8900305789105
-0.75,0.03,0.005,269.3216150523073,5.42975866295085,-0.042223849530305224,0.0,262819.1818617981,6289.022570161032,20455106.775484953,402.0245771284242,312.89003296719176
-0.75,0.03,0.015,269.3216150523073,5.429765919272647,-0.04223012436421379,0.0,262819.1778895047,6289.022570158938,20455105.382937957,402.02457099113855,312.8900305789105
-0.75,0.05,-0.005,269.3188629052703,5.4125474989918,-0.0700224139485462,0.0,262818.3075516554,6289.022564056476,20454835.765724603,402.0233799997244,312.88956711269117
-0.75,0.05,0.005,269.3188629052703,5.412540479764913,-0.07001199398432054,0.0,262818.3114990038,6289.022564058628,20454837.149263725,402.02338609740684,312.88956948556466
-0.75,0.05,0.015,269.3188629052703,5.4125474989918,-0.0700224139485462,0.0,262818.3075516554,6289.022564056476,20454835.765724603,402.0233799997244,312.88956711269117
-0.75,0.07,-0.005,269.3147521364237,5.386829200974816,-0.09727341538850731,0.0,262817.00812271127,6289.0225551075555,20454433.056309834,402.0216011511229,312.88887488456186
-0.75,0.07,0.005,269.3147521364237,5.3868225344666385,-0.09725890808785043,0.0,262817.01203267096,6289.022555109796,20454434.426353354,402.02160718947,312.8888772343505
-0.75,0.07,0.015,269.3147521364237,5.386829200974816,-0.09727341538850731,0.0,262817.00812271127,6289.0225551075555,20454433.056309834,402.0216011511229,312.88887488456186
-0.75,0.09,-0.005,269.3093039544289,5.352639398033743,-0.123768702396605,0.0,262815.28638868366,6289.0225435123675,20453899.339009684,402.01924369900854,312.88795749402993
-0.75,0.09,0.005,269.3093039544289,5.3526331963970275,-0.12375018799666894,0.0,262815.2902488557,6289.022543514721,20453900.691092525,402.0192496583845,312.88795981309426
-0.75,0.09,0.015,269.3093039544289,5.352639398033743,-0.123768702396605,0.0,262815.28638868366,6289.0225435123675,20453899.339009684,402.01924369900854,312.88795749402993
-0.75,0.11000000000000001,-0.005,269.30254645594636,5.310008363619148,-0.149295151904658,0.0,262813.1512963657,6289.022529523417,20453237.37461591,402.0163198951849,312.88681970686656
-0.75,0.11000000000000001,0.005,269.30254645594636,5.310002734456482,-0.14927273246245487,0.0,262813.15509441146,6289.02252952591,20453238.704303112,402.0163257560833,312.88682198761705
-0.75,0.11000000000000001,0.015,269.30254645594636,5.310008363619148,-0.149295151904658,0.0,262813.1512963657,6289.022529523417,20453237.37461591,402.0163198951849,312.88681970686656
-0.75,0.13,-0.005,269.2945144302316,5.258971600263263,-0.17364127549653458,0.0,262810.6139096155,6289.02251343135,20452450.58076154,402.01284489718313,312.8854674191993
-0.75,0.13,0.005,269.2945144302316,5.258966645604081,-0.17361507407841786,0.0,262810.6176332769,6289.022513434006,20452451.88365737,402.0128506402659,312.8854696541119
-0.75,0.13,0.015,269.2945144302316,5.258971600263263,-0.17364127549653458,0.0,262810.6139096155,6289.02251343135,20452450.58076154,402.01284489718313,312.8854674191993
-0.75,0.15,-0.005,269.28524907112535,5.199570307118164,-0.19659753665208238,0.0,262807.68732795917,6289.022495561136,20451543.003533673,402.00883664241746,312.8839076086014
-0.75,0.15,0.005,269.28524907112535,5.199566122434339,-0.19656769636020383,0.0,262807.69096508285,6289.022495563979,20451544.27529182,402.00884224855906,312.8839097902344
-0.75,0.15,0.015,269.28524907112535,5.199570307118164,-0.19659753665208238,0.0,262807.68732795917,6289.022495561136,20451543.003533673,402.00883664241746,312.8839076086014
-0.75,0.17,-0.005,269.2747976870857,5.131852183508771,-0.21795677095375027,0.0,262804.38660477434,6289.0224762650105,20450519.288782842,402.0043157196041,312.8821482841241
-0.75,0.17,0.005,269.2747976870857,5.1318488567944955,-0.21792345380159053,0.0,262804.3901433393,6289.02247626806,20450520.52511774,402.00432116994074,312.88215040513745
-0.75,0.17,0.015,269.2747976870857,5.131852183508771,-0.21795677095375027,0.0,262804.38660477434,6289.0224762650105,20450519.288782842,402.0043157196041,312.8821482841241
-0.75,0.19,-0.005,269.26321337629247,5.055870539406126,-0.2375144691155657,0.0,262800.7286465309,6289.022455915567,20449384.650009666,401.99930522529354,312.88019843054366
-0.75,0.19,0.005,269.26321337629247,5.055868150351492,-0.23747785476771308,0.0,262800.73207468033,6289.022455918837,20449385.846709065,401.9993105012783,312.8802004837203
-0.75,0.19,0.015,269.26321337629247,5.055870539406126,-0.2375144691155657,0.0,262800.7286465309,6289.022455915567,20449384.650009666,401.99930522529354,312.88019843054366
-0.75,0.21000000000000002,-0.005,269.2505546696534,4.9716843882106625,-0.2550691137882748,0.0,262796.73210758035,6289.022434897844,20448144.83307192,401.9938306060073,312.87806794701027
-0.75,0.21000000000000002,0.005,269.2505546696534,4.971683007484988,-0.25502939817977205,0.0,262796.73541365826,6289.0224349013515,20448145.98601072,401.99383568946996,312.8780699252794
-0.75,0.21000000000000002,0.015,269.2505546696534,4.9716843882106625,-0.2550691137882748,0.0,262796.73210758035,6289.022434897844,20448144.83307192,401.9938306060073,312.87806794701027
-0.75,0.23000000000000004,-0.005,269.2368851108491,4.879358397351232,-0.2704225184337088,0.0,262792.4172669628,6289.022413603383,20446806.07478547,401.987919474449,312.8757675756122
-0.75,0.23000000000000004,0.005,269.2368851108491,4.879358085948136,-0.2703799122785844,0.0,262792.42043955484,6289.022413607141,20446807.17994089,401.98792434766364,312.87576947207566
-0.75,0.23000000000000004,0.015,269.2368851108491,4.879358397351232,-0.2704225184337088,0.0,262792.4172669628,6289.022413603383,20446806.07478547,401.987919474449,312.8757675756122
-0.75,0.25,-0.005,269.22227283225334,4.778962930045121,-0.2833801955660371,0.0,262787.805902843,6289.022392420874,20445375.061014127,401.98160142186606,312.87330882844225
-0.75,0.25,0.005,269.22227283225334,4.778963738736087,-0.28333492277606165,0.0,262787.8089308213,6289.022392424889,20445376.11448203,401.9816060676221,312.8733106364019
-0.75,0.25,0.015,269.22227283225334,4.778962930045121,-0.2833801955660371,0.0,262787.805902843,6289.022392420874,20445375.061014127,401.98160142186606,312.87330882844225
-0.75,0.27,-0.005,269.206790095596,4.670573884295649,-0.2937517002813984,0.0,262782.9211568832,6289.022371729827,20443858.88140359,401.97490781704585,312.87070390946224
-0.75,0.27,0.005,269.206790095596,4.670575853190431,-0.29370399631150756,0.0,262782.92402945546,6289.022371734106,20443859.87941602,401.9749122187251,312.87070562245043
-0.75,0.27,0.015,269.206790095596,4.670573884295649,-0.2937517002813984,0.0,262782.9211568832,6289.022371729827,20443858.88140359,401.97490781704585,312.87070390946224
-0.75,0.29,-0.005,269.1905128155739,4.55427217337961,-0.3013509198708201,0.0,262777.7873920199,6289.022351894626,20442264.98246171,401.9678715981555,312.86796563358007
-0.75,0.29,0.005,269.1905128155739,4.554275331593632,-0.30130103000854846,0.0,262777.79009878275,6289.0223518991725,20442265.921405394,401.9678757398147,312.86796724539107
-0.75,0.29,0.015,269.1905128155739,4.55427217337961,-0.3013509198708201,0.0,262777.7873920199,6289.022351894626,20442264.98246171,401.9678715981555,312.86796563358007
-0.75,0.31,-0.005,269.1735200671944,4.430144305507264,-0.30599653692019063,0.0,262772.43005125417,6289.022333260384,20440601.119108234,401.9605270586157,312.8651073433992
-0.75,0.31,0.005,269.1735200671944,4.4301486709355276,-0.30594471453611544,0.0,262772.43258224917,6289.022333265202,20440601.995544024,401.96053092507174,312.86510884812304
-0.75,0.31,0.015,269.1735200671944,4.430144305507264,-0.30599653692019063,0.0,262772.43005125417,6289.022333260384,20440601.119108234,401.9605270586157,312.8651073433992
-0.75,0.33,-0.005,269.1558935965465,4.2982815654799875,-0.3075122545083737,0.0,262766.8755093852,6289.022316146139,20438875.306484587,401.9529096327388,312.8621428258717
-0.75,0.33,0.005,269.1558935965465,4.298287144709612,-0.3074587592894251,0.0,262766.8778551579,6289.0223161512295,20438876.117167518,401.9529132096577,312.86214421792835
-0.75,0.33,0.015,269.1558935965465,4.2982815654799875,-0.3075122545083737,0.0,262766.8755093852,6289.022316146139,20438875.306484587,401.9529096327388,312.8621428258717
-0.75,0.35,-0.005,269.137717295193,4.158779833642421,-0.3057271219440111,0.0,262761.15091838554,6289.022300840713,20437095.768295646,401.94505566721375,312.85908622343356
-0.75,0.35,0.005,269.137717295193,4.158786621922478,-0.305672218114419,0.0,262761.1530700457,6289.022300846074,20437096.510195307,401.9450589412008,312.85908749760847
-0.75,0.35,0.015,269.137717295193,4.158779833642421,-0.3057271219440111,0.0,262761.15091838554,6289.022300840713,20437095.768295646,401.94505566721375,312.85908622343356
-0.75,0.37,-0.005,269.11907670287707,4.011740476727055,-0.3004760837140262,0.0,262755.28406391497,6289.022287596355,20435270.8878647,401.93700220333153,312.85595194931267
-0.75,0.37,0.005,269.11907670287707,4.011748458053075,-0.30042003827212715,0.0,262755.2860131988,6289.022287601984,20435271.558185704,401.9370051620227,312.85595310079174
-0.75,0.37,0.015,269.11907670287707,4.011740476727055,-0.3004760837140262,0.0,262755.28406391497,6289.022287596355,20435270.8878647,401.93700220333153,312.85595194931267
-0.75,0.39,-0.005,269.10005848453847,3.8572692067447165,-0.29160012845788913,0.0,262749.3032100242,6289.022276634172,20433409.15705458,401.9287867552497,312.8527546012828
-0.75,0.39,0.005,269.10005848453847,3.857278354053563,-0.29154320944367434,0.0,262749.3049493559,6289.022276640066,20433409.75325697,401.9287893874015,312.8527556256881
-0.75,0.39,0.015,269.10005848453847,3.8572692067447165,-0.29160012845788913,0.0,262749.3032100242,6289.022276634172,20433409.15705458,401.9287867552497,312.8527546012828
-0.75,0.41,-0.005,269.0807499373139,3.6954754819024354,-0.2789465217775119,0.0,262743.2369510331,6289.022268140206,20431519.127844404,401.9204470953036,312.8495088781513
-0.75,0.41,0.005,269.0807499373139,3.695485757358109,-0.27888899658338845,0.0,262743.23847358604,6289.022268146357,20431519.647663504,401.92044939088174,312.84950977157496
-0.75,0.41,0.015,269.0807499373139,3.6954754819024354,-0.2789465217775119,0.0,262743.2369510331,6289.022268140206,20431519.127844404,401.9204470953036,312.8495088781513
-0.75,0.43,-0.005,269.0612385172381,3.5264723287541386,-0.2623690895595997,0.0,262737.1140723193,6289.022262266016,20429609.36598912,401.9120210504552,312.84622950056826
-0.75,0.43,0.005,269.0612385172381,3.526483684156454,-0.26231122330450973,0.0,262737.1153720769,6289.022262272422,20429609.8074549,401.9120230007214,312.8462302596067
-0.75,0.43,0.015,269.0612385172381,3.5264723287541386,-0.2623690895595997,0.0,262737.1140723193,6289.022262266016,20429609.36598912,401.9120210504552,312.84622950056826
-0.75,0.45,-0.005,269.04161135011674,3.350379163129183,-0.24172926786894697,0.0,262730.9634161149,6289.022259128288,20427688.40311354,401.9035462911577,312.84293112887264
-0.75,0.45,0.005,269.04161135011674,3.3503915403267754,-0.24167132182262482,0.0,262730.96448792715,6289.022259134945,20427688.764568575,401.90354788874924,312.8429317506577
-0.75,0.45,0.015,269.04161135011674,3.350379163129183,-0.24172926786894697,0.0,262730.9634161149,6289.022259128288,20427688.40311354,401.9035462911577,312.84293112887264
-0.75,0.4699999999999999,-0.005,269.02195477477034,3.1673187734775134,-0.2168957316505708,0.0,262724.81373591244,6289.022258813553,20425764.69214883,401.8950601371948,312.83962828753357
-0.75,0.4699999999999999,0.005,269.02195477477034,3.167332104913042,-0.2168379617542212,0.0,262724.8145755493,6289.022258820457,20425764.972264953,401.89506137619924,312.839628769761
-0.75,0.4699999999999999,0.015,269.02195477477034,3.1673187734775134,-0.2168957316505708,0.0,262724.81373591244,6289.022258813553,20425764.69214883,401.8950601371948,312.83962828753357
-0.75,0.48999999999999994,-0.005,269.00235390454907,2.977416715919724,-0.18774455727935155,0.0,262718.69356639305,6289.02226138414,20423846.564609203,401.8865993720119,312.83633529288386
-0.75,0.48999999999999994,0.005,269.00235390454907,2.9774309252136004,-0.18768721275198516,0.0,262718.69417059305,6289.022261391283,20423846.762402356,401.8866002480334,312.83633563383995
-0.75,0.48999999999999994,0.015,269.00235390454907,2.977416715919724,-0.18774455727935155,0.0,262718.69356639305,6289.02226138414,20423846.564609203,401.8865993720119,312.83633529288386
-0.75,0.51,-0.005,268.9828922174437,2.7808023265940833,-0.1541598283250102,0.0,262712.6311032974,6289.022266877162,20421942.190462895,401.87820006497816,312.8330661839303
-0.75,0.51,0.005,268.9828922174437,2.7808173292090066,-0.1541031503726949,0.0,262712.6314698131,6289.022266884547,20421942.30530652,401.8782005751983,312.833066382515
-0.75,0.51,0.015,268.9828922174437,2.7808023265940833,-0.1541598283250102,0.0,262712.6311032974,6289.022266877162,20421942.190462895,401.87820006497816,312.8330661839303
-0.75,0.53,-0.005,268.96365118408755,2.5776095648806585,-0.11603422085893395,0.0,262706.65409670875,6289.022275316147,20420059.542118773,401.86989741763693,312.8298346624893
-0.75,0.53,0.005,268.96365118408755,2.5776252688105825,-0.11597844147977336,0.0,262706.65422434383,6289.022275323771,20420059.57375467,401.8698975608628,312.82983471823536
-0.75,0.53,0.015,268.96365118408755,2.5776095648806585,-0.11603422085893395,0.0,262706.65409670875,6289.022275316147,20420059.542118773,401.86989741763693,312.8298346624893
-0.75,0.55,-0.005,268.9447099019134,2.3679748024551444,-0.07326864520358632,0.0,262700.78973592713,6289.022286720302,20418206.35895326,401.8617256110538,312.8266540337404
-0.75,0.55,0.005,268.9447099019134,2.3679911089769474,-0.07321398611062958,0.0,262700.789624568,6289.022286728165,20418206.307500135,401.8617253877575,312.82665394682857
-0.75,0.55,0.015,268.9447099019134,2.3679748024551444,-0.07326864520358632,0.0,262700.78973592713,6289.022286720302,20418206.35895326,401.8617256110538,312.8266540337404
-0.75,0.57,-0.005,268.92614475953394,2.1520388360817395,-0.02577318032072084,0.0,262695.064551656,6289.022301107611,20416390.114612088,401.85371766230156,312.8235371503273
-0.75,0.57,0.005,268.92614475953394,2.152055640503592,-0.02571985196781164,0.0,262695.0642022957,6289.022301115719,20416389.98057154,401.85371707464697,312.82353692159705
-0.75,0.57,0.015,268.92614475953394,2.1520388360817395,-0.02577318032072084,0.0,262695.064551656,6289.022301107611,20416390.114612088,401.85371766230156,312.8235371503273
-0.75,0.59,-0.005,268.90802913258545,1.929944902254829,0.026533251999248435,0.0,262689.5043219348,6289.022318513144,20414617.987874996,401.84590530378273,312.8204963653403
-0.75,0.59,0.005,268.90802913258545,1.9299620947281437,0.02658505126484637,0.0,262689.50373668945,6289.022318521499,20414617.772134963,401.84590435564223,312.8204959962962
-0.75,0.59,0.015,268.90802913258545,1.929944902254829,0.026533251999248435,0.0,262689.5043219348,6289.022318513144,20414617.987874996,401.84590530378273,312.8204963653403
-0.75,0.61,-0.005,268.8904331339638,1.7018401163399046,0.08372212688864258,0.0,262684.1339958917,6289.0223389942685,20412896.838442292,401.8383188779205,312.8175434912741
-0.75,0.61,0.005,268.8904331339638,1.7018575826554234,0.08377221156851733,0.0,262684.1331780094,6289.022339002879,20412896.54227761,401.83831757487843,312.817542984087
-0.75,0.61,0.015,268.8904331339638,1.7018401163399046,0.08372212688864258,0.0,262684.1339958917,6289.0223389942685,20412896.838442292,401.8383188779205,312.8175434912741
-0.75,0.63,-0.005,268.8734233556603,1.467873194005117,0.14585584937777574,0.0,262678.9776111575,6289.022362646438,20411233.182234887,401.8309872346452,312.8146897600684
-0.75,0.63,0.005,268.8734233556603,1.4678908164198763,0.14590404744168886,0.0,262678.9765650177,6289.022362655313,20411232.80730502,401.83098558398814,312.8146891175722
-0.75,0.63,0.015,268.8734233556603,1.467873194005117,0.14585584937777574,0.0,262678.9776111575,6289.022362646438,20411233.182234887,401.8309872346452,312.8146897600684
-0.75,0.65,-0.005,268.857062691596,1.228198620122422,0.21298599593580164,0.0,262674.0582413326,6289.0223896117095,20409633.174398325,401.82393765934916,312.81194579500453
-0.75,0.65,0.005,268.857062691596,1.2282162781484807,0.21303214934253614,0.0,262674.056972438,6289.0223896208645,20409632.722742237,401.8239356700443,312.8119450206874
-0.75,0.65,0.015,268.857062691596,1.228198620122422,0.21298599593580164,0.0,262674.0582413326,6289.0223896117095,20409633.174398325,401.82393765934916,312.81194579500453
-0.75,0.67,-0.005,268.8414100898422,0.9829731091754703,0.28515431890956827,0.0,262669.39792256866,6289.022420120408,20408102.58643452,401.8171957906767,312.80932157864237
-0.75,0.67,0.005,268.8414100898422,0.9829906803939459,0.2851982840072841,0.0,262669.3964375287,6289.022420129859,20408102.060462814,401.81719347333797,312.80932067663366
-0.75,0.67,0.015,268.8414100898422,0.9829731091754703,0.28515431890956827,0.0,262669.39792256866,6289.022420120408,20408102.58643452,401.8171957906767,312.80932157864237
-0.75,0.69,-0.005,268.8265204655858,0.7323595234666704,0.3623909394518072,0.0,262665.0176080681,6289.022454466459,20406646.79699381,401.81078556695496,312.8068264319042
-0.75,0.69,0.005,268.8265204655858,0.7323768842893414,0.36243258728968236,0.0,262665.015914574,6289.022454476222,20406646.199478015,401.8107829337962,312.8068254069566
-0.75,0.69,0.015,268.8265204655858,0.7323595234666704,0.3623909394518072,0.0,262665.0176080681,6289.022454466459,20406646.79699381,401.81078556695496,312.8068264319042
-0.75,0.71,-0.005,268.81244462347945,0.4765240119598077,0.44471526500240777,0.0,262660.9371182601,6289.022492989233,20405270.783788443,401.80472918068193,312.8044689962945
-0.75,0.71,0.005,268.81244462347945,0.4765410384567199,0.4447544815091095,0.0,262660.9352250516,6289.022492999333,20405270.117847614,401.80472624545774,312.80446785376034
-0.75,0.71,0.015,268.81244462347945,0.4765240119598077,0.44471526500240777,0.0,262660.9371182601,6289.022492989233,20405270.783788443,401.80472918068193,312.8044689962945
-0.75,0.73,-0.005,268.79922952338063,0.2156487935855375,0.5321309064218319,0.0,262657.1751962286,6289.022536065925,20403979.149432085,401.79904718784076,312.80225727638685
-0.75,0.73,0.005,268.79922952338063,0.2156653625419737,0.5321675923913878,0.0,262657.1731130559,6289.022536076387,20403978.4185177,401.7990439657808,312.8022560221932
-0.75,0.73,0.015,268.79922952338063,0.2156487935855375,0.5321309064218319,0.0,262657.1751962286,6289.022536065925,20403979.149432085,401.79904718784076,312.80225727638685
-0.75,0.75,-0.005,268.78691758972536,-0.05006637344281562,0.6246234155028713,0.0,262653.74824146414,6289.022581540567,20402775.97368801,401.79375662852516,312.8001979082084
-0.75,0.75,0.005,268.78691758972536,-0.050050384344137964,0.6246574869307417,0.0,262653.7459790287,6289.022581551336,20402775.181570973,401.79375313623666,312.8001965488188
-0.75,0.75,0.015,268.78691758972536,-0.05006637344281562,0.6246234155028713,0.0,262653.74824146414,6289.022581540567,20402775.97368801,401.79375662852516,312.8001979082084
-0.75,0.77,-0.005,268.7755428042752,-0.3204464305670972,0.7221795090458475,0.0,262650.6730174668,6289.02263424484,20401664.72843391,401.7888751902104,312.7982977797427
-0.75,0.77,0.005,268.7755428042752,-0.32043114168488895,0.7222108966378296,0.0,262650.670587431,6289.022634256078,20401663.87917419,401.788871445686,312.7982963221603
-0.75,0.77,0.015,268.7755428042752,-0.3204464305670972,0.7221795090458475,0.0,262650.6730174668,6289.02263424484,20401664.72843391,401.7888751902104,312.7982977797427
-0.75,0.7900000000000001,-0.005,268.7651369740595,-0.595307310995978,0.8247714899965787,0.0,262647.9651149595,6289.022697790798,20400648.634801783,401.7844188699764,312.7965631209023
-0.75,0.7900000000000001,0.005,268.7651369740595,-0.5952928401525195,0.8248001393203053,0.0,262647.96252976253,6289.022697802527,20400647.732722137,401.7844148923071,312.79656157255795
-0.75,0.7900000000000001,0.015,268.7651369740595,-0.595307310995978,0.8247714899965787,0.0,262647.9651149595,6289.022697790798,20400648.634801783,401.7844188699764,312.7965631209023
-0.75,0.81,-0.005,268.75572980291446,-0.8744504990870053,0.9323538526168693,0.0,262645.6371037154,6289.022770013166,20399730.528018195,401.7803992037744,312.7949984249378
-0.75,0.81,0.005,268.75572980291446,-0.8744369611461813,0.9323797238810632,0.0,262645.63437657437,6289.022770025439,20399729.57768477,401.7803950131454,312.7949967936887
-0.75,0.81,0.015,268.75572980291446,-0.8744504990870053,0.9323538526168693,0.0,262645.6371037154,6289.022770013166,20399730.528018195,401.7803992037744,312.7949984249378
-0.75,0.83,-0.005,268.7473457676295,-1.1576676756032787,1.0448653098303768,0.0,262643.7008403827,6289.022850990613,20398912.802153032,401.7768268464693,312.79360784194307
-0.75,0.83,0.005,268.7473457676295,-1.157655182008422,1.0448883776548894,0.0,262643.6979852187,6289.022851003471,20398911.808352593,401.7768224640414,312.79360613602654
-0.75,0.83,0.015,268.7473457676295,-1.1576676756032787,1.0448653098303768,0.0,262643.7008403827,6289.022850990613,20398912.802153032,401.7768268464693,312.79360784194307
-0.75,0.8499999999999999,-0.005,268.7400046462099,-1.4447456010001258,1.1622305731346754,0.0,262642.16706081043,6289.022941722345,20398197.42055061,401.77371098610183,312.7923949508175
-0.75,0.8499999999999999,0.005,268.7400046462099,-1.4447342591532466,1.1622508262171967,0.0,262642.1640921756,6289.022941735833,20398196.388263874,401.7737064338963,312.792393178806
-0.75,0.8499999999999999,0.015,268.7400046462099,-1.4447456010001258,1.1622305731346754,0.0,262642.16706081043,6289.022941722345,20398197.42055061,401.77371098610183,312.7923949508175
-0.75,0.87,-0.005,268.7337217842585,-1.7354694164209776,1.284361751964324,0.0,262641.0452331084,6289.023043624298,20397585.9262116,401.7710591488628,312.79136268331587
-0.75,0.87,0.005,268.7337217842585,-1.7354593290244276,1.284379192655126,0.0,262641.04216610367,6289.023043638458,20397584.860583913,401.7710544496317,312.79136085406657
-0.75,0.87,0.015,268.7337217842585,-1.7354694164209776,1.284361751964324,0.0,262641.0452331084,6289.023043624298,20397585.9262116,401.7710591488628,312.79136268331587
-0.75,0.8899999999999999,-0.005,268.7285082302222,-2.029622343394109,1.411158158401666,0.0,262640.34354205045,6289.023158452798,20397079.452677585,401.7688772102475,312.79051332836127
-0.75,0.8899999999999999,0.005,268.7285082302222,-2.029613607974423,1.4111728022906684,0.0,262640.34039224236,6289.023158467672,20397078.35898963,401.76887238734446,312.7905114509656
-0.75,0.8899999999999999,0.015,268.7285082302222,-2.029622343394109,1.411158158401666,0.0,262640.34354205045,6289.023158452798,20397079.452677585,401.7688772102475,312.79051332836127
-0.75,0.91,-0.005,268.724370897246,-2.3269849485322687,1.542505975668132,0.0,262640.06881165324,6289.0232880613485,20396678.732305665,401.76716931522566,312.78984850094605
-0.75,0.91,0.005,268.724370897246,-2.3269776570633662,1.5425178511644013,0.0,262640.0655949893,6289.023288076978,20396677.615943775,401.7671643924736,312.7898465846784
-0.75,0.91,0.015,268.724370897246,-2.3269849485322687,1.542505975668132,0.0,262640.06881165324,6289.0232880613485,20396678.732305665,401.76716931522566,312.78984850094605
-0.75,0.9299999999999999,-0.005,268.7213126129904,-2.627332549913412,1.678276966838427,0.0,262640.22653362725,6289.023434520694,20396384.104909968,401.76593797335886,312.7893691791392
-0.75,0.9299999999999999,0.005,268.7213126129904,-2.627326788525107,1.678286114748473,0.0,262640.2232663505,6289.023434537121,20396382.971336566,401.76593297491877,312.78936723340564
-0.75,0.9299999999999999,0.015,268.7213126129904,-2.627332549913412,1.678276966838427,0.0,262640.22653362725,6289.023434520694,20396384.104909968,401.76593797335886,312.7893691791392
-0.75,0.95,-0.005,268.7193321095446,-2.9304347605397787,1.8183282359795356,0.0,262640.82085412095,6289.023600172126,20396195.518452458,401.7651840870847,312.7890757150841
-0.75,0.95,0.005,268.7193321095446,-2.930430609232758,1.8183347090533355,0.0,262640.81755268486,6289.023600189388,20396194.373176575,401.7651790373235,312.78907374937097
-0.75,0.95,0.015,268.7193321095446,-2.9304347605397787,1.8183282359795356,0.0,262640.82085412095,6289.023600172126,20396195.518452458,401.7651840870847,312.7890757150841
-0.75,0.97,-0.005,268.71842413989435,-3.2360554870827456,1.9625022323204013,0.0,262641.8545730907,6289.023787622091,20396112.54027612,401.76490699867566,312.78896785327106
-0.75,0.97,0.005,268.71842413989435,-3.236053019480581,1.9625060947743165,0.0,262641.85125407676,6289.023787640224,20396111.388825133,401.7649019220404,312.7889658770961
-0.75,0.97,0.015,268.71842413989435,-3.2360554870827456,1.9625022323204013,0.0,262641.8545730907,6289.023787622091,20396112.54027612,401.76490699867566,312.78896785327106
-0.75,0.99,-0.005,268.7185921842078,-3.543762264404205,2.1105345026710967,0.0,262643.3327567278,6289.024002030867,20396135.67375132,401.7651113963641,312.7890474188737
-0.75,0.99,0.005,268.7185921842078,-3.543761538593418,2.1105358535673644,0.0,262643.32943072874,6289.024002049862,20396134.519550163,401.76510630799663,312.78904543813223
-0.75,0.99,0.015,268.7185921842078,-3.543762264404205,2.1105345026710967,0.0,262643.3327567278,6289.024002030867,20396135.67375132,401.7651113963641,312.7890474188737
-0.75,1.01,-0.005,268.71780891371725,-1.0329922094795026e-05,6.152121774393605e-06,0.0,262643.0824925176,6289.045101819193,20396717.379490126,401.77774105620136,312.793963709652
-0.75,1.01,0.005,268.71702564322675,3.5437622644042044,-2.1105345026710967,0.0,262642.83222684835,6289.0238575906915,20395977.895533036,401.7643457117613,312.788749361794
-0.75,1.01,0.015,268.71780891371725,-1.0329922094795026e-05,6.152121774393605e-06,0.0,262643.0824925176,6289.045101819193,20396717.379490126,401.77774105620136,312.793963709652
-0.6785714285714286,-0.01,-0.005,269.3345820937499,5.517056928726084,0.0,0.0,262823.526190805,6289.023103830558,20456391.613385655,402.0304932781801,312.8923351864929
-0.6785714285714286,-0.01,0.005,269.3345820937499,5.517056928726084,0.015469231098451905,0.0,262823.526190805,6289.023103532948,20456391.604072485,402.0304930951479,312.89233511526777
-0.6785714285714286,-0.01,0.015,269.3345820937499,5.517056928726084,0.0,0.0,262823.526190805,6289.023103830558,20456391.613385655,402.0304932781801,312.8923351864929
-0.6785714285714286,0.01,-0.005,269.3345820937499,5.517056928726084,-0.015469231098451905,0.0,262823.526190805,6289.023103532948,20456391.604072485,402.0304930951479,312.89233511526777
-0.6785714285714286,0.01,0.005,269.3345820937499,5.517050675784137,-0.015467087001359563,0.0,262823.5300364289,6289.023103535616,20456392.950865753,402.0304990308072,312.89233742507054
-0.6785714285714286,0.01,0.015,269.3345820937499,5.517056928726084,-0.015469231098451905,0.0,262823.526190805,6289.023103532948,20456391.604072485,402.0304930951479,312.89233511526777
-0.6785714285714286,0.03,-0.005,269.3331917600899,5.508427708583568,-0.046294754771505485,0.0,262823.08626060246,6289.023100399454,20456255.39688272,402.0298914276678,312.8921009822648
-0.6785714285714286,0.03,0.005,269.3331917600899,5.508421580612462,-0.04628841776777512,0.0,262823.0900875115,6289.023100402149,20456256.737001505,402.0298973339605,312.8921032806416
-0.6785714285714286,0.03,0.015,269.3331917600899,5.508427708583568,-0.046294754771505485,0.0,262823.08626060246,6289.023100399454,20456255.39688272,402.0298914276678,312.8921009822648
-0.6785714285714286,0.05,-0.005,269.330418245566,5.491292029601952,-0.07677558615054009,0.0,262822.2093944974,6289.023094446049,20455983.688408185,402.02869134351863,312.891633980757
-0.6785714285714286,0.05,0.005,269.330418245566,5.491286151037199,-0.07676506326185491,0.0,262822.2131977689,6289.02309444881,20455985.01996646,402.0286972121832,312.89163626449454
-0.6785714285714286,0.05,0.015,269.330418245566,5.491292029601952,-0.07677558615054009,0.0,262822.2093944974,6289.023094446049,20455983.688408185,402.02869134351863,312.891633980757
-0.6785714285714286,0.07,-0.005,269.32627548532776,5.465695239366147,-0.10668345324955213,0.0,262820.900156314,6289.0230856888875,20455577.847016238,402.02689886161005,312.89093645191076
-0.6785714285714286,0.07,0.005,269.32627548532776,5.465689731757675,-0.10666880329296556,0.0,262820.9039241388,6289.023085691748,20455579.16574357,402.02690467387316,312.8909387137052
-0.6785714285714286,0.07,0.015,269.32627548532776,5.465695239366147,-0.10668345324955213,0.0,262820.900156314,6289.0230856888875,20455577.847016238,402.02689886161005,312.89093645191076
-0.6785714285714286,0.09,-0.005,269.32078471388337,5.431665504609243,-0.13579121455551788,0.0,262819.16532149684,6289.023074325447,20455039.95953073,402.0245232445646,312.89001199866874
-0.6785714285714286,0.09,0.005,269.32078471388337,5.431660485813614,-0.1357725191891701,0.0,262819.16904208943,6289.023074328438,20455041.261172146,402.0245289817186,312.8900142312417
-0.6785714285714286,0.09,0.015,269.32078471388337,5.431665504609243,-0.13579121455551788,0.0,262819.16532149684,6289.023074325447,20455039.95953073,402.0245232445646,312.89001199866874
-0.6785714285714286,0.11,-0.005,269.31397406902744,5.389232726516344,-0.1638730017200206,0.0,262817.0138225527,6289.023060601228,20454372.790633265,402.0215767569189,312.8888653916948
-0.6785714285714286,0.11,0.005,269.31397406902744,5.389228309516706,-0.16385036479854012,0.0,262817.01748415903,6289.023060604379,20454374.070954323,402.02158240034277,312.8888675878014
-0.6785714285714286,0.11,0.015,269.31397406902744,5.389232726516344,-0.1638730017200206,0.0,262817.0138225527,6289.023060601228,20454372.790633265,402.0215767569189,312.8888653916948
-0.6785714285714286,0.13,-0.005,269.3058783942604,5.3384317210275425,-0.19070453815490937,0.0,262814.45670561725,6289.023044798328,20453579.763100725,402.01807457348224,312.8875025337642
-0.6785714285714286,0.13,0.005,269.3058783942604,5.33842801283277,-0.19067808489460802,0.0,262814.4602965294,6289.023044801666,20453581.017894566,402.01808010467255,312.88750468620515
-0.6785714285714286,0.13,0.015,269.3058783942604,5.3384317210275425,-0.19070453815490937,0.0,262814.45670561725,6289.023044798328,20453579.763100725,402.01807457348224,312.8875025337642
-0.6785714285714286,0.15,-0.005,269.29653895739096,5.279302980469544,-0.21606346805403878,0.0,262811.5070530394,6289.023027231804,20452664.930069942,402.0140346564668,312.8859304120102
-0.6785714285714286,0.15,0.005,269.29653895739096,5.279300081060702,-0.2160333440308058,0.0,262811.5105616129,6289.023027235355,20452666.15516538,402.01404005707184,312.885932513645
-0.6785714285714286,0.15,0.015,269.29653895739096,5.279302980469544,-0.21606346805403878,0.0,262811.5070530394,6289.023027231804,20452664.930069942,402.0140346564668,312.8859304120102
-0.6785714285714286,0.17,-0.005,269.28600316499075,5.211893435624707,-0.2397297709318667,0.0,262808.1799033657,6289.023008243237,20451632.946798105,402.0094776292085,312.8841570488545
-0.6785714285714286,0.17,0.005,269.28600316499075,5.211891436974601,-0.23969614092497868,0.0,262808.1833180421,6289.023008247027,20451634.138069123,402.00948288107026,312.88415909261767
-0.6785714285714286,0.17,0.015,269.28600316499075,5.211893435624707,-0.2397297709318667,0.0,262808.1799033657,6289.023008243237,20451632.946798105,402.0094776292085,312.8841570488545
-0.6785714285714286,0.19,-0.005,269.27432423934584,5.136255567117731,-0.26148603163283834,0.0,262804.49215177866,6289.0229881943515,20450489.03874496,402.0044266338332,312.88219144669546
-0.6785714285714286,0.19,0.005,269.27432423934584,5.136254552309276,-0.2614490783296604,0.0,262804.49546111224,6289.022988198397,20450490.19212161,402.0044317190339,312.88219342561484
-0.6785714285714286,0.19,0.015,269.27432423934584,5.136255567117731,-0.26148603163283834,0.0,262804.49215177866,6289.0229881943515,20450489.03874496,402.0044266338332,312.88219144669546
-0.6785714285714286,0.20999999999999996,-0.005,269.261560860423,5.052447438812022,-0.2811177728286316,0.0,262800.46244489745,6289.022967459091,20449238.96617604,401.9989071729542,312.8800435263882
-0.6785714285714286,0.20999999999999996,0.005,269.261560860423,5.052447481267362,-0.2810776954050597,0.0,262800.4656375883,6289.022967463414,20449240.077656988,401.9989120738723,312.88004543360665
-0.6785714285714286,0.20999999999999996,0.015,269.261560860423,5.052447438812022,-0.2811177728286316,0.0,262800.46244489745,6289.022967459091,20449238.96617604,401.9989071729542,312.8800435263882
-0.6785714285714286,0.23,-0.005,269.24777675684686,4.960532772163066,-0.29841380926935807,0.0,262796.1110623488,6289.022946418604,20447888.983860865,401.99294693118793,312.87772405787433
-0.6785714285714286,0.23,0.005,269.24777675684686,4.960533934950651,-0.298370821857564,0.0,262796.1141272792,6289.022946423219,20447890.04952724,401.9929516305578,312.8777258866728
-0.6785714285714286,0.23,0.015,269.24777675684686,4.960532772163066,-0.29841380926935807,0.0,262796.1110623488,6289.022946418604,20447888.983860865,401.99294693118793,312.87772405787433
-0.6785714285714286,0.25,-0.005,269.2330402842458,4.860580955133303,-0.3131666108808248,0.0,262791.4597923681,6289.02292545172,20446445.79939278,401.98657558847793,312.87524458762454
-0.6785714285714286,0.25,0.005,269.2330402842458,4.860583290389886,-0.3131209409454949,0.0,262791.4627186454,6289.022925456638,20446446.81542366,401.98658006945846,312.8752463314488
-0.6785714285714286,0.25,0.015,269.2330402842458,4.860580955133303,-0.3131666108808248,0.0,262791.4597923681,6289.02292545172,20446445.79939278,401.98657558847793,312.87524458762454
-0.6785714285714286,0.27,-0.005,269.2174239688551,4.752666933560526,-0.32517265560861147,0.0,262786.53179835115,6289.022904929457,20444916.52823456,401.9798246208934,312.87261736120615
-0.6785714285714286,0.27,0.005,269.2174239688551,4.752670482027809,-0.3251245422486217,0.0,262786.5345753553,6289.022904934691,20444917.49092388,401.9798288671427,312.872619013696
-0.6785714285714286,0.27,0.015,269.2174239688551,4.752666933560526,-0.32517265560861147,0.0,262786.53179835115,6289.022904929457,20444916.52823456,401.9798246208934,312.87261736120615
-0.6785714285714286,0.29,-0.005,269.20100403492137,4.63687073148084,-0.3342327256802209,0.0,262781.35147871193,6289.022885209253,20443308.647173014,401.9727270942344,312.8698552430491
-0.6785714285714286,0.29,0.005,269.20100403492137,4.636875522158997,-0.33418241787389813,0.0,262781.35409614653,6289.022885214812,20443309.55294761,401.97273108998843,312.8698567980688
-0.6785714285714286,0.29,0.015,269.20100403492137,4.63687073148084,-0.3342327256802209,0.0,262781.35147871193,6289.022885209253,20443308.647173014,401.9727270942344,312.8698552430491
-0.6785714285714286,0.31,-0.005,269.18385991438066,4.513278032850553,-0.3401523903019986,0.0,262775.9443276382,6289.022866631867,20441629.946127553,401.9653174515787,312.8669716338486
-0.6785714285714286,0.31,0.005,269.18385991438066,4.513284082763505,-0.3401001451128234,0.0,262775.94677558733,6289.022866637754,20441630.791566536,401.965321181738,312.86697308552067
-0.6785714285714286,0.31,0.015,269.18385991438066,4.513278032850553,-0.3401523903019986,0.0,262775.9443276382,6289.022866631867,20441629.946127553,401.9653174515787,312.8669716338486
-0.6785714285714286,0.33,-0.005,269.1660737549155,4.3819793466435435,-0.34274223505710166,0.0,262770.3367866413,6289.02284951425,20439888.4796817,401.95763129757563,312.86398038669654
-0.6785714285714286,0.33,0.005,269.1660737549155,4.381986660742984,-0.3426883158218941,0.0,262770.33905562863,6289.022849520471,20439889.261536706,401.9576347477939,312.8639817294364
-0.6785714285714286,0.33,0.015,269.1660737549155,4.3819793466435435,-0.34274223505710166,0.0,262770.3367866413,6289.02284951425,20439888.4796817,401.95763129757563,312.86398038669654
-0.6785714285714286,0.35,-0.005,269.1477299056295,4.24306994020762,-0.34181822404254536,0.0,262764.5560946326,6289.02283414577,20438092.516537927,401.9497051750404,312.860895720208
-0.6785714285714286,0.35,0.005,269.1477299056295,4.243078511362245,-0.3417628985513719,0.0,262764.5581756834,6289.022834152324,20438093.231753863,401.94970833181696,312.86089694875966
-0.6785714285714286,0.35,0.015,269.1477299056295,4.24306994020762,-0.34181822404254536,0.0,262764.5560946326,6289.02283414577,20438092.516537927,401.9497051750404,312.860895720208
-0.6785714285714286,0.37,-0.005,269.1289144177315,4.096650625830749,-0.33720225720982905,0.0,262758.6301451987,6289.02282078392,20436250.4904369,401.9415763476074,312.8577321339964
-0.6785714285714286,0.37,0.005,269.1289144177315,4.096660434929651,-0.33714579590172256,0.0,262758.6320299038,6289.022820790811,20436251.13617318,401.94157919838136,312.8577332434695
-0.6785714285714286,0.37,0.015,269.1289144177315,4.096650625830749,-0.33720225720982905,0.0,262758.6301451987,6289.02282078392,20436250.4904369,401.9415763476074,312.8577321339964
-0.6785714285714286,0.39,-0.005,269.10971452179,3.9428268009009138,-0.3287223612895573,0.0,262752.5873319077,6289.022809657235,20434370.949020404,401.9332825765618,312.8545043218736
-0.6785714285714286,0.39,0.005,269.10971452179,3.942837817072455,-0.3286650354807747,0.0,262752.5890124885,6289.022809664458,20434371.5226723,401.933285109807,312.85450530778
-0.6785714285714286,0.39,0.015,269.10971452179,3.9428268009009138,-0.3287223612895573,0.0,262752.5873319077,6289.022809657235,20434370.949020404,401.9332825765618,312.8545043218736
-0.6785714285714286,0.41,-0.005,269.09021813426205,3.7817078401377975,-0.3162129361086642,0.0,262746.4564013062,6289.022800962699,20432462.50540172,401.9248619067995,312.85122708859006
-0.6785714285714286,0.41,0.005,269.09021813426205,3.7817200210699276,-0.31615501626718945,0.0,262746.45787067903,6289.022800970255,20432463.004621383,401.92486411211695,312.85122794688016
-0.6785714285714286,0.41,0.015,269.09021813426205,3.7817078401377975,-0.3162129361086642,0.0,262746.4564013062,6289.022800962699,20432462.50540172,401.9248619067995,312.85122708859006
-0.6785714285714286,0.43,-0.005,269.07051337546176,3.613406861461464,-0.299515056836915,0.0,262740.2663118252,6289.022794866375,20430533.790969223,401.9163524595406,312.84791526919287
-0.6785714285714286,0.43,0.005,269.07051337546176,3.613420153833187,-0.29945681092000087,0.0,262740.2675636667,6289.0227948742595,20430534.21368643,401.9163543277522,312.84791599629204
-0.6785714285714286,0.43,0.015,269.07051337546176,3.613406861461464,-0.299515056836915,0.0,262740.2663118252,6289.022794866375,20430533.790969223,401.9163524595406,312.84791526919287
-0.6785714285714286,0.44999999999999996,-0.005,269.05068809257153,3.4380435010656503,-0.27847760700276164,0.0,262734.0461019342,6289.022791497957,20428593.40850895,401.9077922233536,312.84458364771405
-0.6785714285714286,0.44999999999999996,0.005,269.05068809257153,3.4380578410140714,-0.27841929885316197,0.0,262734.0471307423,6289.022791506169,20428593.752950653,401.9077937465886,312.84458424055623
-0.6785714285714286,0.44999999999999996,0.015,269.05068809257153,3.4380435010656503,-0.27847760700276164,0.0,262734.0461019342,6289.022791497957,20428593.40850895,401.9077922233536,312.84458364771405
-0.6785714285714286,0.47,-0.005,269.0308293915878,3.2557410611910096,-0.2529569158605834,0.0,262727.82474549796,6289.022790963096,20426649.88677086,401.89921885980255,312.84124688153753
-0.6785714285714286,0.47,0.005,269.0308293915878,3.2557563749064298,-0.2528988037011239,0.0,262727.8255466512,6289.022790971633,20426650.15147968,401.89922003158017,312.84124733759757
-0.6785714285714286,0.47,0.015,269.0308293915878,3.2557410611910096,-0.2529569158605834,0.0,262727.82474549796,6289.022790963096,20426649.88677086,401.89921885980255,312.84124688153753
-0.6785714285714286,0.48999999999999994,-0.005,269.0110231988315,3.0666259468636734,-0.22281695606665627,0.0,262721.63102162856,6289.022793347345,20424711.637680996,401.89066951655764,312.8379194286599
-0.6785714285714286,0.48999999999999994,0.005,269.0110231988315,3.0666421512371667,-0.2227592910852573,0.0,262721.6315914411,6289.0227933562055,20424711.821532086,401.8906703318625,312.83791974598284
-0.6785714285714286,0.48999999999999994,0.015,269.0110231988315,3.0666259468636734,-0.22281695606665627,0.0,262721.63102162856,6289.022793347345,20424711.637680996,401.89066951655764,312.8379194286599
-0.6785714285714286,0.51,-0.005,268.9913538418921,2.870828692297626,-0.18793002649918503,0.0,262715.4933910601,6289.022798711107,20422786.915187977,401.8821806432245,312.8346154759972
-0.6785714285714286,0.51,0.005,268.9913538418921,2.870845695625872,-0.18787305153345285,0.0,262715.4937268319,6289.022798720289,20422787.017404314,401.882181098575,312.83461565322506
-0.6785714285714286,0.51,0.015,268.9913538418921,2.870828692297626,-0.18793002649918503,0.0,262715.4933910601,6289.022798711107,20422786.915187977,401.8821806432245,312.8346154759972
-0.6785714285714286,0.53,-0.005,268.97190367604827,2.6684846268826905,-0.1481773520611244,0.0,262709.4398899334,6289.022807103385,20420883.779160466,401.873787838228,312.8313488797679
-0.6785714285714286,0.53,0.005,268.97190367604827,2.6685023296234127,-0.1481213003900477,0.0,262709.4399899951,6289.022807112889,20420883.79932594,401.8737879317355,312.8313489161625
-0.6785714285714286,0.53,0.015,268.97190367604827,2.6684846268826905,-0.1481773520611244,0.0,262709.4398899334,6289.022807103385,20420883.779160466,401.873787838228,312.8313488797679
-0.6785714285714286,0.55,-0.005,268.95275271126957,2.459731827614979,-0.10344876379590016,0.0,262703.4980136657,6289.0228185716605,20419010.05923208,401.86552569344434,312.8281331049896
-0.6785714285714286,0.55,0.005,268.95275271126957,2.4597501232042984,-0.10339385805268646,0.0,262703.4978774163,6289.022818581487,20419009.997302253,401.8655254248613,312.8281330004517
-0.6785714285714286,0.55,0.015,268.95275271126957,2.459731827614979,-0.10344876379590016,0.0,262703.4980136657,6289.0228185716605,20419010.05923208,401.86552569344434,312.8281331049896
-0.6785714285714286,0.57,-0.005,268.9339782740759,2.2447131076960165,-0.05364373133646725,0.0,262697.6946176926,6289.022833161914,20417173.32176034,401.8574276477107,312.8249811684225
-0.6785714285714286,0.57,0.005,268.9339782740759,2.2447318833635954,-0.05359018252666993,0.0,262697.6942456305,6289.022833172066,20417173.17807074,401.85742701846857,312.8249809235065
-0.6785714285714286,0.57,0.015,268.9339782740759,2.2447131076960165,-0.05364373133646725,0.0,262697.6946176926,6289.022833161914,20417173.32176034,401.8574276477107,312.8249811684225
-0.6785714285714286,0.59,-0.005,268.91565469293295,2.0235741570600045,0.0013289220811274634,0.0,262692.05582015385,6289.022850935392,20415380.839621242,401.8495258606919,312.8219055894278
-0.6785714285714286,0.59,0.005,268.91565469293295,2.0235932947008406,0.0013809154319925556,0.0,262692.05521390017,6289.022850945876,20415380.614892974,401.84952487392684,312.82190520535147
-0.6785714285714286,0.59,0.015,268.91565469293295,2.0235741570600045,0.0013289220811274634,0.0,262692.05582015385,6289.022850935392,20415380.839621242,401.8495258606919,312.8219055894278
-0.6785714285714286,0.61,-0.005,268.8978530439845,1.7964647694260352,0.0615502380951994,0.0,262686.6069239333,6289.022871973281,20413639.56753819,401.84185110527915,312.8189183480328
-0.6785714285714286,0.61,0.005,268.8978530439845,1.7964841464677508,0.061600490681817804,0.0,262686.6060862466,6289.0228719841025,20413639.262880743,401.84184976584487,312.818917826683
-0.6785714285714286,0.61,0.015,268.8978530439845,1.7964647694260352,0.0615502380951994,0.0,262686.6069239333,6289.022871973281,20413639.56753819,401.84185110527915,312.8189183480328
-0.6785714285714286,0.63,-0.005,268.8806408860699,1.5635368130572427,0.12709157995992484,0.0,262681.3723314149,6289.02289638992,20411956.116635814,401.8344326605524,312.81603084321057
-0.6785714285714286,0.63,0.005,268.8806408860699,1.5635563033501831,0.12713992031285404,0.0,262681.371266198,6289.0228964010885,20411955.733546957,401.83443097502146,312.8160301871429
-0.6785714285714286,0.63,0.015,268.8806408860699,1.5635368130572427,0.12709157995992484,0.0,262681.3723314149,6289.02289638992,20411956.116635814,401.8344326605524,312.81603084321057
-0.6785714285714286,0.65,-0.005,268.86408207614994,1.324947981497738,0.19801284723821555,0.0,262676.37549042515,6289.0229243437525,20410336.73679591,401.827298238016,312.81325386410555
-0.6785714285714286,0.65,0.005,268.86408207614994,1.3249674561727594,0.19805911823578515,0.0,262676.3742027228,6289.022924355281,20410336.277158607,401.827296214666,312.81325307654
-0.6785714285714286,0.65,0.015,268.86408207614994,1.324947981497738,0.19801284723821555,0.0,262676.37549042515,6289.0229243437525,20410336.73679591,401.827298238016,312.81325386410555
-0.6785714285714286,0.67,-0.005,268.8482365192262,1.0808588757506854,0.27436329183737285,0.0,262671.6388171474,6289.022956070592,20408787.293303326,401.82047389322463,312.81059755557095
-0.6785714285714286,0.67,0.005,268.8482365192262,1.0808782040916878,0.27440735109624137,0.0,262671.63731313555,6289.0229560824955,20408786.759379797,401.8204715420134,312.81059664038145
-0.6785714285714286,0.67,0.015,268.8482365192262,1.0808588757506854,0.27436329183737285,0.0,262671.6388171474,6289.022956070592,20408787.293303326,401.82047389322463,312.81059755557095
-0.6785714285714286,0.69,-0.005,268.83316008735306,0.8314363307529429,0.35617976748703445,0.0,262667.18363607785,6289.02299182083,20407313.25704103,401.81398395137546,312.80807138913946
-0.6785714285714286,0.69,0.005,268.83316008735306,0.8314553810232685,0.3562214876581494,0.0,262667.18192304386,6289.022991833126,20407312.65146375,401.8139812839018,312.80807035083893
-0.6785714285714286,0.69,0.015,268.83316008735306,0.8314363307529429,0.35617976748703445,0.0,262667.18363607785,6289.02299182083,20407313.25704103,401.81398395137546,312.80807138913946
-0.6785714285714286,0.71,-0.005,268.8189045058808,0.5768504590051735,0.4434877364260445,0.0,262663.0301406749,6289.02303189412,20405919.694522157,401.8078509786651,312.80568415180767
-0.6785714285714286,0.71,0.005,268.8189045058808,0.5768690993283432,0.44352700535469197,0.0,262663.02822698926,6289.023031906829,20405919.020282134,401.80784800811693,312.8056829955281
-0.6785714285714286,0.71,0.015,268.8189045058808,0.5768504590051735,0.4434877364260445,0.0,262663.0301406749,6289.02303189412,20405919.694522157,401.8078509786651,312.80568415180767
-0.6785714285714286,0.73,-0.005,268.80551752251716,0.31728466545822737,0.536296802315197,0.0,262659.1974250625,6289.0230766393615,20404611.28450944,401.80209585449495,312.80344397407674
-0.6785714285714286,0.73,0.005,268.80551752251716,0.31730276484477926,0.536333523034384,0.0,262659.19532014494,6289.0230766525065,20404610.54494256,401.8020925955898,312.8034427055458
-0.6785714285714286,0.73,0.015,268.80551752251716,0.31728466545822737,0.536296802315197,0.0,262659.1974250625,6289.0230766393615,20404611.28450944,401.80209585449495,312.80344397407674
-0.6785714285714286,0.75,-0.005,268.7930432804921,0.052938042053384454,0.6345993512815508,0.0,262655.70275241305,6289.023124455815,20403392.292210657,401.79673670328543,312.8013579140958
-0.6785714285714286,0.75,0.005,268.7930432804921,0.05295547078990034,0.6346334422477402,0.0,262655.70046669914,6289.023124469428,20403391.49098386,401.79673317221176,312.8013565396139
-0.6785714285714286,0.75,0.015,268.7930432804921,0.052938042053384454,0.6345993512815508,0.0,262655.70275241305,6289.023124455815,20403392.292210657,401.79673670328543,312.8013579140958
-0.6785714285714286,0.77,-0.005,268.7815182752672,-0.2160013087662974,0.7383799529642583,0.0,262652.5621414866,6289.023176160001,20402266.310047243,401.79178983114514,312.7994323221927
-0.6785714285714286,0.77,0.005,268.7815182752672,-0.2159846781600132,0.7384113476493567,0.0,262652.5596863458,6289.023176174019,20402265.451139703,401.79178604543114,312.7994308485822
-0.6785714285714286,0.77,0.015,268.7815182752672,-0.2160013087662974,0.7383799529642583,0.0,262652.5621414866,6289.023176160001,20402266.310047243,401.79178983114514,312.7994323221927
-0.6785714285714286,0.79,-0.005,268.77097209211325,-0.4893450975079124,0.8476156045214229,0.0,262649.7923177957,6289.0232393355145,20401236.465666194,401.7872727171656,312.79767400520416
-0.6785714285714286,0.79,0.005,268.77097209211325,-0.48932938948518234,0.84764425137793,0.0,262649.789705529,6289.023239350087,20401235.553334214,401.78726869566896,312.7976724398052
-0.6785714285714286,0.79,0.015,268.77097209211325,-0.4893450975079124,0.8476156045214229,0.0,262649.7923177957,6289.0232393355145,20401236.465666194,401.7872727171656,312.79767400520416
-0.6785714285714286,0.81,-0.005,268.7614347069156,-0.7668898346017676,0.9622625367412742,0.0,262647.40625102376,6289.023312190829,20400305.632501617,401.78319724510527,312.79608759182054
-0.6785714285714286,0.81,0.005,268.7614347069156,-0.7668751700090589,0.9622883990180592,0.0,262647.40349469543,6289.023312205999,20400304.671253443,401.78319300775075,312.79608594238874
-0.6785714285714286,0.81,0.015,268.7614347069156,-0.7668898346017676,0.9622625367412742,0.0,262647.40625102376,6289.023312190829,20400305.632501617,401.78319724510527,312.79608759182054
-0.6785714285714286,0.83,-0.005,268.7529317168039,-1.0484210144631663,1.08225916805745,0.0,262645.4157036803,6289.023393344046,20399476.268585086,401.77957365671955,312.7946770713788
-0.6785714285714286,0.83,0.005,268.7529317168039,-1.0484075102744355,1.0822822235658176,0.0,262645.412817108,6289.023393359854,20399475.26316507,401.7795692244786,312.7946753460779
-0.6785714285714286,0.83,0.015,268.7529317168039,-1.0484210144631663,1.08225916805745,0.0,262645.4157036803,6289.023393344046,20399476.268585086,401.77957365671955,312.7946770713788
-0.6785714285714286,0.85,-0.005,268.74548373005445,-1.3337185695827964,1.207528731866782,0.0,262643.83152062166,6289.023483040755,20398750.3949085,401.776411036154,312.7934459823812
-0.6785714285714286,0.85,0.005,268.74548373005445,-1.333706338314487,1.207548972649302,0.0,262643.8285183021,6289.023483057234,20398749.350271046,401.776406430927,312.7934441897363
-0.6785714285714286,0.85,0.015,268.74548373005445,-1.3337185695827964,1.207528731866782,0.0,262643.83152062166,6289.023483040755,20398750.3949085,401.776411036154,312.7934459823812
-0.6785714285714286,0.87,-0.005,268.7391067309737,-1.6225603950617702,1.3379808600297776,0.0,262642.6633157381,6289.023582172555,20398129.600536566,401.7737168638486,312.792397238815
-0.6785714285714286,0.87,0.005,268.7391067309737,-1.622549544006255,1.337998291858893,0.0,262642.66021276405,6289.023582189734,20398128.521816436,401.77371210833434,312.7923953876626
-0.6785714285714286,0.87,0.015,268.7391067309737,-1.6225603950617702,1.3379808600297776,0.0,262642.6633157381,6289.023582172555,20398129.600536566,401.7737168638486,312.792397238815
-0.6785714285714286,0.8900000000000001,-0.005,268.7338123178775,-1.9147226323330195,1.473511602098033,0.0,262641.9194303317,6289.023692065758,20397615.05933151,401.77149698910335,312.7915331194449
-0.6785714285714286,0.8900000000000001,0.005,268.7338123178775,-1.9147132630357782,1.4735262440185173,0.0,262641.9162423069,6289.023692083663,20397613.951813843,401.7714921066671,312.7915312188812
-0.6785714285714286,0.8900000000000001,0.015,268.7338123178775,-1.9147226323330195,1.473511602098033,0.0,262641.9194303317,6289.023692065758,20397615.05933151,401.77149698910335,312.7915331194449
-0.6785714285714286,0.91,-0.005,268.7296079367067,-2.209979267324083,1.614003278262551,0.0,262641.60681623116,6289.0238140902575,20397207.5406334,401.7697554903205,312.79085521338567
-0.6785714285714286,0.91,0.005,268.7296079367067,-2.2099714751696435,1.614015162125615,0.0,262641.60355918267,6289.023814108913,20397206.409723103,401.7697505048584,312.79085327271326
-0.6785714285714286,0.91,0.015,268.7296079367067,-2.209979267324083,1.614003278262551,0.0,262641.60681623116,6289.0238140902575,20397207.5406334,401.7697554903205,312.79085521338567
-0.6785714285714286,0.93,-0.005,268.72649697254616,-2.508099972055306,1.7593234124024448,0.0,262641.7310544351,6289.0239497237935,20396907.42024127,401.768494753836,312.7903644507696
-0.6785714285714286,0.93,0.005,268.72649697254616,-2.50809384597112,1.7593325824122708,0.0,262641.72774472495,6289.023949743219,20396906.271432422,401.7684896896383,312.7903624794449
-0.6785714285714286,0.93,0.015,268.72649697254616,-2.508099972055306,1.7593234124024448,0.0,262641.7310544351,6289.0239497237935,20396907.42024127,401.768494753836,312.7903644507696
-0.6785714285714286,0.95,-0.005,268.72447872137303,-2.8088492285116873,1.909324348658836,0.0,262642.29635225714,6289.024100647774,20396714.680653453,401.76771552047313,312.79006112085585
-0.6785714285714286,0.95,0.005,268.72447872137303,-2.8088448506939527,1.9093308608899073,0.0,262642.29300649336,6289.024100667983,20396713.519498825,401.76771040208746,312.79005912843564
-0.6785714285714286,0.95,0.015,268.72447872137303,-2.8088492285116873,1.909324348658836,0.0,262642.29635225714,6289.024100647774,20396714.680653453,401.76771552047313,312.79006112085585
-0.6785714285714286,0.9700000000000001,-0.005,268.7235485085544,-3.111986767382185,2.0638436443432995,0.0,262643.305546667,6289.0242687472055,20396628.92266552,401.7674169366383,312.7899448919134
-0.6785714285714286,0.9700000000000001,0.005,268.7235485085544,-3.1119842130647255,2.0638475662361593,0.0,262643.3021816183,6289.024268768202,20396627.754747216,401.76741178873954,312.7899428880041
-0.6785714285714286,0.9700000000000001,0.015,268.7235485085544,-3.111986767382185,2.0638436443432995,0.0,262643.305546667,6289.0242687472055,20396628.92266552,401.7674169366383,312.7899448919134
-0.6785714285714286,0.99,-0.005,268.72371205007613,-3.4172019611477813,2.222683365731741,0.0,262644.7646023942,6289.024457946377,20396650.82983648,401.76760389716287,312.79001766954906
-0.6785714285714286,0.99,0.005,268.72371205007613,-3.417201289083447,2.222684799888016,0.0,262644.7612287865,6289.02445796811,20396649.658614706,401.76759873502994,312.79001566009924
-0.6785714285714286,0.99,0.015,268.72371205007613,-3.4172019611477813,2.222683365731741,0.0,262644.7646023942,6289.024457946377,20396650.82983648,401.76760389716287,312.79001766954906
-0.6785714285714286,1.01,-0.005,268.72282406851014,-1.129229084705723e-05,7.3449527748699375e-06,0.0,262644.4826752017,6289.045060817686,20397206.802247122,401.77988298292007,312.7947974801511
-0.6785714285714286,1.01,0.005,268.7219360869442,3.4172019611477813,-2.222683365731741,0.0,262644.20074614603,6289.024303094589,20396472.237623394,401.7667413391715,312.7896819037089
-0.6785714285714286,1.01,0.015,268.72282406851014,-1.129229084705723e-05,7.3449527748699375e-06,0.0,262644.4826752017,6289.045060817686,20397206.802247122,401.77988298292007,312.7947974801511
-0.6071428571428572,-0.01,-0.005,269.3450440670199,5.606802466454155,0.0,0.0,262827.23604024824,6289.023751406561,20457436.17612717,402.0354048265589,312.89424646085354
-0.6071428571428572,-0.01,0.005,269.3450440670199,5.606802466454155,0.01697939806420949,0.0,262827.23604024824,6289.023751048011,20457436.16490643,402.0354046060457,312.89424637504356
-0.6071428571428572,-0.01,0.015,269.3450440670199,5.606802466454155,0.0,0.0,262827.23604024824,6289.023751406561,20457436.17612717,402.0354048265589,312.89424646085354
-0.6071428571428572,0.01,-0.005,269.3450440670199,5.606802466454155,-0.01697939806420949,0.0,262827.23604024824,6289.023751048011,20457436.16490643,402.0354046060457,312.89424637504356
-0.6071428571428572,0.01,0.005,269.3450440670199,5.606797265354338,-0.016977241812031453,0.0,262827.23975540814,6289.023751051521,20457437.464514118,402.03541033397005,312.8942486039947
-0.6071428571428572,0.01,0.015,269.3450440670199,5.606802466454155,-0.01697939806420949,0.0,262827.23604024824,6289.023751048011,20457436.16490643,402.0354046060457,312.89424637504356
-0.6071428571428572,0.029999999999999995,-0.005,269.3436481309316,5.598228371724863,-0.050819133600664895,0.0,262826.7943610129,6289.023748143345,20457299.414377503,402.03480067700053,312.8940113634099
-0.6071428571428572,0.029999999999999995,0.005,269.3436481309316,5.59822330168585,-0.05081275677125695,0.0,262826.7980584468,6289.023748146886,20457300.70765057,402.0348063770577,312.8940135815186
-0.6071428571428572,0.029999999999999995,0.015,269.3436481309316,5.598228371724863,-0.050819133600664895,0.0,262826.7943610129,6289.023748143345,20457299.414377503,402.03480067700053,312.8940113634099
-0.6071428571428572,0.05,-0.005,269.3408634139963,5.581194333805515,-0.08429606612433829,0.0,262825.9139361642,6289.023742603831,20457026.61830742,402.03359604460496,312.8935425948553
-0.6071428571428572,0.05,0.005,269.3408634139963,5.581189525284236,-0.08428547738685804,0.0,262825.9176113638,6289.023742607446,20457027.90350038,402.033601709154,312.8935447991498
-0.6071428571428572,0.05,0.015,269.3408634139963,5.581194333805515,-0.08429606612433829,0.0,262825.9139361642,6289.023742603831,20457026.61830742,402.03359604460496,312.8935425948553
-0.6071428571428572,0.07,-0.005,269.3367038161649,5.555746677486581,-0.11716989163395808,0.0,262824.59930598363,6289.023734423257,20456619.14085038,402.03179669815097,312.8928423989988
-0.6071428571428572,0.07,0.005,269.3367038161649,5.555742257897725,-0.11715515058611005,0.0,262824.6029478225,6289.023734426982,20456620.41392652,402.0318023094504,312.89284458257663
-0.6071428571428572,0.07,0.015,269.3367038161649,5.555746677486581,-0.11716989163395808,0.0,262824.59930598363,6289.023734423257,20456619.14085038,402.03179669815097,312.8928423989988
-0.6071428571428572,0.09,-0.005,269.33119046347434,5.521913157010073,-0.1492013378315276,0.0,262822.85719136044,6289.023723790023,20456079.057973646,402.02941184751734,312.89191435822414
-0.6071428571428572,0.09,0.005,269.33119046347434,5.521909249846341,-0.14918252721486278,0.0,262822.8607887136,6289.0237237938945,20456080.314904388,402.02941738785876,312.8919165141958
-0.6071428571428572,0.09,0.015,269.33119046347434,5.521913157010073,-0.1492013378315276,0.0,262822.85719136044,6289.023723790023,20456079.057973646,402.02941184751734,312.89191435822414
-0.6071428571428572,0.11,-0.005,269.32435136397777,5.4797230183947265,-0.1801523698505968,0.0,262820.69645452354,6289.023710935227,20455409.121268608,402.0264536919219,312.89076321773223
-0.6071428571428572,0.11,0.005,269.32435136397777,5.479719741960149,-0.1801295948873778,0.0,262820.699996269,6289.023710939278,20455410.358036175,402.0264591436412,312.89076533922525
-0.6071428571428572,0.11,0.015,269.32435136397777,5.4797230183947265,-0.1801523698505968,0.0,262820.69645452354,6289.023710935227,20455409.121268608,402.0264536919219,312.89076321773223
-0.6071428571428572,0.13,-0.005,269.31622120721863,5.429210074920756,-0.2097864861702071,0.0,262818.12805580755,6289.0236961236105,20454612.737973988,402.022937328475,312.88939485000617
-0.6071428571428572,0.13,0.005,269.31622120721863,5.429207541153242,-0.20975987370856014,0.0,262818.1315308333,6289.023696127875,20454613.950576186,402.02294267397264,312.88939693017295
-0.6071428571428572,0.13,0.015,269.31622120721863,5.429210074920756,-0.2097864861702071,0.0,262818.12805580755,6289.0236961236105,20454612.737973988,402.022937328475,312.88939485000617
-0.6071428571428572,0.15,-0.005,269.30684109070546,5.370413722894209,-0.23786905476500447,0.0,262815.1649804612,6289.0236796501395,20453693.944017407,402.01888063283803,312.8878162084324
-0.6071428571428572,0.15,0.005,269.30684109070546,5.370412036247531,-0.23783875225384737,0.0,262815.16837767704,6289.023679654644,20453695.128473632,402.0188858546046,312.88781824046026
-0.6071428571428572,0.15,0.015,269.30684109070546,5.370413722894209,-0.23786905476500447,0.0,262815.1649804612,6289.0236796501395,20453693.944017407,402.01888063283803,312.8878162084324
-0.6071428571428572,0.17,-0.005,269.2962582416992,5.303379656098683,-0.26416771792893556,0.0,262811.82216161,6289.0236618350145,20452657.37653857,402.0143041370065,312.88603527981087
-0.6071428571428572,0.17,0.005,269.2962582416992,5.30337891250375,-0.2641338922358176,0.0,262811.82546996395,6289.02366183979,20452658.528897367,402.0143092176556,312.8860372569347
-0.6071428571428572,0.17,0.015,269.2962582416992,5.303379656098683,-0.26416771792893556,0.0,262811.82216161,6289.0236618350145,20452657.37653857,402.0143041370065,312.88603527981087
-0.6071428571428572,0.19,-0.005,269.2845257003119,5.228158997683698,-0.2884526477730091,0.0,262808.11638291454,6289.023643016956,20451508.24256199,402.0092308894237,312.8840610299971
-0.6071428571428572,0.19,0.005,269.2845257003119,5.228159283613715,-0.2884154838599924,0.0,262808.11959141464,6289.0236430220275,20451509.3589102,402.0092358117315,312.88406294551487
-0.6071428571428572,0.19,0.015,269.2845257003119,5.228158997683698,-0.2884526477730091,0.0,262808.11638291454,6289.023643016956,20451508.24256199,402.0092308894237,312.8840610299971
-0.6071428571428572,0.21,-0.005,269.27170196588116,5.144808313626086,-0.3104968727909117,0.0,262804.06617534277,6289.023623545683,20450252.284043357,402.0036862988311,312.8819033432205
-0.6071428571428572,0.21,0.005,269.27170196588116,5.14480970527305,-0.3104565722632337,0.0,262804.0692730849,6289.023623551072,20450253.360517044,402.0036910457842,312.88190519051165
-0.6071428571428572,0.21,0.015,269.27170196588116,5.144808313626086,-0.3104968727909117,0.0,262804.06617534277,6289.023623545683,20450252.284043357,402.0036862988311,312.8819033432205
-0.6071428571428572,0.22999999999999998,-0.005,269.2578506009805,5.0533897589003995,-0.3300766385557904,0.0,262799.691703989,6289.023603777992,20448895.73887714,401.9976979620947,312.8795729551701
-0.6071428571428572,0.22999999999999998,0.005,269.2578506009805,5.05339232144565,-0.3300334180968377,0.0,262799.69468019065,6289.0236037837185,20448896.771674246,401.99770251694594,312.8795747277174
-0.6071428571428572,0.22999999999999998,0.015,269.2578506009805,5.0533897589003995,-0.3300766385557904,0.0,262799.691703989,6289.023603777992,20448895.73887714,401.9976979620947,312.8795729551701
-0.6071428571428572,0.25,-0.005,269.24303981708044,4.95397106992405,-0.3469717637318703,0.0,262795.0146465931,6289.023584068591,20447445.299942296,401.9912954809106,312.87708138175435
-0.6071428571428572,0.25,0.005,269.24303981708044,4.9539748569298805,-0.34692585344511173,0.0,262795.01749063184,6289.023584074672,20447446.285336938,401.99129982724077,312.8770830731679
-0.6071428571428572,0.25,0.015,269.24303981708044,4.95397106992405,-0.3469717637318703,0.0,262795.0146465931,6289.023584068591,20447445.299942296,401.9912954809106,312.87708138175435
-0.6071428571428572,0.27,-0.005,269.2273420256992,4.846625515568973,-0.3609660005744689,0.0,262790.0580637453,6289.023564765529,20445908.070914138,401.9845102664382,312.87444084316195
-0.6071428571428572,0.27,0.005,269.2273420256992,4.8466305684923086,-0.36091764224989425,0.0,262790.0607652042,6289.023564771981,20445909.005272683,401.9845143882277,312.8744424472071
-0.6071428571428572,0.27,0.015,269.2273420256992,4.846625515568973,-0.3609660005744689,0.0,262790.0580637453,6289.023564765529,20445908.070914138,401.9845102664382,312.87444084316195
-0.6071428571428572,0.29,-0.005,269.210833373806,4.731431460909155,-0.37184733585041335,0.0,262784.8462622892,6289.023546204992,20444291.52051796,401.9773753367172,312.8716641851122
-0.6071428571428572,0.29,0.005,269.210833373806,4.731437808741116,-0.3717967811743073,0.0,262784.848811007,6289.023546211827,20444292.400316585,401.9773792184234,312.8716656957394
-0.6071428571428572,0.29,0.015,269.210833373806,4.731431460909155,-0.37184733585041335,0.0,262784.8462622892,6289.023546204992,20444291.52051796,401.9773753367172,312.8716641851122
-0.6071428571428572,0.31,-0.005,269.19359326136,4.608472953595552,-0.37940848948398026,0.0,262779.4046593433,6289.0235287082805,20442603.435107764,401.96992510767006,312.86876479760423
-0.6071428571428572,0.31,0.005,269.19359326136,4.608480612619051,-0.37935599820885213,0.0,262779.4070454693,6289.0235287155065,20442604.25695144,401.9699287343108,312.8687662089817
-0.6071428571428572,0.31,0.015,269.19359326136,4.608472953595552,-0.37940848948398026,0.0,262779.4046593433,6289.0235287082805,20442603.435107764,401.96992510767006,312.86876479760423
-0.6071428571428572,0.33,-0.005,269.1757038527497,4.477838913420093,-0.38344714890439213,0.0,262773.75963609235,6289.0235125753925,20440851.870549154,401.962195179308,312.8657565317932
-0.6071428571428572,0.33,0.005,269.1757038527497,4.477847887108315,-0.3833929870015314,0.0,262773.76185014617,6289.0235125830195,20440852.631191872,401.96219853655094,312.86575783834184
-0.6071428571428572,0.33,0.015,269.1757038527497,4.477838913420093,-0.38344714890439213,0.0,262773.75963609235,6289.0235125753925,20440851.870549154,401.962195179308,312.8657565317932
-0.6071428571428572,0.35,-0.005,269.1572495735749,4.339623126325744,-0.38376635605177223,0.0,262767.93839249987,6289.02349808184,20439045.102777805,401.95422211750207,312.8626536151338
-0.6071428571428572,0.35,0.005,269.1572495735749,4.339633405346617,-0.3837107938587942,0.0,262767.94042543427,6289.023498089874,20439045.79914362,401.9542251917581,312.8626548115634
-0.6071428571428572,0.35,0.015,269.1572495735749,4.339623126325744,-0.38376635605177223,0.0,262767.93839249987,6289.02349808184,20439045.102777805,401.95422211750207,312.8626536151338
-0.6071428571428572,0.37,-0.005,269.1383166154249,4.193924947731627,-0.38017507222626484,0.0,262761.96880689624,6289.023485475446,20437191.579150904,401.94604323908334,312.85947056780924
-0.6071428571428572,0.37,0.005,269.1383166154249,4.193936510069973,-0.38011838261085834,0.0,262761.9706501625,6289.023485483889,20437192.208355676,401.946046017603,312.8594716491561
-0.6071428571428572,0.37,0.015,269.1383166154249,4.193924947731627,-0.38017507222626484,0.0,262761.96880689624,6289.023485475446,20437191.579150904,401.94604323908334,312.85947056780924
-0.6071428571428572,0.39,-0.005,269.11899241786216,4.040848531544993,-0.372488415458201,0.0,262755.8792830545,6289.023474975953,20435299.867667943,401.9376963887157,312.8562221159485
-0.6071428571428572,0.39,0.005,269.11899241786216,4.04086134274375,-0.37243087201556496,0.0,262755.8809286699,6289.023474984809,20435300.427041445,401.9376988596868,312.85622307761327
-0.6071428571428572,0.39,0.015,269.11899241786216,4.040848531544993,-0.372488415458201,0.0,262755.8792830545,6289.023474975953,20435299.867667943,401.9376963887157,312.8562221159485
-0.6071428571428572,0.41,-0.005,269.09936517659065,3.8805022224893797,-0.3605279189951842,0.0,262749.69860575406,6289.023466775486,20433378.608794075,401.9292197274475,312.8529231093777
-0.6071428571428572,0.41,0.005,269.09936517659065,3.880516236001568,-0.3604697942943234,0.0,262749.7000463701,6289.023466784757,20433379.095902175,401.92922188009425,312.8529239471643
-0.6071428571428572,0.41,0.015,269.09936517659065,3.8805022224893797,-0.3605279189951842,0.0,262749.69860575406,6289.023466775486,20433378.608794075,401.9292197274475,312.8529231093777
-0.6071428571428572,0.43000000000000005,-0.005,269.07952335940297,3.712998312065098,-0.3441218563032995,0.0,262743.45580008824,6289.023461039388,20431436.46807044,401.9206515247069,312.84958844069996
-0.6071428571428572,0.43000000000000005,0.005,269.07952335940297,3.7130134697129136,-0.34406342019694325,0.0,262743.4570290586,6289.023461049073,20431436.880736932,401.9206533493863,312.84958915085286
-0.6071428571428572,0.43000000000000005,0.015,269.07952335940297,3.712998312065098,-0.3441218563032995,0.0,262743.45580008824,6289.023461039388,20431436.46807044,401.9206515247069,312.84958844069996
-0.6071428571428572,0.45,-0.005,269.05955523759394,3.5384556922080406,-0.3231064297194742,0.0,262737.18000177154,6289.023457898145,20429482.08997465,401.91202995135427,312.846232964775
-0.6071428571428572,0.45,0.005,269.05955523759394,3.5384719246986474,-0.32304794771890505,0.0,262737.1810132189,6289.023457908246,20429482.426302493,401.9120314396514,312.84623354401634
-0.6071428571428572,0.45,0.015,269.05955523759394,3.5384556922080406,-0.3231064297194742,0.0,262737.18000177154,6289.023457898145,20429482.08997465,401.91202995135427,312.846232964775
-0.6071428571428572,0.47,-0.005,269.03954841211106,3.3569972177891025,-0.29732543744306944,0.0,262730.90031358454,6289.023457462886,20427524.052016843,401.90339288479555,312.84287142287974
-0.6071428571428572,0.47,0.005,269.03954841211106,3.357014445356628,-0.2972671691930085,0.0,262730.90110246453,6289.023457473403,20427524.310408313,401.9033940296129,312.8428718684445
-0.6071428571428572,0.47,0.015,269.03954841211106,3.3569972177891025,-0.29732543744306944,0.0,262730.90031358454,6289.023457462886,20427524.052016843,401.90339288479555,312.84287142287974
-0.6071428571428572,0.49,-0.005,269.0195893741726,3.1687491794586333,-0.26663050698151114,0.0,262724.6456754887,6289.023459828435,20425570.821834873,401.89477772118,312.83951836961546
-0.6071428571428572,0.49,0.005,269.0195893741726,3.1687673125670552,-0.2665727048286789,0.0,262724.6462376508,6289.023459839368,20425571.001010407,401.89477851682165,312.83951867928374
-0.6071428571428572,0.49,0.015,269.0195893741726,3.1687491794586333,-0.26663050698151114,0.0,262724.6456754887,6289.023459828435,20425570.821834873,401.89477772118,312.83951836961546
-0.6071428571428572,0.51,-0.005,268.99976308313944,2.9738423597155643,-0.23088185676674267,0.0,262718.4447401099,6289.023465065833,20423630.715662394,401.88622118842045,312.83618810012246
-0.6071428571428572,0.51,0.005,268.99976308313944,2.9738612998093905,-0.23082476442707303,0.0,262718.4450723542,6289.023465077183,20423630.814677913,401.8862216306694,312.8361882722501
-0.6071428571428572,0.51,0.015,268.99976308313944,2.9738423597155643,-0.23088185676674267,0.0,262718.4447401099,6289.023465065833,20423630.715662394,401.88622118842045,312.83618810012246
-0.6071428571428572,0.53,-0.005,268.98015258808215,2.7724125183486574,-0.1899488960602621,0.0,262712.32576549536,6289.0234732364015,20421711.86175983,401.8777591911897,312.8328945897298
-0.6071428571428572,0.53,0.005,268.98015258808215,2.772432158669971,-0.18989274740121548,0.0,262712.32586562366,6289.023473248169,20421711.88002206,401.8777592773769,312.8328946232751
-0.6071428571428572,0.53,0.015,268.98015258808215,2.7724125183486574,-0.1899488960602621,0.0,262712.32576549536,6289.0234732364015,20421711.86175983,401.8777591911897,312.8328945897298
-0.6071428571428572,0.55,-0.005,268.96083864858184,2.564598523594047,-0.1437099582298496,0.0,262706.3164978255,6289.023484400651,20419822.163620997,401.8694266522889,312.82965143218263
-0.6071428571428572,0.55,0.005,268.96083864858184,2.564618750060612,-0.1436549761762364,0.0,262706.3163646862,6289.023484412838,20419822.10090055,401.86942638135173,312.82965132672894
-0.6071428571428572,0.55,0.015,268.96083864858184,2.564598523594047,-0.1437099582298496,0.0,262706.3164978255,6289.023484400651,20419822.163620997,401.8694266522889,312.82965143218263
-0.6071428571428572,0.57,-0.005,268.94189939315027,2.3505442937901684,-0.09205342226488093,0.0,262700.44407121785,6289.023498616821,20417969.26654837,401.86125736376886,312.8264717816562
-0.6071428571428572,0.57,0.005,268.94189939315027,2.3505649858731057,-0.0919998178119769,0.0,262700.4437047442,6289.023498629432,20417969.122990433,401.8612567362991,312.8264715374312
-0.6071428571428572,0.57,0.015,268.94189939315027,2.3505442937901684,-0.09205342226488093,0.0,262700.44407121785,6289.023498616821,20417969.26654837,401.86125736376886,312.8264717816562
-0.6071428571428572,0.59,-0.005,268.92340999543995,2.1303970905697924,-0.03487748476709622,0.0,262694.7349074574,6289.023515955383,20416160.526477512,401.853283855441,312.8233683015308
-0.6071428571428572,0.59,0.005,268.92340999543995,2.1304181222246115,-0.03482545612593758,0.0,262694.734308698,6289.023515968423,20416160.302609928,401.8532828737219,312.82336791942043
-0.6071428571428572,0.59,0.015,268.92340999543995,2.1303970905697924,-0.03487748476709622,0.0,262694.7349074574,6289.023515955383,20416160.526477512,401.853283855441,312.8233683015308
-0.6071428571428572,0.61,-0.005,268.90544241211967,1.9043085346632664,0.02790904916249278,0.0,262689.2146353403,6289.02353650276,20414402.98450745,401.8455372833015,312.8203531209095
-0.6071428571428572,0.61,0.005,268.90544241211967,1.9043297752634734,0.02795931730239566,0.0,262689.21380648133,6289.023536516234,20414402.68124591,401.84553595133144,312.8203526024674
-0.6071428571428572,0.61,0.015,268.90544241211967,1.9043085346632664,0.02790904916249278,0.0,262689.2146353403,6289.02353650276,20414402.98450745,401.8455372833015,312.8203531209095
-0.6071428571428572,0.63,-0.005,268.8880651107966,1.6724328205494823,0.09638713173291448,0.0,262683.9080030549,6289.023560372518,20412703.340697147,401.8380473181834,312.81743779121985
-0.6071428571428572,0.63,0.005,268.8880651107966,1.6724541358375842,0.09643546881497103,0.0,262683.906947434,6289.023560386437,20412702.959347527,401.83804564168696,312.8174371386717
-0.6071428571428572,0.63,0.015,268.8880651107966,1.6724328205494823,0.09638713173291448,0.0,262683.9080030549,6289.023560372518,20412703.340697147,401.8380473181834,312.81743779121985
-0.6071428571428572,0.65,-0.005,268.87134287436595,1.434930059271946,0.17062568134063474,0.0,262678.8388222115,6289.023587720011,20411067.93545349,401.8308420694743,312.8146332564594
-0.6071428571428572,0.65,0.005,268.87134287436595,1.4349513122833055,0.17067193144426238,0.0,262678.8375443225,6289.023587734385,20411067.477711134,401.83084005590007,312.8146324727023
-0.6071428571428572,0.65,0.015,268.87134287436595,1.434930059271946,0.17062568134063474,0.0,262678.8388222115,6289.023587720011,20411067.93545349,401.8308420694743,312.8146332564594
-0.6071428571428572,0.67,-0.005,268.85533655794245,1.1919639395636832,0.2506821860452616,0.0,262674.0298777319,6289.023618737053,20409502.72565916,401.8239479760403,312.8119498106739
-0.6071428571428572,0.67,0.005,268.85533655794245,1.1919849915557208,0.25072620826752046,0.0,262674.02838322084,6289.023618751895,20409502.19360517,401.82394563454505,312.81194889927025
-0.6071428571428572,0.67,0.015,268.85533655794245,1.1919639395636832,0.2506821860452616,0.0,262674.0298777319,6289.023618737053,20409502.72565916,401.8239479760403,312.8119498106739
-0.6071428571428572,0.69,-0.005,268.84010298949187,0.9437044743145546,0.3366010448924718,0.0,262669.5028728618,6289.02365361663,20408013.273929413,401.8173897407819,312.80939707241686
-0.6071428571428572,0.69,0.005,268.84010298949187,0.9437251856577308,0.33664271362865217,0.0,262669.5011685132,6289.023653631955,20408012.670023765,401.81738708220087,312.8093960375822
-0.6071428571428572,0.69,0.015,268.84010298949187,0.9437044743145546,0.3366010448924718,0.0,262669.5028728618,6289.02365361663,20408013.273929413,401.8173897407819,312.80939707241686
-0.6071428571428572,0.71,-0.005,268.8256948334244,0.6903250540290604,0.428414621802133,0.0,262665.27838704194,6289.02369259768,20406604.736744072,401.81119029839397,312.80698397213166
-0.6071428571428572,0.71,0.005,268.8256948334244,0.6903452851398096,0.4284538268894524,0.0,262665.27648075693,6289.023692613505,20406604.063815907,401.81118733519844,312.806982818719
-0.6071428571428572,0.71,0.015,268.8256948334244,0.6903250540290604,0.428414621802133,0.0,262665.27838704194,6289.02369259768,20406604.736744072,401.81119029839397,312.80698397213166
-0.6071428571428572,0.73,-0.005,268.8121606915619,0.4320103434287753,0.5261393094930253,0.0,262661.37588277634,6289.023735950262,20405281.87394411,401.80537084904284,312.80471876519493
-0.6071428571428572,0.73,0.005,268.8121606915619,0.43202995577805736,0.5261759562105535,0.0,262661.37378354295,6289.023735966607,20405281.135179684,401.8053675952867,312.8047174986735
-0.6071428571428572,0.73,0.015,268.8121606915619,0.4320103434287753,0.5261393094930253,0.0,262661.37588277634,6289.023735950262,20405281.87394411,401.80537084904284,312.80471876519493
-0.6071428571428572,0.75,-0.005,268.7995451577908,0.16895888829230352,0.6297740785842347,0.0,262657.81352429936,6289.023783562775,20404049.041274775,401.79995062747105,312.8026089419754
-0.6071428571428572,0.75,0.005,268.7995451577908,0.16897774517897443,0.6298080876322533,0.0,262657.8112421465,6289.023783579661,20404048.24019958,401.799947098713,312.8026075684004
-0.6071428571428572,0.75,0.015,268.7995451577908,0.16895888829230352,0.6297740785842347,0.0,262657.81352429936,6289.023783562775,20404049.041274775,401.79995062747105,312.8026089419754
-0.6071428571428572,0.77,-0.005,268.7878892520631,-0.09863928915911571,0.7393110937663865,0.0,262654.6066394366,6289.023830874865,20402910.105968423,401.7949445898533,312.8006603273697
-0.6071428571428572,0.77,0.005,268.7878892520631,-0.09862132230084777,0.7393424015457396,0.0,262654.6041853761,6289.023830892168,20402909.246441707,401.79494080306125,312.8006588533454
-0.6071428571428572,0.77,0.015,268.7878892520631,-0.09863928915911571,0.7393110937663865,0.0,262654.6066394366,6289.023830874865,20402910.105968423,401.7949445898533,312.8006603273697
-0.6071428571428572,0.79,-0.005,268.7772226722624,-0.3705843021742505,0.8547240884066837,0.0,262651.77279034525,6289.023886990175,20401868.254071012,401.79037119883486,312.798880111092
-0.6071428571428572,0.79,0.005,268.7772226722624,-0.37056735647415223,0.8547526460395768,0.0,262651.7701764699,6289.023887008116,20401867.340265322,401.79036717253035,312.79887854382747
-0.6071428571428572,0.79,0.015,268.7772226722624,-0.3705843021742505,0.8547240884066837,0.0,262651.77279034525,6289.023886990175,20401868.254071012,401.79037119883486,312.798880111092
-0.6071428571428572,0.8099999999999999,-0.005,268.7675722905985,-0.646669499735386,0.9759755359227328,0.0,262649.32621643157,6289.023954937127,20400926.20572584,401.78624396039964,312.7972735533341
-0.6071428571428572,0.8099999999999999,0.005,268.7675722905985,-0.6466537018139306,0.9760013094472582,0.0,262649.3234555574,6289.023954955711,20400925.24206247,401.7862397141053,312.7972719004287
-0.6071428571428572,0.8099999999999999,0.015,268.7675722905985,-0.646669499735386,0.9759755359227328,0.0,262649.32621643157,6289.023954937127,20400926.20572584,401.78624396039964,312.7972735533341
-0.6071428571428572,0.83,-0.005,268.75896526594744,-0.9266757665397755,1.1030052839826934,0.0,262647.2782730208,6289.024030684362,20400086.489017162,401.7825721629556,312.7958442723783
-0.6071428571428572,0.83,0.005,268.75896526594744,-0.9266612386750409,1.103028254080642,0.0,262647.2753787809,6289.024030703629,20400085.48017061,401.7825677173337,312.79584254187506
-0.6071428571428572,0.83,0.015,268.75896526594744,-0.9266757665397755,1.1030052839826934,0.0,262647.2782730208,6289.024030684362,20400086.489017162,401.7825721629556,312.7958442723783
-0.6071428571428572,0.8499999999999999,-0.005,268.7514232796771,-1.2103779196500515,1.2357369974359613,0.0,262645.6398470622,6289.024113273743,20399351.192303,401.77936461485905,312.7945956994102
-0.6071428571428572,0.8499999999999999,0.005,268.7514232796771,-1.2103647792787475,1.2357571591367333,0.0,262645.63683382067,6289.024113293718,20399350.1431759,401.7793599915757,312.7945938997433
-0.6071428571428572,0.8499999999999999,0.015,268.7514232796771,-1.2103779196500515,1.2357369974359613,0.0,262645.6398470622,6289.024113273743,20399351.192303,401.77936461485905,312.7945956994102
-0.6071428571428572,0.8700000000000001,-0.005,268.74496306204185,-1.4975477928451555,1.3740795693321122,0.0,262644.42072269676,6289.0242029348465,20398721.95691369,401.7766287123833,312.79353071568903
-0.6071428571428572,0.8700000000000001,0.005,268.74496306204185,-1.4975361516910048,1.374096931430056,0.0,262644.41760546947,6289.024202955544,20398720.87260777,401.7766239339839,312.79352885563503
-0.6071428571428572,0.8700000000000001,0.015,268.74496306204185,-1.4975477928451555,1.3740795693321122,0.0,262644.42072269676,6289.0242029348465,20398721.95691369,401.7766287123833,312.79353071568903
-0.6071428571428572,0.89,-0.005,268.7395968676368,-1.7879555789893598,1.5179276166794344,0.0,262643.6294112706,6289.024300388581,20398200.00197348,401.77437021669823,312.79265156570654
-0.6071428571428572,0.89,0.005,268.7395968676368,-1.7879455424737627,1.5179422012267318,0.0,262643.62620563793,6289.024300410008,20398198.88775895,401.7743653064727,312.79264965433214
-0.6071428571428572,0.89,0.015,268.7395968676368,-1.7879555789893598,1.5179276166794344,0.0,262643.6294112706,6289.024300388581,20398200.00197348,401.77437021669823,312.79265156570654
-0.6071428571428572,0.91,-0.005,268.7353327106977,-2.0813699209901704,1.667161621148137,0.0,262643.2730671602,6289.024406535904,20397786.13773752,401.7725931638992,312.79195982214
-0.6071428571428572,0.91,0.005,268.7353327106977,-2.0813615877601315,1.6671734629349657,0.0,262643.26978917734,6289.024406558062,20397784.999021713,401.7725881457434,312.7919578687479
-0.6071428571428572,0.91,0.015,268.7353327106977,-2.0813699209901704,1.667161621148137,0.0,262643.2730671602,6289.024406535904,20397786.13773752,401.7725931638992,312.79195982214
-0.6071428571428572,0.9300000000000002,-0.005,268.73217458595406,-2.3775563872351353,1.8216472484208333,0.0,262643.3574288272,6289.024522233385,20397480.780218735,401.7712998222641,312.7914563691951
-0.6071428571428572,0.9300000000000002,0.005,268.73217458595406,-2.377549848839654,1.821656394480141,0.0,262643.3540949327,6289.02452225627,20397479.62251451,401.77129472053906,312.7914543832693
-0.6071428571428572,0.9300000000000002,0.015,268.73217458595406,-2.3775563872351353,1.8216472484208333,0.0,262643.3574288272,6289.024522233385,20397480.780218735,401.7712998222641,312.7914563691951
-0.6071428571428572,0.95,-0.005,268.7301224196252,-2.67627615524233,1.981234781751052,0.0,262643.88683888,6289.024648462744,20397283.95169795,401.7704907751304,312.79114143485475
-0.6071428571428572,0.95,0.005,268.7301224196252,-2.676271495859968,1.981241290843531,0.0,262643.8834658034,6289.024648486339,20397282.780592185,401.770485614521,312.7911394260052
-0.6071428571428572,0.95,0.015,268.7301224196252,-2.67627615524233,1.981234781751052,0.0,262643.88683888,6289.024648462744,20397283.95169795,401.7704907751304,312.79114143485475
-0.6071428571428572,0.9700000000000001,-0.005,268.72917218535474,-2.9772868936266375,2.145759972493587,0.0,262644.86426166084,6289.024786362931,20397195.293074615,401.77016499063666,312.7910146180194
-0.6071428571428572,0.9700000000000001,0.005,268.72917218535474,-2.977284189844076,2.145763914571857,0.0,262644.8608663338,6289.02478638721,20397194.1141978,401.77015979601646,312.7910125959298
-0.6071428571428572,0.9700000000000001,0.015,268.72917218535474,-2.9772868936266375,2.145759972493587,0.0,262644.86426166084,6289.024786362931,20397195.293074615,401.77016499063666,312.7910146180194
-0.6071428571428572,0.99,-0.005,268.7293323446156,-3.280412329853756,2.3151157933931015,0.0,262646.2968238002,6289.024938542747,20397215.715466164,401.77032774144453,312.7910779713861
-0.6071428571428572,0.99,0.005,268.7293323446156,-3.2804116409781896,2.3151172738285166,0.0,262646.29341709224,6289.02493856762,20397214.532319497,401.7703225282536,312.791075942068
-0.6071428571428572,0.99,0.015,268.7293323446156,-3.280412329853756,2.3151157933931015,0.0,262646.2968238002,6289.024938542747,20397215.715466164,401.77032774144453,312.7910779713861
-0.6071428571428572,1.01,-0.005,268.7283569462187,-1.1907029528786662e-05,8.403258292702821e-06,0.0,262645.9878752732,6289.044917309113,20397743.678893995,401.7821855597815,312.7956937831539
-0.6071428571428572,1.01,0.005,268.7273815478217,3.280412329853756,-2.315115793393102,0.0,262645.6789245034,6289.024772058659,20397019.655573063,401.7693825112054,312.79071002515053
-0.6071428571428572,1.01,0.015,268.7283569462187,-1.1907029528786662e-05,8.403258292702821e-06,0.0,262645.9878752732,6289.044917309113,20397743.678893995,401.7821855597815,312.7956937831539
-0.5357142857142858,-0.01,-0.005,269.3544483086657,5.708698822816574,0.0,0.0,262830.7771635984,6289.024529026006,20458381.260182574,402.03993994693445,312.89601124208144
-0.5357142857142858,-0.01,0.005,269.35444830866567,5.708698822816574,0.018641667486218847,0.0,262830.7771635984,6289.024528593821,20458381.246656824,402.0399396811318,312.89601113864825
-0.5357142857142858,-0.01,0.015,269.3544483086657,5.708698822816574,0.0,0.0,262830.7771635984,6289.024529026006,20458381.260182574,402.03993994693445,312.89601124208144
-0.5357142857142858,0.01,-0.005,269.3544483086657,5.708698822816574,-0.018641667486218847,0.0,262830.77716359834,6289.024528593821,20458381.24665682,402.03993968113167,312.8960111386482
-0.5357142857142858,0.01,0.005,269.3544483086657,5.708694576963137,-0.018639505934368326,0.0,262830.78076528764,6289.024528598501,20458382.50507835,402.03994522794886,312.89601329711155
-0.5357142857142858,0.01,0.015,269.3544483086657,5.708698822816574,-0.018641667486218847,0.0,262830.77716359834,6289.024528593821,20458381.24665682,402.03993968113167,312.8960111386482
-0.5357142857142858,0.030000000000000002,-0.005,269.3530514651957,5.700188818376885,-0.05580033809738019,0.0,262830.3351249186,6289.024526088413,20458244.417900495,402.0393356189359,312.8957760765264
-0.5357142857142858,0.030000000000000002,0.005,269.3530514651957,5.700184709408043,-0.05579394244837443,0.0,262830.3387098736,6289.024526093127,20458245.670328196,402.0393411393893,312.8957782247323
-0.5357142857142858,0.030000000000000002,0.015,269.3530514651957,5.700188818376885,-0.05580033809738019,0.0,262830.3351249186,6289.024526088413,20458244.417900495,402.0393356189359,312.8957760765264
-0.5357142857142858,0.05,-0.005,269.35026492434207,5.683273975209142,-0.09257954539849526,0.0,262829.4539097125,6289.024521293252,20457971.46296528,402.03813068365844,312.89530719275325
-0.5357142857142858,0.05,0.005,269.35026492434207,5.6832701393233975,-0.09256892564520872,0.0,262829.45747391984,6289.024521298049,20457972.7078221,402.03813617085063,312.89530932801927
-0.5357142857142858,0.05,0.015,269.35026492434207,5.683273975209142,-0.09257954539849526,0.0,262829.4539097125,6289.024521293252,20457971.46296528,402.03813068365844,312.89530719275325
-0.5357142857142858,0.07,-0.005,269.3461024604545,5.658001055077294,-0.12872787077115808,0.0,262828.13800147816,6289.024514170356,20457563.73265042,402.0363307903558,312.89460678804636
-0.5357142857142858,0.07,0.005,269.3461024604545,5.657997625315275,-0.12871308702861575,0.0,262828.1415345361,6289.024514175275,20457564.966147996,402.0363362276409,312.8946089038964
-0.5357142857142858,0.07,0.015,269.3461024604545,5.658001055077294,-0.12872787077115808,0.0,262828.13800147816,6289.024514170356,20457563.73265042,402.0363307903558,312.89460678804636
-0.5357142857142858,0.09,-0.005,269.34058496482174,5.6243972407671015,-0.16399483978321536,0.0,262826.3940244024,6289.024504890573,20457023.279423624,402.03394503663105,312.8936784010775
-0.5357142857142858,0.09,0.005,269.34058496482174,5.624394346020876,-0.1639759755087979,0.0,262826.3975158896,6289.024504895652,20457024.497774474,402.03395040736507,312.8936804910362
-0.5357142857142858,0.09,0.015,269.34058496482174,5.6243972407671015,-0.16399483978321536,0.0,262826.3940244024,6289.024504890573,20457023.279423624,402.03394503663105,312.8936784010775
-0.5357142857142858,0.11000000000000001,-0.005,269.33374014991216,5.5824908713298225,-0.19813116877638867,0.0,262824.2307168122,6289.024493664679,20456352.825345427,402.03098548140497,312.8925267224235
-0.5357142857142858,0.11000000000000001,0.005,269.33374014991216,5.582488635005474,-0.19810833009321255,0.0,262824.23415628134,6289.024493669958,20456354.024763264,402.03099076894574,312.8925287800161
-0.5357142857142858,0.11000000000000001,0.015,269.33374014991216,5.5824908713298225,-0.19813116877638867,0.0,262824.2307168122,6289.024493664679,20456352.825345427,402.03098548140497,312.8925267224235
-0.5357142857142858,0.13,-0.005,269.3256023497331,5.532314465956952,-0.23088903256889184,0.0,262821.65888759703,6289.0244807318395,20455555.742101368,402.0274670523143,312.89115755858205
-0.5357142857142858,0.13,0.005,269.3256023497331,5.532313004726801,-0.2308623473963961,0.0,262821.6622645757,6289.0244807373565,20455556.91880361,402.027472240032,312.8911595773384
-0.5357142857142858,0.13,0.015,269.3256023497331,5.532314465956952,-0.23088903256889184,0.0,262821.65888759703,6289.0244807318395,20455555.742101368,402.0274670523143,312.89115755858205
-0.5357142857142858,0.15,-0.005,269.31621225490295,5.473905970921906,-0.2620224043306415,0.0,262818.6913477144,6289.024466357177,20454636.02491634,402.0234074306817,312.88957778726956
-0.5357142857142858,0.15,0.005,269.31621225490295,5.47390539354627,-0.26199202134293154,0.0,262818.6946517103,6289.024466362963,20454637.175128,402.02341250197526,312.88957976073044
-0.5357142857142858,0.15,0.015,269.31621225490295,5.473905970921906,-0.2620224043306415,0.0,262818.6913477144,6289.024466357177,20454636.02491634,402.0234074306817,312.88957778726956
-0.5357142857142858,0.17,-0.005,269.3056166452741,5.407309419440912,-0.29128744674102464,0.0,262815.3428371487,6289.024450828319,20453598.266187336,402.018826934921,312.8877953121196
-0.5357142857142858,0.17,0.005,269.3056166452741,5.407309825674599,-0.2912535341657909,0.0,262815.34605766047,6289.024450834408,20453599.38614662,402.0188318732427,312.8877972338462
-0.5357142857142858,0.17,0.015,269.3056166452741,5.407309419440912,-0.29128744674102464,0.0,262815.3428371487,6289.024450828319,20453598.266187336,402.018826934921,312.8877953121196
-0.5357142857142858,0.19,-0.005,269.293868083153,5.332574099103547,-0.31844275144881623,0.0,262811.6299310428,6289.024434448401,20452447.62513805,402.0137483848337,312.8858190099515
-0.5357142857142858,0.19,0.005,269.293868083153,5.332575578711027,-0.31840549572222654,0.0,262811.63305757614,6289.024434454821,20452448.71110365,402.01375317371975,312.8858208735377
-0.5357142857142858,0.19,0.015,269.293868083153,5.332574099103547,-0.31844275144881623,0.0,262811.6299310428,6289.024434448401,20452447.62513805,402.0137483848337,312.8858190099515
-0.5357142857142858,0.20999999999999996,-0.005,269.28102456923193,5.249754569570768,-0.34324965726282214,0.0,262807.5709403308,6289.024417529605,20451189.79383443,402.0081969502378,312.8836586719484
-0.5357142857142858,0.20999999999999996,0.005,269.28102456923193,5.249757201454911,-0.34320926155527237,0.0,262807.57396242203,6289.024417536385,20451190.842094827,402.0082015733497,312.88366047103636
-0.5357142857142858,0.20999999999999996,0.015,269.28102456923193,5.249754569570768,-0.34324965726282214,0.0,262807.5709403308,6289.024417529605,20451189.79383443,402.0081969502378,312.8836586719484
-0.5357142857142858,0.23,-0.005,269.2671491623536,5.158910847186184,-0.3654726092367197,0.0,262803.1858041675,6289.024400389643,20449830.959746744,402.00219998583134,312.8813249394819
-0.5357142857142858,0.23,0.005,269.2671491623536,5.158914698624084,-0.36542929186442014,0.0,262803.1887114121,6289.024400396808,20449831.96663134,402.00220442700464,312.8813266677811
-0.5357142857142858,0.23,0.015,269.2671491623536,5.158910847186184,-0.3654726092367197,0.0,262803.1858041675,6289.024400389643,20449830.959746744,402.00219998583134,312.8813249394819
-0.5357142857142858,0.25,-0.005,269.2523095771009,5.06010839177706,-0.38487950484799655,0.0,262798.4959730976,6289.024383343725,20448377.765998475,401.99578685374854,312.8788292351477
-0.5357142857142858,0.25,0.005,269.2523095771009,5.060113517783419,-0.38483349759056074,0.0,262798.4987551858,6289.024383351297,20448378.727890722,401.9957910970496,312.87883088645737
-0.5357142857142858,0.25,0.015,269.2523095771009,5.06010839177706,-0.38487950484799655,0.0,262798.4959730976,6289.024383343725,20448377.765998475,401.99578685374854,312.8788292351477
-0.5357142857142858,0.27,-0.005,269.23657774717543,4.9534181223200875,-0.401242059890254,0.0,262793.5242843426,6289.024366700934,20446837.268404033,401.9889887340504,312.876183689107
-0.5357142857142858,0.27,0.005,269.23657774717543,4.953424565139425,-0.4011936062322564,0.0,262793.5269311016,6289.024366708932,20446838.181756463,401.9889927638434,312.8761852573418
-0.5357142857142858,0.27,0.015,269.23657774717543,4.9534181223200875,-0.401242059890254,0.0,262793.5242843426,6289.024366700934,20446837.268404033,401.9889887340504,312.876183689107
-0.5357142857142858,0.29,-0.005,269.22002937319735,4.838916027810281,-0.4143361115370756,0.0,262788.294830214,6289.024350759906,20445216.890962992,401.981838428045,312.87340106263434
-0.5357142857142858,0.29,0.005,269.22002937319735,4.838923816542983,-0.414285464852909,0.0,262788.2973316557,6289.024350768346,20445217.752313975,401.9818422290652,312.873402541853
-0.5357142857142858,0.29,0.015,269.22002937319735,4.838916027810281,-0.4143361115370756,0.0,262788.294830214,6289.024350759906,20445216.890962992,401.981838428045,312.87340106263434
-0.5357142857142858,0.31,-0.005,269.20274345388265,4.716683755772557,-0.4239421273821853,0.0,262782.8328260957,6289.024335803379,20443524.379696473,401.97437015368376,312.8704946685774
-0.5357142857142858,0.31,0.005,269.20274345388265,4.716692906125789,-0.4238895490811317,0.0,262782.83517247054,6289.02433581228,20443525.185688738,401.97437371111937,312.87049605301473
-0.5357142857142858,0.31,0.015,269.20274345388265,4.716683755772557,-0.4239421273821853,0.0,262782.8328260957,6289.024335803379,20443524.379696473,401.97437015368376,312.8704946685774
-0.5357142857142858,0.33,-0.005,269.1848018058239,4.5868078517602635,-0.4298454442739338,0.0,262777.1644691488,6289.024322095149,20441767.755450692,401.9666193374514,312.8674782904467
-0.5357142857142858,0.33,0.005,269.1848018058239,4.586818365943638,-0.42979120192831016,0.0,262777.16665100463,6289.02432210452,20441768.502851218,401.96662263703166,312.86747957454753
-0.5357142857142858,0.33,0.015,269.1848018058239,4.5868078517602635,-0.4298454442739338,0.0,262777.1644691488,6289.024322095149,20441767.755450692,401.9666193374514,312.8674782904467
-0.5357142857142858,0.35,-0.005,269.1662885729726,4.449379789202664,-0.4318366714745544,0.0,262771.3167981416,6289.024309877591,20439955.26571912,401.9586224020686,312.864366099868
-0.5357142857142858,0.35,0.005,269.1662885729726,4.449391655944157,-0.43178103694510406,0.0,262771.31880638644,6289.024309887445,20439955.951440223,401.95862543015687,312.86436727832375
-0.5357142857142858,0.35,0.015,269.1662885729726,4.449379789202664,-0.4318366714745544,0.0,262771.3167981416,6289.024309877591,20439955.26571912,401.9586224020686,312.864366099868
-0.5357142857142858,0.37,-0.005,269.147289740603,4.304496599640315,-0.4297122584065414,0.0,262765.31755656056,6289.024299368602,20438095.336895723,401.95041655566166,312.86117257459676
-0.5357142857142858,0.37,0.005,269.147289740603,4.3045097943259325,-0.4296555059848517,0.0,262765.3193825291,6289.024299378947,20438095.958017077,401.9504192993529,312.8611736423832
-0.5357142857142858,0.37,0.015,269.147289740603,4.304496599640315,-0.4297122584065414,0.0,262765.31755656056,6289.024299368602,20438095.336895723,401.95041655566166,312.86117257459676
-0.5357142857142858,0.39,-0.005,269.12789262607134,4.152260290111348,-0.4232747801314098,0.0,262759.1950433602,6289.024290759464,20436196.524297643,401.94203957136057,312.85791241279776
-0.5357142857142858,0.39,0.005,269.12789262607134,4.152274775046469,-0.42321718471656483,0.0,262759.19667888305,6289.024290770306,20436197.07808897,401.942042018582,312.8579133652144
-0.5357142857142858,0.39,0.015,269.12789262607134,4.152260290111348,-0.4232747801314098,0.0,262759.1950433602,6289.024290759464,20436196.524297643,401.94203957136057,312.85791241279776
-0.5357142857142858,0.41,-0.005,269.1081853919508,3.992777247369397,-0.4123332061455869,0.0,262752.97797177045,6289.024284217264,20434267.46453402,401.9335295792249,312.8546004521112
-0.5357142857142858,0.41,0.005,269.1081853919508,3.992792972158733,-0.41227504147174565,0.0,262752.97940924455,6289.02428422861,20434267.948477983,401.93353171883746,312.85460128482055
-0.5357142857142858,0.41,0.015,269.1081853919508,3.992777247369397,-0.4123332061455869,0.0,262752.97797177045,6289.024284217264,20434267.46453402,401.9335295792249,312.8546004521112
-0.5357142857142858,0.43000000000000005,-0.005,269.08825656496697,3.82615800685984,-0.39670324766197484,0.0,262746.6953306696,6289.024279886041,20432316.828415915,401.9249248597372,312.8512515893176
-0.5357142857142858,0.43000000000000005,0.005,269.08825656496697,3.826174908895178,-0.3966447845904271,0.0,262746.69656312984,6289.024279897895,20432317.240231168,401.92492668163817,312.8512522983853
-0.5357142857142858,0.43000000000000005,0.015,269.08825656496697,3.82615800685984,-0.39670324766197484,0.0,262746.6953306696,6289.024279886041,20432316.828415915,401.9249248597372,312.8512515893176
-0.5357142857142858,0.45,-0.005,269.06819457456623,3.652519746797034,-0.37620857828199694,0.0,262740.37625744985,6289.024277877982,20430353.275491834,401.9162636395162,312.84788070085443
-0.5357142857142858,0.45,0.005,269.06819457456623,3.6525377518158657,-0.37615008316225956,0.0,262740.3772786395,6289.024277890351,20430353.613155436,401.9162651347386,312.8478812827881
-0.5357142857142858,0.45,0.015,269.06819457456623,3.652519746797034,-0.37620857828199694,0.0,262740.37625744985,6289.024277877982,20430353.275491834,401.9162636395162,312.84788070085443
-0.5357142857142858,0.47000000000000003,-0.005,269.04808727763185,3.4719838971510204,-0.3506805474431696,0.0,262734.0498959146,6289.024278289215,20428385.40801006,401.9075838960126,312.84450256681686
-0.5357142857142858,0.47000000000000003,0.005,269.04808727763185,3.4720029199204565,-0.35062228057524414,0.0,262734.0507003543,6289.024278302099,20428385.669779267,401.9075850568223,312.8445030186035
-0.5357142857142858,0.47000000000000003,0.015,269.04808727763185,3.4719838971510204,-0.3506805474431696,0.0,262734.0498959146,6289.024278289215,20428385.40801006,401.9075838960126,312.84450256681686
-0.5357142857142858,0.49,-0.005,269.0280215188752,3.2846756516297817,-0.31995844940035206,0.0,262727.7452671035,6289.024281202223,20426421.727969397,401.8989231692385,312.8411317976839
-0.5357142857142858,0.49,0.005,269.0280215188752,3.2846955966967624,-0.31990066359256675,0.0,262727.74585015717,6289.024281215628,20426421.912402295,401.89892398922603,312.8411321168261
-0.5357142857142858,0.49,0.015,269.0280215188752,3.2846756516297817,-0.31995844940035206,0.0,262727.7452671035,6289.024281202223,20426421.727969397,401.8989231692385,312.8411317976839
-0.5357142857142858,0.51,-0.005,269.0080827090357,3.0907250398335893,-0.28389035396817147,0.0,262721.49114535697,6289.024286676859,20424470.595569927,401.8903183740204,312.83778276123627
-0.5357142857142858,0.51,0.005,269.0080827090357,3.0907458023210705,-0.28383329319383627,0.0,262721.491503295,6289.0242866907865,20424470.701544754,401.8903188481874,312.8377829457858
-0.5357142857142858,0.51,0.015,269.0080827090357,3.0907250398335893,-0.28389035396817147,0.0,262721.49114535697,6289.024286676859,20424470.595569927,401.8903183740204,312.83778276123627
-0.5357142857142858,0.53,-0.005,268.9883544401139,2.8902672566048055,-0.2423337002604983,0.0,262715.3159495408,6289.0242947639745,20422540.19200863,401.88180564201326,312.8344695210473
-0.5357142857142858,0.53,0.005,268.9883544401139,2.8902887230835166,-0.2422775984347624,0.0,262715.31607959716,6289.024294778428,20422540.218741164,401.88180576685005,312.83446956963525
-0.5357142857142858,0.53,0.015,268.9883544401139,2.8902672566048055,-0.2423337002604983,0.0,262715.3159495408,6289.0242947639745,20422540.19200863,401.88180564201326,312.8344695210473
-0.5357142857142858,0.55,-0.005,268.9689181005668,2.683440981250819,-0.19515509463318567,0.0,262709.2476247,6289.024305512689,20420638.48208431,401.8734201596561,312.83120577338303
-0.5357142857142858,0.55,0.005,268.9689181005668,2.6834630306711964,-0.195100174514652,0.0,262709.24752512417,6289.024305527672,20420638.42914334,401.87341993321064,312.83120568524674
-0.5357142857142858,0.55,0.015,268.9689181005668,2.683440981250819,-0.19515509463318567,0.0,262709.2476247,6289.024305512689,20420638.48208431,401.8734201596561,312.83120577338303
-0.5357142857142858,0.57,-0.005,268.9498525296129,2.4703902509453077,-0.14223150638242224,0.0,262703.31354108936,6289.024318968005,20418773.180339724,401.86519601695784,312.8280047883086
-0.5357142857142858,0.57,0.005,268.9498525296129,2.470412755571627,-0.14217797858349887,0.0,262703.313211192,6289.024318983523,20418773.047660157,401.8651954388953,312.828004563315
-0.5357142857142858,0.57,0.015,268.9498525296129,2.4703902509453077,-0.14223150638242224,0.0,262703.31354108936,6289.024318968005,20418773.180339724,401.86519601695784,312.8280047883086
-0.5357142857142858,0.59,-0.005,268.9312336844442,2.2512629216835585,-0.08345010892362793,0.0,262697.540391172,6289.024335182886,20416951.71892878,401.8571660706482,312.8248793563775
-0.5357142857142858,0.59,0.005,268.9312336844442,2.2512857480794657,-0.08339817105486941,0.0,262697.5398313627,6289.024335198943,20416951.506822214,401.85716514229784,312.82487899504133
-0.5357142857142858,0.59,0.015,268.9312336844442,2.2512629216835585,-0.08345010892362793,0.0,262697.540391172,6289.024335182886,20416951.71892878,401.8571660706482,312.8248793563775
-0.5357142857142858,0.61,-0.005,268.9131343676284,2.0262114890264753,-0.01870907127352066,0.0,262691.95410564763,6289.024354220884,20415181.221087087,401.84936182741194,312.8218417431306
-0.5357142857142858,0.61,0.005,268.9131343676284,2.0262344990480066,-0.018658907208898783,0.0,262691.95331746497,6289.024354237489,20415180.930249587,401.84936055180276,312.82184124662814
-0.5357142857142858,0.61,0.015,268.9131343676284,2.0262114890264753,-0.01870907127352066,0.0,262691.95410564763,6289.024354220884,20415181.221087087,401.84936182741194,312.8218417431306
-0.5357142857142858,0.63,-0.005,268.8956239462396,1.7953915312118636,0.05208270895137468,0.0,262686.5797641274,6289.024376167771,20413468.47408122,401.8418133290146,312.8189036443248
-0.5357142857142858,0.63,0.005,268.8956239462396,1.7954145830143131,0.052130929682527215,0.0,262686.57875026035,6289.024376184931,20413468.105598237,401.84181171089773,312.8189030145029
-0.5357142857142858,0.63,0.015,268.8956239462396,1.7953915312118636,0.05208270895137468,0.0,262686.5797641274,6289.024376167771,20413468.47408122,401.8418133290146,312.8189036443248
-0.5357142857142858,0.65,-0.005,268.8787681484431,1.558964667455987,0.12900382761570633,0.0,262681.441530193,6289.024401129511,20411819.909316532,401.8345490624233,312.8160761508866
-0.5357142857142858,0.65,0.005,268.8787681484431,1.558987616477929,0.12904995032506877,0.0,262681.44029449346,6289.024401147233,20411819.464664757,401.83454710828096,312.8160753902662
-0.5357142857142858,0.65,0.015,268.8787681484431,1.558964667455987,0.12900382761570633,0.0,262681.441530193,6289.024401129511,20411819.909316532,401.8345490624233,312.8160761508866
-0.5357142857142858,0.67,-0.005,268.86262881498914,1.3170967411332282,0.21212075328940894,0.0,262676.56255925726,6289.024429223984,20410241.5778414,401.82759584657066,312.8133697047709
-0.5357142857142858,0.67,0.005,268.86262881498914,1.3171194410786333,0.21216463850503994,0.0,262676.5611067432,6289.024429242281,20410241.058887582,401.8275935646114,312.81336881654494
-0.5357142857142858,0.67,0.015,268.86262881498914,1.3170967411332282,0.21212075328940894,0.0,262676.56255925726,6289.024429223984,20410241.5778414,401.82759584657066,312.8133697047709
-0.5357142857142858,0.69,-0.005,268.84726378056456,1.0699600143350347,0.301486290723524,0.0,262671.9649446491,6289.0244605635135,20408739.138273973,401.82097876951883,312.81079407443445
-0.5357142857142858,0.69,0.005,268.84726378056456,1.069982318125291,0.3015278144579901,0.0,262671.96328149893,6289.0244605823955,20408738.547270518,401.82097616965956,312.8107930624613
-0.5357142857142858,0.69,0.015,268.84726378056456,1.0699600143350347,0.301486290723524,0.0,262671.9649446491,6289.0244605635135,20408739.138273973,401.82097876951883,312.81079407443445
-0.5357142857142858,0.71,-0.005,268.8327267203211,0.8177303147450224,0.3971406388615414,0.0,262667.6696665321,6289.024495289938,20407317.84296288,401.81472114288647,312.80835833702855
-0.5357142857142858,0.71,0.005,268.8327267203211,0.8177520755008323,0.39717969274384046,0.0,262667.66780006886,6289.02449530942,20407317.182540476,401.8147182367193,312.8083572058189
-0.5357142857142858,0.71,0.015,268.8327267203211,0.8177303147450224,0.3971406388615414,0.0,262667.6696665321,6289.024495289938,20407317.84296288,401.81472114288647,312.80835833702855
-0.5357142857142858,0.73,-0.005,268.81906719690375,0.5605932752657867,0.4991079304118389,0.0,262663.6965810149,6289.024533552822,20405982.541989647,401.8088445079178,312.806070880694
-0.5357142857142858,0.73,0.005,268.81906719690375,0.5606143473159838,0.4991444216919564,0.0,262663.69451968314,6289.024533572915,20405981.81514719,401.8088413086661,312.80606963539367
-0.5357142857142858,0.73,0.015,268.81906719690375,0.5605932752657867,0.4991079304118389,0.0,262663.6965810149,6289.024533552822,20405982.541989647,401.8088445079178,312.806070880694
-0.5357142857142858,0.75,-0.005,268.8063306322232,0.2987466514165962,0.6073948014779852,0.0,262660.0643697201,6289.024575474709,20404737.67940315,401.80336860113886,312.803939391127
-0.5357142857142858,0.75,0.005,268.8063306322232,0.29876689123264716,0.6074286529432525,0.0,262660.06212304824,6289.024575495429,20404736.88949322,401.8033651235925,312.80393803749206
-0.5357142857142858,0.75,0.015,268.8063306322232,0.2987466514165962,0.6073948014779852,0.0,262660.0643697201,6289.024575474709,20404737.67940315,401.80336860113886,312.803939391127
-0.5357142857142858,0.77,-0.005,268.79455985501227,0.03238009787968277,0.7220016543831791,0.0,262656.78885476803,6289.024615935928,20403587.2819477,401.79830881664583,312.80196986370606
-0.5357142857142858,0.77,0.005,268.79455985501227,0.032399365051303274,0.7220328039694046,0.0,262656.7864332795,6289.024615957251,20403586.432648018,401.79830507701905,312.8019684080471
-0.5357142857142858,0.77,0.015,268.79455985501227,0.03238009787968277,0.7220016543831791,0.0,262656.78885476803,6289.024615935928,20403587.2819477,401.79830881664583,312.80196986370606
-0.5357142857142858,0.79,-0.005,268.78378968594075,-0.23830714098321232,0.8429102751602578,0.0,262653.8873918101,6289.024659355455,20402534.890619144,401.7936829510556,312.8001692289075
-0.5357142857142858,0.79,0.005,268.78378968594075,-0.23828898544469593,0.8429386781647544,0.0,262653.88480710227,6289.024659377308,20402533.985959224,401.7936789670977,312.80016767813316
-0.5357142857142858,0.79,0.015,268.78378968594075,-0.23830714098321232,0.8429102751602578,0.0,262653.8873918101,6289.024659355455,20402534.890619144,401.7936829510556,312.8001692289075
-0.5357142857142858,0.81,-0.005,268.7740438632008,-0.5130942406404251,0.9700801705068635,0.0,262651.37580875744,6289.024714341538,20401583.092995293,401.7895065864501,312.7985435550785
-0.5357142857142858,0.81,0.005,268.7740438632008,-0.5130773284437796,0.9701057944909592,0.0,262651.3730734579,6289.024714364094,20401582.137310144,401.7895023773793,312.7985419166693
-0.5357142857142858,0.81,0.015,268.7740438632008,-0.5130942406404251,0.9700801705068635,0.0,262651.37580875744,6289.024714341538,20401583.092995293,401.7895065864501,312.7985435550785
-0.5357142857142858,0.83,-0.005,268.7653484586827,-0.7917611180428923,1.1034582796845585,0.0,262649.2656525824,6289.024777475455,20400734.329896662,401.7857889186004,312.7970964244794
-0.5357142857142858,0.83,0.005,268.7653484586827,-0.7917455765147416,1.103481107655669,0.0,262649.2627800277,6289.024777498733,20400733.327755425,401.78578450460475,312.7970947062939
-0.5357142857142858,0.83,0.015,268.7653484586827,-0.7917611180428923,1.1034582796845585,0.0,262649.2656525824,6289.024777475455,20400734.329896662,401.7857889186004,312.7970964244794
-0.5357142857142858,0.85,-0.005,268.75772663071126,-1.0740796760327873,1.2429714008489294,0.0,262647.56765720417,6289.024845725716,20399990.769428097,401.7825381199012,312.79583102077544
-0.5357142857142858,0.85,0.005,268.75772663071126,-1.0740656272789102,1.2429914302426301,0.0,262647.5646615194,6289.024845749733,20399989.725646015,401.78253352225636,312.79582923109564
-0.5357142857142858,0.85,0.015,268.75772663071126,-1.0740796760327873,1.2429714008489294,0.0,262647.56765720417,6289.024845725716,20399990.769428097,401.7825381199012,312.79583102077544
-0.5357142857142858,0.87,-0.005,268.75119609051717,-1.3598171091993059,1.3885300679521384,0.0,262646.29171045416,6289.024918216531,20399354.114348184,401.77976133137827,312.79475012589836
-0.5357142857142858,0.87,0.005,268.75119609051717,-1.359804669206209,1.3885473099940435,0.0,262646.2886064782,6289.024918241286,20399353.03396114,401.77975657233037,312.7947482733844
-0.5357142857142858,0.87,0.015,268.75119609051717,-1.3598171091993059,1.3885300679521384,0.0,262646.29171045416,6289.024918216531,20399354.114348184,401.77976133137827,312.79475012589836
-0.5357142857142858,0.89,-0.005,268.7457698797743,-1.6487389142898163,1.5400299335417642,0.0,262645.44649487693,6289.024994849139,20398825.63515646,401.7774641507833,312.79385592075613
-0.5357142857142858,0.89,0.005,268.7457698797743,-1.648728192235572,1.540044412684094,0.0,262645.44329807465,6289.02499487462,20398824.52338965,401.777459253413,312.79385401439316
-0.5357142857142858,0.89,0.015,268.7457698797743,-1.6487389142898163,1.5400299335417642,0.0,262645.44649487693,6289.024994849139,20398825.63515646,401.7774641507833,312.79385592075613
-0.5357142857142858,0.9099999999999999,-0.005,268.7414566077497,-1.9406096118392793,1.697352282377624,0.0,262645.03943914897,6289.025076076903,20398406.18630534,401.77565059647486,312.7931499711499
-0.5357142857142858,0.9099999999999999,0.005,268.7414566077497,-1.9406007095435946,1.6973640357194522,0.0,262645.0361655201,6289.025076103087,20398405.048541624,401.77564558455725,312.79314802019354
-0.5357142857142858,0.9099999999999999,0.015,268.7414566077497,-1.9406096118392793,1.697352282377624,0.0,262645.03943914897,6289.025076076903,20398406.18630534,401.77565059647486,312.7931499711499
-0.5357142857142858,0.9300000000000002,-0.005,268.7382608806649,-2.235192109201878,1.8603639404581611,0.0,262645.076519451,6289.025162179405,20398096.225579098,401.7743228465254,312.7926331261998
-0.5357142857142858,0.9300000000000002,0.005,268.7382608806649,-2.2351851207413205,1.860373017193649,0.0,262645.0731854364,6289.025162206258,20398095.067326516,401.77431774438725,312.7926311401206
-0.5357142857142858,0.9300000000000002,0.015,268.7382608806649,-2.235192109201878,1.8603639404581611,0.0,262645.076519451,6289.025162179405,20398096.225579098,401.7743228465254,312.7926331261998
-0.5357142857142858,0.95,-0.005,268.73618325849435,-2.5322459654114735,2.028916491591583,0.0,262645.56229441403,6289.0252534648525,20397895.816198166,401.7734813443068,312.79230555943207
-0.5357142857142858,0.95,0.005,268.73618325849435,-2.532240976831589,2.0289229524573082,0.0,262645.5589168004,6289.025253492332,20397894.643057555,401.77347617668045,312.7923035478586
-0.5357142857142858,0.95,0.015,268.73618325849435,-2.5322459654114735,2.028916491591583,0.0,262645.56229441403,6289.0252534648525,20397895.816198166,401.7734813443068,312.79230555943207
-0.5357142857142858,0.97,-0.005,268.7352203624109,-2.831528718542592,2.202847638595987,0.0,262646.4999500071,6289.025350369006,20397804.640424967,401.77312490562645,312.7921668104771
-0.5357142857142858,0.97,0.005,268.7352203624109,-2.831525807632771,2.20285155529797,0.0,262646.4965458341,6289.025350397054,20397803.45805846,401.7731196975096,312.79216478314123
-0.5357142857142858,0.97,0.015,268.7352203624109,-2.831528718542592,2.202847638595987,0.0,262646.4999500071,6289.025350369006,20397804.640424967,401.77312490562645,312.7921668104771
-0.5357142857142858,0.9899999999999999,-0.005,268.7353839232451,-3.133013593813412,2.3821700528266385,0.0,262647.8980444487,6289.0254540921,20397823.88526878,401.7732593499396,312.7922191448941
-0.5357142857142858,0.9899999999999999,0.005,268.7353839232451,-3.133012820439787,2.382171532670411,0.0,262647.89462472044,6289.025454120581,20397822.697218105,401.7732541169308,312.79221710786896
-0.5357142857142858,0.9899999999999999,0.015,268.7353839232451,-3.133013593813412,2.3821700528266385,0.0,262647.8980444487,6289.0254540921,20397823.88526878,401.7732593499396,312.7922191448941
-0.5357142857142858,1.01,-0.005,268.73434211660606,-1.2145813497015939e-05,9.235004034780413e-06,0.0,262647.5674230757,6289.04464098921,20398320.660677824,401.78460186993885,312.7966343553132
-0.5357142857142858,1.01,0.005,268.733300309967,3.133013593813377,-2.3821700528266123,0.0,262647.2367991393,6289.025273052431,20397614.377709426,401.7722478112226,312.79182538842593
-0.5357142857142858,1.01,0.015,268.73434211660606,-1.2145813497015939e-05,9.235004034780413e-06,0.0,262647.5674230757,6289.04464098921,20398320.660677824,401.78460186993885,312.7966343553132
-0.4642857142857144,-0.01,-0.005,269.3628772839289,5.823732343563036,0.0,0.0,262834.18567890034,6289.025445105012,20459235.19978647,402.0441394223058,312.8976454026849
-0.4642857142857144,-0.01,0.005,269.362877283929,5.823732343563036,0.020448781968463794,0.0,262834.18567890034,6289.025444584979,20459235.18351074,402.0441391024717,312.8976452782267
-0.4642857142857144,-0.01,0.015,269.3628772839289,5.823732343563036,0.0,0.0,262834.18567890034,6289.025445105012,20459235.19978647,402.0441394223058,312.8976454026849
-0.4642857142857144,0.01,-0.005,269.3628772839289,5.823732343563036,-0.020448781968463794,0.0,262834.18567890034,6289.025444584979,20459235.18351074,402.0441391024717,312.8976452782267
-0.4642857142857144,0.01,0.005,269.3628772839289,5.823728931779388,-0.0204466214032259,0.0,262834.1891839572,6289.0254445912615,20459236.40673087,402.04414449478816,312.8976473765574
-0.4642857142857144,0.01,0.015,269.3628772839289,5.823732343563036,-0.020448781968463794,0.0,262834.18567890034,6289.025444584979,20459235.18351074,402.0441391024717,312.8976452782267
-0.4642857142857144,0.03,-0.005,269.3614837329881,5.815294402121293,-0.0612167670654297,0.0,262833.7445362673,6289.02544267324,20459098.693919457,402.04353683670587,312.8974109163841
-0.4642857142857144,0.03,0.005,269.3614837329881,5.815291132574812,-0.06121037188469671,0.0,262833.7480255732,6289.025442679561,20459099.911483765,402.0435422041492,312.8974130050374
-0.4642857142857144,0.03,0.015,269.3614837329881,5.815294402121293,-0.0612167670654297,0.0,262833.7445362673,6289.02544267324,20459098.693919457,402.04353683670587,312.8974109163841
-0.4642857142857144,0.05,-0.005,269.3587037589709,5.798514184754052,-0.1015905827484713,0.0,262832.86503327574,6289.025439007559,20458826.413868934,402.0423354514491,312.89694341649573
-0.4642857142857144,0.05,0.005,269.3587037589709,5.798511198930198,-0.10157996393595478,0.0,262832.868503381,6289.025439013967,20458827.624392815,402.042340787971,312.8969454931195
-0.4642857142857144,0.05,0.015,269.3587037589709,5.798514184754052,-0.1015905827484713,0.0,262832.86503327574,6289.025439007559,20458826.413868934,402.0423354514491,312.89694341649573
-0.4642857142857144,0.07,-0.005,269.35455092297804,5.77343848211094,-0.14130895190287365,0.0,262831.5515633493,6289.025433504447,20458419.671796396,402.0405407414231,312.89624503244676
-0.4642857142857144,0.07,0.005,269.35455092297804,5.773435918239331,-0.1412941698061537,0.0,262831.555004609,6289.025433510989,20458420.87175094,402.0405460315224,312.8962470910106
-0.4642857142857144,0.07,0.015,269.35455092297804,5.77343848211094,-0.14130895190287365,0.0,262831.5515633493,6289.025433504447,20458419.671796396,402.0405407414231,312.89624503244676
-0.4642857142857144,0.09,-0.005,269.3490457661379,5.740093775220505,-0.18011146813693835,0.0,262829.8106157593,6289.025426309694,20457880.48512169,402.03816163769227,312.895319238093
-0.4642857142857144,0.09,0.005,269.3490457661379,5.740091767172076,-0.18009260653297865,0.0,262829.8140184884,6289.025426316413,20457881.670971993,402.0381668658395,312.89532127255507
-0.4642857142857144,0.09,0.015,269.3490457661379,5.740093775220505,-0.18011146813693835,0.0,262829.8106157593,6289.025426309694,20457880.48512169,402.03816163769227,312.895319238093
-0.4642857142857144,0.11,-0.005,269.34221555099685,5.698507284205748,-0.21773885572038232,0.0,262827.6507554416,6289.025417608558,20457211.53108363,402.0352099892871,312.89417064232117
-0.4642857142857144,0.11,0.005,269.34221555099685,5.698505960097644,-0.21771602113152416,0.0,262827.65410990187,6289.025417615495,20457212.69928684,402.03521513991427,312.8941726466247
-0.4642857142857144,0.11,0.015,269.34221555099685,5.698507284205748,-0.21773885572038232,0.0,262827.6507554416,6289.025417608558,20457211.53108363,402.0352099892871,312.89417064232117
-0.4642857142857144,0.13,-0.005,269.3340940679844,5.648709983425042,-0.2539332069487053,0.0,262825.0825791463,6289.025407607562,20456416.127161976,402.0317004691231,312.89280495248823
-0.4642857142857144,0.13,0.005,269.3340940679844,5.648709464311366,-0.25390652776508954,0.0,262825.08587554126,6289.025407614756,20456417.27416768,402.0317055266257,312.89280692056207
-0.4642857142857144,0.13,0.015,269.3340940679844,5.648709983425042,-0.2539332069487053,0.0,262825.0825791463,6289.025407607562,20456416.127161976,402.0317004691231,312.89280495248823
-0.4642857142857144,0.15,-0.005,269.32472138026304,5.590738069441109,-0.2884383236952144,0.0,262822.1186521705,6289.025396533495,20455498.205995224,402.0276504640677,312.891228931702
-0.4642857142857144,0.15,0.005,269.32472138026304,5.590738468079991,-0.2884079491238596,0.0,262822.12188064423,6289.025396540986,20455499.328247294,402.02765541281144,312.8912308574632
-0.4642857142857144,0.15,0.015,269.32472138026304,5.590738069441109,-0.2884383236952144,0.0,262822.1186521705,6289.025396533495,20455498.205995224,402.0276504640677,312.891228931702
-0.4642857142857144,0.17,-0.005,269.3141435706514,5.524633557202475,-0.321000090632033,0.0,262818.7734400564,6289.025384631066,20454462.290448308,402.02307996516976,312.8894503561739
-0.4642857142857144,0.17,0.005,269.3141435706514,5.524634976913303,-0.3209661894852362,0.0,262818.7765906984,6289.02538463889,20454463.384388488,402.023084789506,312.88945223353363
-0.4642857142857144,0.17,0.015,269.3141435706514,5.524633557202475,-0.321000090632033,0.0,262818.7734400564,6289.025384631066,20454462.290448308,402.02307996516976,312.8894503561739
-0.4642857142857144,0.19,-0.005,269.30241244840204,5.450443493700408,-0.351366697093287,0.0,262815.06321958615,6289.025372156472,20453313.464613877,402.0180114381532,312.88747796489844
-0.4642857142857144,0.19,0.005,269.30241244840204,5.450446027334004,-0.3513294564319473,0.0,262815.06628244265,6289.025372164662,20453314.526687287,402.0180161224428,312.88747978777144
-0.4642857142857144,0.19,0.015,269.30241244840204,5.450443493700408,-0.351366697093287,0.0,262815.06321958615,6289.025372156472,20453313.464613877,402.0180114381532,312.88747796489844
-0.4642857142857144,0.21,-0.005,269.28958521926023,5.368219993495444,-0.3792889442152362,0.0,262811.00598466693,6289.025359372061,20452057.341246556,402.01246967881366,312.885321403464
-0.4642857142857144,0.21,0.005,269.28958521926023,5.368223722521495,-0.3792485678622081,0.0,262811.00894975883,6289.025359380652,20452058.36790926,402.0124742074601,312.8853231657812
-0.4642857142857144,0.21,0.015,269.28958521926023,5.368219993495444,-0.3792889442152362,0.0,262811.00598466693,6289.025359372061,20452057.341246556,402.01246967881366,312.885321403464
-0.4642857142857144,0.23,-0.005,269.2757241245495,5.2780204405488735,-0.40452059539572893,0.0,262806.6213444811,6289.025346541196,20450700.02616697,402.0064816552209,312.8829911627321
-0.4642857142857144,0.23,0.005,269.2757241245495,5.27802543426021,-0.40447730233505014,0.0,262806.62420182826,6289.0253465502155,20450701.01389557,402.00648601271166,312.8829928584569
-0.4642857142857144,0.23,0.015,269.2757241245495,5.2780204405488735,-0.40452059539572893,0.0,262806.6213444811,6289.025346541196,20450700.02616697,402.0064816552209,312.8829911627321
-0.4642857142857144,0.25,-0.005,269.260896054524,5.17990747657476,-0.426818709417714,0.0,262801.9304131275,6289.025333923075,20449248.08014305,402.0000763388132,312.8804985131958
-0.4642857142857144,0.25,0.005,269.260896054524,5.179913791425669,-0.4267727320996189,0.0,262801.9331527805,6289.02533393255,20449249.02544643,402.00008050977146,312.8805001363441
-0.4642857142857144,0.25,0.015,269.260896054524,5.17990747657476,-0.426818709417714,0.0,262801.9304131275,6289.025333923075,20449248.08014305,402.0000763388132,312.8804985131958
-0.4642857142857144,0.27,-0.005,269.2451721282439,5.073949083843805,-0.445944009035248,0.0,262796.9556914918,6289.025321770638,20447708.477591246,401.99328452295117,312.8778554344584
-0.4642857142857144,0.27,0.005,269.2451721282439,5.073956762923058,-0.44589559160505066,0.0,262796.9583035702,6289.025321780594,20447709.377024416,401.9932884921967,312.8778569791223
-0.4642857142857144,0.27,0.015,269.2451721282439,5.073949083843805,-0.445944009035248,0.0,262796.9556914918,6289.025321770638,20447708.477591246,401.99328452295117,312.8778554344584
-0.4642857142857144,0.29,-0.005,269.22862725845766,4.960218245581338,-0.4616611832724554,0.0,262791.72094170353,6289.025310326311,20446088.563744437,401.98613863363875,312.87507454166075
-0.4642857142857144,0.29,0.005,269.22862725845766,4.960227318225837,-0.4616105797429783,0.0,262791.7234164417,6289.02531033677,20446089.413924366,401.9861423862579,312.8750760020357
-0.4642857142857144,0.29,0.015,269.22862725845766,4.960218245581338,-0.4616611832724554,0.0,262791.72094170353,6289.025310326311,20446088.563744437,401.98613863363875,312.87507454166075
-0.4642857142857144,0.31,-0.005,269.21133970068655,4.838793531319576,-0.4737394000069966,0.0,262786.25106070034,6289.025299815086,20444396.01019535,401.9786725317538,312.8721690086015
-0.4642857142857144,0.31,0.005,269.21133970068655,4.838804012859555,-0.47368687239156543,0.0,262786.2533884981,6289.025299826069,20444396.807818662,401.9786760531768,312.87217037901655
-0.4642857142857144,0.31,0.015,269.21133970068655,4.838793531319576,-0.4737394000069966,0.0,262786.25106070034,6289.025299815086,20444396.01019535,401.9786725317538,312.8721690086015
-0.4642857142857144,0.33,-0.005,269.19339058671693,4.709758401721485,-0.48195254815598293,0.0,262780.5719451406,6289.025290444002,20442638.769120123,401.9709213124072,312.86915248973366
-0.4642857142857144,0.33,0.005,269.19339058671693,4.709770293374935,-0.4818983645850297,0.0,262780.57411662117,6289.025290455528,20442639.51098248,401.9709245884944,312.8691537646848
-0.4642857142857144,0.33,0.015,269.19339058671693,4.709758401721485,-0.48195254815598293,0.0,262780.5719451406,6289.025290444002,20442638.769120123,401.9709213124072,312.86915248973366
-0.4642857142857144,0.35,-0.005,269.17486344945775,4.57320126432358,-0.4860796499953058,0.0,262774.7103572836,6289.025282400781,20440825.026639286,401.96292109997984,312.8660390404723
-0.4642857142857144,0.35,0.005,269.17486344945775,4.573214553220578,-0.48602408283162707,0.0,262774.71236335544,6289.0252824128665,20440825.70965621,401.9629241171134,312.8660402146585
-0.4642857142857144,0.35,0.015,269.17486344945775,4.57320126432358,-0.4860796499953058,0.0,262774.7103572836,6289.025282400781,20440825.026639286,401.96292109997984,312.8660390404723
-0.4642857142857144,0.37,-0.005,269.1558437502348,4.429216037000132,-0.4859054253062341,0.0,262768.69379281485,6289.025275850769,20438963.156373896,401.9547088430504,312.8628430374513
-0.4642857142857144,0.37,0.005,269.1558437502348,4.429230696337609,-0.4858487492781634,0.0,262768.6956247384,6289.025275863426,20438963.77760276,401.9547115882317,312.862844105812
-0.4642857142857144,0.37,0.015,269.1558437502348,4.429216037000132,-0.4859054253062341,0.0,262768.69379281485,6289.025275850769,20438963.156373896,401.9547088430504,312.8628430374513
-0.4642857142857144,0.39,-0.005,269.13641838247503,4.277901744472868,-0.48122062318941905,0.0,262762.5503369643,6289.02527093415,20437061.67071154,401.9463220991985,312.8595790948296
-0.4642857142857144,0.39,0.005,269.13641838247503,4.277917733793109,-0.4811631135581782,0.0,262762.5519864217,6289.025270947392,20437062.227374464,401.9463245601495,312.8595800525845
-0.4642857142857144,0.39,0.015,269.13641838247503,4.277901744472868,-0.48122062318941905,0.0,262762.5503369643,6289.02527093415,20437061.67071154,401.9463220991985,312.8595790948296
-0.4642857142857144,0.41,-0.005,269.1166751933812,4.119361946899536,-0.471822298972079,0.0,262756.30852725025,6289.02526776922,20435129.174034897,401.93779883114985,312.85626198500177
-0.4642857142857144,0.41,0.005,269.1166751933812,4.119379212493639,-0.47176422975137366,0.0,262756.30998641753,6289.025267783059,20435129.663542204,401.9378009964173,312.85626282769124
-0.4642857142857144,0.41,0.015,269.1166751933812,4.119361946899536,-0.471822298972079,0.0,262756.30852725025,6289.02526776922,20435129.174034897,401.93779883114985,312.85626198500177
-0.4642857142857144,0.43,-0.005,269.09670250999903,3.9537045330006713,-0.45751418053231074,0.0,262749.9972180309,6289.025266453342,20433174.31632175,401.9291772032614,312.85290655942856
-0.4642857142857144,0.43,0.005,269.09670250999903,3.95372300842231,-0.4574558227728902,0.0,262749.99847965187,6289.025266467787,20433174.736295644,401.92917906232174,312.85290728295456
-0.4642857142857144,0.43,0.015,269.09670250999903,3.9537045330006713,-0.45751418053231074,0.0,262749.9972180309,6289.025266453342,20433174.31632175,401.9291772032614,312.85290655942856
-0.4642857142857144,0.45,-0.005,269.0765886853098,3.781044037748966,-0.43810789947926515,0.0,262743.64545661985,6289.025267054801,20431205.74843437,401.9204953809025,312.8495276705834
-0.4642857142857144,0.45,0.005,269.0765886853098,3.781063644409036,-0.4380495196248507,0.0,262743.646514079,6289.02526706986,20431206.096732434,401.9204969242657,312.84952827125005
-0.4642857142857144,0.45,0.015,269.0765886853098,3.781044037748966,-0.43810789947926515,0.0,262743.64545661985,6289.025267054801,20431205.74843437,401.9204953809025,312.8495276705834
-0.4642857142857144,0.47,-0.005,269.0564216251293,3.601499515659957,-0.4134227638092211,0.0,262737.28234327555,6289.025269627379,20429232.076255124,401.9117913353773,312.84614009604377
-0.4642857142857144,0.47,0.005,269.0564216251293,3.6015201635454086,-0.41336462215355374,0.0,262737.2831906716,6289.025269643062,20429232.35099338,401.91179255469024,312.8461405705973
-0.4642857142857144,0.47,0.015,269.0564216251293,3.601499515659957,-0.4134227638092211,0.0,262737.28234327555,6289.025269627379,20429232.076255124,401.9117913353773,312.84614009604377
-0.4642857142857144,0.49,-0.005,269.0362883497104,3.4151940964801337,-0.38328606019822337,0.0,262730.9369033072,6289.025274212201,20427261.817834627,401.9031026558425,312.8427584652921
-0.4642857142857144,0.49,0.005,269.0362883497104,3.4152156849429924,-0.3832284094382749,0.0,262730.9375355234,6289.025274228514,20427262.017409675,401.9031035439869,312.8427588109594
-0.4642857142857144,0.49,0.015,269.0362883497104,3.4151940964801337,-0.38328606019822337,0.0,262730.9369033072,6289.025274212201,20427261.817834627,401.9031026558425,312.8427584652921
-0.4642857142857144,0.51,-0.005,269.01627457433835,3.222256048417604,-0.34753393608281785,0.0,262724.63796455617,6289.025280827663,20425303.362040766,401.8944663619591,312.83939718679227
-0.4642857142857144,0.51,0.005,269.01627457433835,3.222278467011822,-0.3474770199709446,0.0,262724.638377328,6289.025280844612,20425303.48515077,401.8944669131454,312.83939740131717
-0.4642857142857144,0.51,0.015,269.01627457433835,3.222256048417604,-0.34753393608281785,0.0,262724.63796455617,6289.025280827663,20425303.362040766,401.8944663619591,312.83939718679227
-0.4642857142857144,0.53,-0.005,268.9964643179626,3.022818988412994,-0.3060119854390767,0.0,262718.41404708894,6289.0252894822,20423364.93067836,401.88591874254575,312.8360703851731
-0.4642857142857144,0.53,0.005,268.9964643179626,3.0228421178117135,-0.30595603755771783,0.0,262718.41423706774,6289.025289499792,20423364.976342462,401.8859189523992,312.8360704668502
-0.4642857142857144,0.53,0.015,268.9964643179626,3.022818988412994,-0.3060119854390767,0.0,262718.41404708894,6289.0252894822,20423364.93067836,401.88591874254575,312.8360703851731
-0.4642857142857144,0.55,-0.005,268.9769395131899,2.8170203932853024,-0.2585751184834619,0.0,262712.29324403015,6289.0253001797555,20421454.540526673,401.8774951902071,312.8327918368364
-0.4642857142857144,0.55,0.005,268.9769395131899,2.8170441062574483,-0.25852036114437693,0.0,262712.2932088411,6289.025300197996,20421454.508102555,401.8774950558465,312.83279178454137
-0.4642857142857144,0.55,0.015,268.9769395131899,2.8170203932853024,-0.2585751184834619,0.0,262712.29324403015,6289.0253001797555,20421454.540526673,401.8774951902071,312.8327918368364
-0.4642857142857144,0.57,-0.005,268.9577796557832,2.605003385770179,-0.20508881073158708,0.0,262706.3031198613,6289.025312916741,20419579.96898834,401.86923004765623,312.82957491010586
-0.4642857142857144,0.57,0.005,268.9577796557832,2.6050275481625826,-0.2050354539843267,0.0,262706.30285815586,6289.025312935641,20419579.858187642,401.86922956776294,312.8295747233227
-0.4642857142857144,0.57,0.015,268.9577796557832,2.605003385770179,-0.20508881073158708,0.0,262706.3031198613,6289.025312916741,20419579.96898834,401.86923004765623,312.82957491010586
-0.4642857142857144,0.59,-0.005,268.9390614625934,2.3869153702035346,-0.14542902007481498,0.0,262700.470604851,6289.025327691727,20417748.720972054,401.861156465406,312.8264325097928
-0.4642857142857144,0.59,0.005,268.9390614625934,2.386939841972822,-0.1453772608494161,0.0,262700.47011635196,6289.025327711288,20417748.531873353,401.8611556402821,312.8264321886364
-0.4642857142857144,0.59,0.015,268.9390614625934,2.3869153702035346,-0.14542902007481498,0.0,262700.470604851,6289.025327691727,20417748.720972054,401.861156465406,312.8264325097928
-0.4642857142857144,0.61,-0.005,268.92085858599756,2.1629086827468704,-0.07948297052734728,0.0,262694.8219075359,6289.025344507604,20415968.001078643,401.85330627913567,312.82337702941226
-0.4642857142857144,0.61,0.005,268.92085858599756,2.1629333190024473,-0.07943299189960717,0.0,262694.82119307475,6289.025344527833,20415967.734137844,401.85330511075045,312.8233765746465
-0.4642857142857144,0.61,0.015,268.92085858599756,2.1629086827468704,-0.07948297052734728,0.0,262694.8219075359,6289.025344507604,20415968.001078643,401.85330627913567,312.82337702941226
-0.4642857142857144,0.63,-0.005,268.9032413249522,1.9331392415707818,-0.007148983197326644,0.0,262689.38242117147,6289.025363376441,20414244.685547438,401.84570988717263,312.8204203034375
-0.4642857142857144,0.63,0.005,268.9032413249522,1.9331638936295834,-0.007100953780453671,0.0,262689.38148271816,6289.025363397348,20414244.341605294,401.84570837919705,312.82041971648886
-0.4642857142857144,0.63,0.015,268.9032413249522,1.9331392415707818,-0.007148983197326644,0.0,262689.38242117147,6289.025363376441,20414244.685547438,401.84570988717263,312.8204203034375
-0.4642857142857144,0.65,-0.005,268.886276406831,1.697769152643231,0.07166177853927043,0.0,262684.1766528509,6289.025384312664,20412585.30077052,401.8383961512982,312.81757356862846
-0.4642857142857144,0.65,0.005,268.886276406831,1.6977936690651216,0.07170770508956106,0.0,262684.17549353355,6289.025384334254,20412584.881057166,401.83839430912496,312.81757285159375
-0.4642857142857144,0.65,0.015,268.886276406831,1.697769152643231,0.07166177853927043,0.0,262684.1766528509,6289.025384312664,20412585.30077052,401.8383961512982,312.81757356862846
-0.4642857142857144,0.67,-0.005,268.8700267296557,1.4569653489919452,0.1570254685685324,0.0,262679.2281306289,6289.025407327187,20410995.997965746,401.8313922809946,312.81484741891035
-0.4642857142857144,0.67,0.005,268.8700267296557,1.4569895766083485,0.1570691539290039,0.0,262679.22675474576,6289.025407349471,20410995.504102204,401.8313901117462,312.81484657455974
-0.4642857142857144,0.67,0.015,268.8700267296557,1.4569653489919452,0.1570254685685324,0.0,262679.2281306289,6289.025407327187,20410995.997965746,401.8313922809946,312.81484741891035
-0.4642857142857144,0.69,-0.005,268.8545512246558,1.2109012755303015,0.24900417037190253,0.0,262674.5593447889,6289.025432412135,20409482.53933349,401.82472376384163,312.8122517782133
-0.4642857142857144,0.69,0.005,268.8545512246558,1.2109250604504906,0.2490454918142447,0.0,262674.5577578099,6289.025432435118,20409481.97333001,401.82472127636333,312.81225080998803
-0.4642857142857144,0.69,0.015,268.8545512246558,1.2109012755303015,0.24900417037190253,0.0,262674.5593447889,6289.025432412135,20409482.53933349,401.82472376384163,312.8122517782133
-0.4642857142857144,0.71,-0.005,268.8399046835574,0.959754191825198,0.3476469226092085,0.0,262670.19168818014,6289.0254595680335,20408050.282089118,401.8184143067755,312.809795877539
-0.4642857142857144,0.71,0.005,268.8399046835574,0.9597773804613828,0.34768577312845883,0.0,262670.1898967393,6289.025459591726,20408049.646340415,401.81841151161456,312.80979478954293
-0.4642857142857144,0.71,0.015,268.8399046835574,0.959754191825198,0.3476469226092085,0.0,262670.19168818014,6289.0254595680335,20408050.282089118,401.8184143067755,312.809795877539
-0.4642857142857144,0.73,-0.005,268.8261377593676,0.703710081296088,0.4529867048650779,0.0,262666.1454326259,6289.025488782057,20406704.177943267,401.81248582220235,312.8074882494867
-0.4642857142857144,0.73,0.005,268.8261377593676,0.7037325213869909,0.45302299319029316,0.0,262666.143444505,6289.025488806466,20406703.475220874,401.812482731574,312.80748704647317
-0.4642857142857144,0.73,0.015,268.8261377593676,0.703710081296088,0.4529867048650779,0.0,262666.1454326259,6289.025488782057,20406704.177943267,401.81248582220235,312.8074882494867
-0.4642857142857144,0.75,-0.005,268.81329692484906,0.44296554081332656,0.5650391134313403,0.0,262662.4396847248,6289.025520012904,20405448.76864782,401.80695839994246,312.805336717266
-0.4642857142857144,0.75,0.005,268.81329692484906,0.44298708243677987,0.5650727639194689,0.0,262662.4375088258,6289.025520038033,20405448.002088822,401.80695502768054,312.8053354046188
-0.4642857142857144,0.75,0.015,268.81329692484906,0.44296554081332656,0.5650391134313403,0.0,262662.4396847248,6289.025520012904,20405448.76864782,401.80695839994246,312.805336717266
-0.4642857142857144,0.77,-0.005,268.8014242158427,0.1777127245060972,0.6838107038857056,0.0,262659.09197512205,6289.025552420198,20404288.13690461,401.80184972189545,312.80334816679084
-0.4642857142857144,0.77,0.005,268.8014242158427,0.17773322081263293,0.6838416564798024,0.0,262659.0896214348,6289.025552446056,20404287.309998445,401.8018460833957,312.803346750502
-0.4642857142857144,0.77,0.015,268.8014242158427,0.1777127245060972,0.6838107038857056,0.0,262659.09197512205,6289.025552420198,20404288.13690461,401.80184972189545,312.80334816679084
-0.4642857142857144,0.79,-0.005,268.7905630306631,-0.0918683781317333,0.8093081642709665,0.0,262656.1169633994,6289.025577065212,20403226.246056378,401.7971730801617,312.80152777515974
-0.4642857142857144,0.79,0.005,268.7905630306631,-0.09184907082642944,0.8093363747472514,0.0,262656.11444287206,6289.025577091536,20403225.36262764,401.79716919217674,312.8015262617498
-0.4642857142857144,0.79,0.015,268.7905630306631,-0.0918683781317333,0.8093081642709665,0.0,262656.1169633994,6289.025577065212,20403226.246056378,401.7971730801617,312.80152777515974
-0.4642857142857144,0.81,-0.005,268.7807390191939,-0.36553548553016013,0.9414761575528222,0.0,262653.53350999753,6289.025608136466,20402266.044850077,401.79294831315804,312.7998832675131
-0.4642857142857144,0.81,0.005,268.7807390191939,-0.3655175057563109,0.9415015958139837,0.0,262653.53083488496,6289.025608163579,20402265.10908615,401.7929441943262,312.7998816642369
-0.4642857142857144,0.81,0.015,268.7807390191939,-0.36553548553016013,0.9414761575528222,0.0,262653.53350999753,6289.025608136466,20402266.044850077,401.79294831315804,312.7998832675131
-0.4642857142857144,0.83,-0.005,268.77197095710517,-0.6430662701793828,1.0802750020777998,0.0,262651.3545402022,6289.025650081525,20401409.50567801,401.7891862999043,312.7984188813583
-0.4642857142857144,0.83,0.005,268.77197095710517,-0.6430497501327707,1.0802976527923178,0.0,262651.35172340897,6289.025650109387,20401408.52200245,401.7891819697397,312.79841719581196
-0.4642857142857144,0.83,0.015,268.77197095710517,-0.6430662701793828,1.0802750020777998,0.0,262651.3545402022,6289.025650081525,20401409.50567801,401.7891862999043,312.7984188813583
-0.4642857142857144,0.85,-0.005,268.7642841981526,-0.9242323544054808,1.2256379805930038,0.0,262649.59010306373,6289.025695890576,20400658.88723976,401.7858937162091,312.7971372178405
-0.4642857142857144,0.85,0.005,268.7642841981526,-0.9242174205083212,1.2256578428122265,0.0,262649.5871583431,6289.025695919204,20400657.860335536,401.78588919540215,312.79713545807806
-0.4642857142857144,0.85,0.015,268.7642841981526,-0.9242323544054808,1.2256379805930038,0.0,262649.59010306373,6289.025695890576,20400658.88723976,401.7858937162091,312.7971372178405
-0.4642857142857144,0.87,-0.005,268.7576978179335,-1.2087980883466025,1.3774801899266342,0.0,262648.25003666495,6289.025742839686,20400015.96805201,401.78307715682337,312.7960408462774
-0.4642857142857144,0.87,0.005,268.7576978179335,-1.2087848606610694,1.3774972765520377,0.0,262648.2469785526,6289.025742869066,20400014.902847122,401.7830724671368,312.7960390207707
-0.4642857142857144,0.87,0.015,268.7576978179335,-1.2087980883466025,1.3774801899266342,0.0,262648.25003666495,6289.025742839686,20400015.96805201,401.78307715682337,312.7960408462774
-0.4642857142857144,0.89,-0.005,268.75222576002903,-1.4965257216451855,1.535701308899902,0.0,262647.34323487093,6289.0257899238795,20399482.07852423,401.7807420523948,312.7951318825567
-0.4642857142857144,0.89,0.005,268.75222576002903,-1.4965143130046665,1.5357156460400303,0.0,262647.34007859346,6289.025789953977,20399480.980158657,401.78073721652186,312.79513000014003
-0.4642857142857144,0.89,0.015,268.75222576002903,-1.4965257216451855,1.535701308899902,0.0,262647.34323487093,6289.0257899238795,20399482.07852423,401.7807420523948,312.7951318825567
-0.4642857142857144,0.91,-0.005,268.74787733425643,-1.7871768846952472,1.7001865338868754,0.0,262646.8773983546,6289.025836949359,20399058.121401973,401.7788923263787,312.7944118555637
-0.4642857142857144,0.91,0.005,268.74787733425643,-1.787167400067104,1.7001981602208383,0.0,262646.8741597408,6289.025836980126,20399056.995196477,401.7788873678073,312.7944099253808
-0.4642857142857144,0.91,0.015,268.74787733425643,-1.7871768846952472,1.7001865338868754,0.0,262646.8773983546,6289.025836949359,20399058.121401973,401.7788923263787,312.7944118555637
-0.4642857142857144,0.93,-0.005,268.7446577088874,-2.080513105047965,1.8708072914632279,0.0,262646.85884168907,6289.025883768627,20398744.596079998,401.7775301373263,312.7938816068463
-0.4642857142857144,0.93,0.005,268.7446577088874,-2.080505641047303,1.8708162576153695,0.0,262646.8555370749,6289.025883800005,20398743.44750313,401.77752508019466,312.7938796382944
-0.4642857142857144,0.93,0.015,268.7446577088874,-2.080513105047965,1.8708072914632279,0.0,262646.85884168907,6289.025883768627,20398744.596079998,401.7775301373263,312.7938816068463
-0.4642857142857144,0.9500000000000001,-0.005,268.7425680166635,-2.376293759459068,2.0474202366712633,0.0,262647.2924289963,6289.025930128327,20398541.60424114,401.7766558309894,312.7935412719581
-0.4642857142857144,0.9500000000000001,0.005,268.7425680166635,-2.3762884040185916,2.0474266046139364,0.0,262647.2890751272,6289.02593016024,20398540.438876208,401.7766506999378,312.7935392746298
-0.4642857142857144,0.9500000000000001,0.015,268.7425680166635,-2.376293759459068,2.0474202366712633,0.0,262647.2924289963,6289.025930128327,20398541.60424114,401.7766558309894,312.7935412719581
-0.4642857142857144,0.9700000000000001,-0.005,268.7416054510203,-2.6742778538700582,2.2298691547759737,0.0,262648.18165774265,6289.025975864071,20398448.865358178,401.7762681015574,312.793390343215
-0.4642857142857144,0.9700000000000001,0.005,268.7416054510203,-2.6742746859905164,2.2298729972133686,0.0,262648.1782716781,6289.025975896433,20398447.68887095,401.7762629215844,312.7933883268424
-0.4642857142857144,0.9700000000000001,0.015,268.7416054510203,-2.6742778538700582,2.2298691547759737,0.0,262648.18165774265,6289.025975864071,20398448.865358178,401.7762681015574,312.793390343215
-0.4642857142857144,0.9900000000000001,-0.005,268.7417855483424,-2.974606161606524,2.4183194592314616,0.0,262649.53676556924,6289.0260206229095,20398467.89026254,401.77637345784194,312.7934313545314
-0.4642857142857144,0.9900000000000001,0.005,268.7417855483424,-2.9746052418951625,2.418320884546989,0.0,262649.5333584167,6289.02602065554,20398466.70622748,401.7763682446692,312.7934293252356
-0.4642857142857144,0.9900000000000001,0.015,268.7417855483424,-2.974606161606524,2.4183194592314616,0.0,262649.53676556924,6289.0260206229095,20398467.89026254,401.77637345784194,312.7934313545314
-0.4642857142857144,1.01,-0.005,268.7407012570002,-1.2001505845537806e-05,9.757081626745488e-06,0.0,262649.1902976824,6289.044209741966,20398929.39268644,401.78708445919,312.79760072430685
-0.4642857142857144,1.01,0.005,268.73961696565794,2.9746061616065567,-2.4183194592314883,0.0,262648.8438269999,6289.025820387001,20398249.471821655,401.7753134364226,312.793018727038
-0.4642857142857144,1.01,0.015,268.7407012570002,-1.2001505845537806e-05,9.757081626745488e-06,0.0,262649.1902976824,6289.044209741966,20398929.39268644,401.78708445919,312.79760072430685
-0.3928571428571428,-0.01,-0.005,269.37042276884256,5.952811699856277,0.0,0.0,262837.49823777494,6289.026501660448,20460007.0414235,402.04804411108455,312.8991648440081
-0.3928571428571428,-0.01,0.005,269.37042276884256,5.952811699856277,0.022386135981099207,0.0,262837.49823777494,6289.026501037214,20460007.02191715,402.04804372777625,312.89916469485075
-0.3928571428571428,-0.01,0.015,269.37042276884256,5.952811699856277,0.0,0.0,262837.49823777494,6289.026501660448,20460007.0414235,402.04804411108455,312.8991648440081
-0.3928571428571428,0.01,-0.005,269.37042276884256,5.952811699856277,-0.022386135981099207,0.0,262837.49823777494,6289.026501037214,20460007.02191715,402.04804372777625,312.89916469485075
-0.3928571428571428,0.01,0.005,269.37042276884256,5.952808979088856,-0.02238398204623797,0.0,262837.5016618011,6289.026501045651,20460008.215529107,402.0480489905235,312.89916674275185
-0.3928571428571428,0.01,0.015,269.37042276884256,5.952811699856277,-0.022386135981099207,0.0,262837.49823777494,6289.026501037214,20460007.02191715,402.04804372777625,312.89916469485075
-0.3928571428571428,0.03,-0.005,269.369036149719,5.9444524530442395,-0.06702476129946026,0.0,262837.05908763036,6289.026499926681,20459871.234409235,402.0474449543323,312.89893169311983
-0.3928571428571428,0.03,0.005,269.369036149719,5.944449879189888,-0.06701838390828212,0.0,262837.06249686674,6289.026499935157,20459872.422695972,402.04745019366425,312.89893373191074
-0.3928571428571428,0.03,0.015,269.369036149719,5.9444524530442395,-0.06702476129946026,0.0,262837.05908763036,6289.026499926681,20459871.234409235,402.0474449543323,312.89893169311983
-0.3928571428571428,0.05,-0.005,269.3662700105735,5.927819513773798,-0.11125693852680299,0.0,262836.1834825768,6289.026497808125,20459600.35409961,402.0462505078508,312.89846689560613
-0.3928571428571428,0.05,0.005,269.3662700105735,5.927817232956786,-0.1112463493223944,0.0,262836.18687418755,6289.026497816695,20459601.53588663,402.0462557186454,312.8984689232953
-0.3928571428571428,0.05,0.015,269.3662700105735,5.927819513773798,-0.11125693852680299,0.0,262836.1834825768,6289.026497808125,20459600.35409961,402.0462505078508,312.89846689560613
-0.3928571428571428,0.07,-0.005,269.36213762165715,5.902959437329656,-0.15481310988198912,0.0,262834.87569717027,6289.0264945402005,20459195.6790826,402.0444660217776,312.897772493438
-0.3928571428571428,0.07,0.005,269.36213762165715,5.902957592328754,-0.15479836914108608,0.0,262834.8790622834,6289.0264945489125,20459196.85110629,402.04447118970404,312.89777450445024
-0.3928571428571428,0.07,0.015,269.36213762165715,5.902959437329656,-0.15481310988198912,0.0,262834.87569717027,6289.0264945402005,20459195.6790826,402.0444660217776,312.897772493438
-0.3928571428571428,0.09,-0.005,269.35665907315956,5.869897894789159,-0.19742452528630652,0.0,262833.14205241523,6289.026490236442,20458659.1816257,402.0421002128668,312.896851877076
-0.3928571428571428,0.09,0.005,269.35665907315956,5.86989662384454,-0.19740571668504214,0.0,262833.1453821001,6289.026490245343,20458660.340610214,402.0421053235382,312.89685386581425
-0.3928571428571428,0.09,0.015,269.35665907315956,5.869897894789159,-0.19742452528630652,0.0,262833.14205241523,6289.026490236442,20458659.1816257,402.0421002128668,312.896851877076
-0.3928571428571428,0.10999999999999999,-0.005,269.349861041086,5.828660823606316,-0.23882349253022897,0.0,262830.9908966942,6289.026485052537,20457993.480626952,402.0391646589887,312.8957095498879
-0.3928571428571428,0.10999999999999999,0.005,269.349861041086,5.828660258977569,-0.2388007224590735,0.0,262830.99418194266,6289.026485061671,20457994.623280294,402.0391696979439,312.8957115107261
-0.3928571428571428,0.10999999999999999,0.015,269.349861041086,5.828660823606316,-0.23882349253022897,0.0,262830.9908966942,6289.026485052537,20457993.480626952,402.0391646589887,312.8957095498879
-0.3928571428571428,0.13,-0.005,269.34177660517923,5.77927745853263,-0.2787435837800696,0.0,262828.4325616099,6289.02647915718,20457201.82281776,402.03567370325334,312.89435109088816
-0.3928571428571428,0.13,0.005,269.34177660517923,5.779277725138587,-0.27871698046522564,0.0,262828.43579332536,6289.02647916659,20457202.945830185,402.03567865595005,312.8943530181684
-0.3928571428571428,0.13,0.015,269.34177660517923,5.77927745853263,-0.2787435837800696,0.0,262828.4325616099,6289.02647915718,20457201.82281776,402.03567370325334,312.89435109088816
-0.3928571428571428,0.15,-0.005,269.332445005041,5.721782016893336,-0.31691997770512753,0.0,262825.4793044322,6289.026472732604,20456288.0588333,402.0316443498582,312.8927831142665
-0.3928571428571428,0.15,0.005,269.332445005041,5.721783231032262,-0.31688969015661517,0.0,262825.482473423,6289.026472742333,20456289.158877257,402.03164920167137,312.89278500229864
-0.3928571428571428,0.15,0.015,269.332445005041,5.721782016893336,-0.31691997770512753,0.0,262825.4793044322,6289.026472732604,20456288.0588333,402.0316443498582,312.8927831142665
-0.3928571428571428,0.17,-0.005,269.3219114047912,5.656214220636443,-0.3530898103329866,0.0,262822.1452445335,6289.026465971107,20455256.619983435,402.0270961612644,312.8910132294426
-0.3928571428571428,0.17,0.005,269.3219114047912,5.65621648880165,-0.3530560071321634,0.0,262822.1483415123,6289.026465981195,20455257.69371531,402.0271008974937,312.8910150725069
-0.3928571428571428,0.17,0.015,269.3219114047912,5.656214220636443,-0.3530898103329866,0.0,262822.1452445335,6289.026465971107,20455256.619983435,402.0270961612644,312.8910132294426
-0.3928571428571428,0.19,-0.005,269.3102266158473,5.582618562845364,-0.3869923778521005,0.0,262818.4462808744,6289.026459071499,20454112.49091226,402.0220511373441,312.8890499941115
-0.3928571428571428,0.19,0.005,269.3102266158473,5.582621980657298,-0.38695524579420343,0.0,262818.4492964644,6289.026459081984,20454113.534976102,402.02205574322994,312.88905178646496
-0.3928571428571428,0.19,0.015,269.3102266158473,5.582618562845364,-0.3869923778521005,0.0,262818.4462808744,6289.026459071499,20454112.49091226,402.0220511373441,312.8890499941115
-0.3928571428571428,0.21,-0.005,269.2974467847235,5.501044368856253,-0.41836943026073364,0.0,262814.4000041215,6289.026452234712,20452861.17880046,402.0165335789941,312.88690286125023
-0.3928571428571428,0.21,0.005,269.2974467847235,5.501049020116016,-0.41832917286774546,0.0,262814.4029288686,6289.026452245632,20452862.189833805,402.01653803974233,312.88690459713615
-0.3928571428571428,0.21,0.015,269.2974467847235,5.501044368856253,-0.41836943026073364,0.0,262814.4000041215,6289.026452234712,20452861.17880046,402.0165335789941,312.88690286125023
-0.3928571428571428,0.23,-0.005,269.2836330543992,5.411546000304749,-0.4469655070429202,0.0,262810.02560120885,6289.02644565695,20451508.679898605,402.0105699388799,312.88458212111976
-0.3928571428571428,0.23,0.005,269.2836330543992,5.411551956171663,-0.4469223429630098,0.0,262810.02842560277,6289.026445668337,20451509.654540576,402.0105742396983,312.884583794782
-0.3928571428571428,0.23,0.015,269.2836330543992,5.411546000304749,-0.4469655070429202,0.0,262810.02560120885,6289.02644565695,20451508.679898605,402.0105699388799,312.88458212111976
-0.3928571428571428,0.25,-0.005,269.2688511971411,5.314182850363636,-0.47252825406462695,0.0,262805.3437524393,6289.026439527165,20450061.443399176,402.0041886625556,312.8820988395238
-0.3928571428571428,0.25,0.005,269.2688511971411,5.314190168672508,-0.47248241537792124,0.0,262805.3464669398,6289.026439539053,20450062.378300693,402.004192788697,312.8821004452233
-0.3928571428571428,0.25,0.015,269.2688511971411,5.314182850363636,-0.47252825406462695,0.0,262805.3437524393,6289.026439527165,20450061.443399176,402.0041886625556,312.8820988395238
-0.3928571428571428,0.27,-0.005,269.25317121488905,5.2090194936818826,-0.4948087918783891,0.0,262800.3765209504,6289.026434026219,20448526.332185496,401.9974200166196,312.8794647910226
-0.3928571428571428,0.27,0.005,269.25317121488905,5.2090282183998475,-0.4947605223270108,0.0,262800.37911602244,6289.0264340386375,20448527.224021837,401.9974239534382,312.87946632305943
-0.3928571428571428,0.27,0.015,269.25317121488905,5.2090194936818826,-0.4948087918783891,0.0,262800.3765209504,6289.026434026219,20448526.332185496,401.9974200166196,312.8794647910226
-0.3928571428571428,0.29,-0.005,269.23666692510676,5.096125396667517,-0.5135620141018992,0.0,262795.14723443583,6289.026429322984,20446910.58206433,401.99029590870117,312.87669238896586
-0.3928571428571428,0.29,0.005,269.23666692510676,5.096135557496932,-0.5135115672640935,0.0,262795.14970059175,6289.0264293359605,20446911.427549835,401.99029964171666,312.8766938417043
-0.3928571428571428,0.29,0.015,269.23666692510676,5.096125396667517,-0.5135620141018992,0.0,262795.14723443583,6289.026429322984,20446910.58206433,401.99029590870117,312.87669238896586
-0.3928571428571428,0.31,-0.005,269.2194155314533,4.975575493158576,-0.5285470960225953,0.0,262789.68036568986,6289.026425566953,20445221.759407923,401.9828496987116,312.8737946121229
-0.3928571428571428,0.31,0.005,269.2194155314533,4.975587105277426,-0.5284947334480293,0.0,262789.68269353756,6289.026425580515,20445222.55531269,401.9828532136831,312.87379598002013
-0.3928571428571428,0.31,0.015,269.2194155314533,4.975575493158576,-0.5285470960225953,0.0,262789.68036568986,6289.026425566953,20445221.759407923,401.9828496987116,312.8737946121229
-0.3928571428571428,0.33,-0.005,269.20149717571525,4.847449563557354,-0.5395277386684774,0.0,262784.00140465505,6289.026422889094,20443467.717225134,401.97511600700557,312.870784930105
-0.3928571428571428,0.33,0.005,269.20149717571525,4.847462627512871,-0.5394737279976424,0.0,262784.0035849534,6289.026422903263,20443468.460393604,401.97511929001337,312.87078620774287
-0.3928571428571428,0.33,0.015,269.20149717571525,4.847449563557354,-0.5395277386684774,0.0,262784.00140465505,6289.026422889094,20443467.717225134,401.97511600700557,312.870784930105
-0.3928571428571428,0.35,-0.005,269.182994481476,4.711832312745087,-0.5462725842088972,0.0,262778.13673110976,6289.026421401098,20441656.550382208,401.9671305179171,312.86767722698113
-0.3928571428571428,0.35,0.005,269.182994481476,4.71184681448382,-0.5462171972919377,0.0,262778.1387548288,6289.026421415898,20441657.23775339,401.9671335554521,312.8676784091008
-0.3928571428571428,0.35,0.015,269.182994481476,4.711832312745087,-0.5462725842088972,0.0,262778.13673110976,6289.026421401098,20441656.550382208,401.9671305179171,312.86767722698113
-0.3928571428571428,0.37,-0.005,269.16399209813466,4.568813872704875,-0.5485557696199305,0.0,262772.113488459,6289.0264211929525,20439796.550814766,401.95892978231143,312.86448572450234
-0.3928571428571428,0.37,0.005,269.16399209813466,4.568829783739107,-0.5484992806540044,0.0,262772.1153468459,6289.026421208402,20439797.17944392,401.9589325613709,312.86448680604195
-0.3928571428571428,0.37,0.015,269.16399209813466,4.568813872704875,-0.5485557696199305,0.0,262772.113488459,6289.0264211929525,20439796.550814766,401.95892978231143,312.86448572450234
-0.3928571428571428,0.39,-0.005,269.1445762217153,4.418489561100033,-0.5461572995964199,0.0,262765.9594464985,6289.026422329795,20437896.160456475,401.9505510095613,312.8612249012015
-0.3928571428571428,0.39,0.005,269.1445762217153,4.418506838799597,-0.5460999832966639,0.0,262765.96113114664,6289.026422345914,20437896.727537822,401.9505535177496,312.86122587733513
-0.3928571428571428,0.39,0.015,269.1445762217153,4.418489561100033,-0.5461572995964199,0.0,262765.9594464985,6289.026422329795,20437896.160456475,401.9505510095613,312.8612249012015
-0.3928571428571428,0.41,-0.005,269.12483412875974,4.260959345731822,-0.5388633293064835,0.0,262759.7028688274,6289.026424855024,20435963.925656702,401.9420318688934,312.8579094151295
-0.3928571428571428,0.41,0.005,269.12483412875974,4.260977933745532,-0.538805459129651,0.0,262759.70437174937,6289.026424871829,20435964.428546995,401.94203409452615,312.85791028130757
-0.3928571428571428,0.41,0.015,269.12483412875974,4.260959345731822,-0.5388633293064835,0.0,262759.7028688274,6289.026424855024,20435963.925656702,401.9420318688934,312.8579094151295
-0.3928571428571428,0.43,-0.005,269.10485371302735,4.096327667066256,-0.5264665450070932,0.0,262753.3723817172,6289.026428791272,20434008.451819006,401.9334102904933,312.85455402648546
-0.3928571428571428,0.43,0.005,269.10485371302735,4.096347495856382,-0.5264083914399024,0.0,262753.37369541905,6289.026428808777,20434008.88806158,401.93341222270374,312.8545547784767
-0.3928571428571428,0.43,0.015,269.10485371302735,4.096327667066256,-0.5264665450070932,0.0,262753.3723817172,6289.026428791272,20434008.451819006,401.9334102904933,312.85455402648546
-0.3928571428571428,0.45,-0.005,269.08472304087474,3.9247055750176467,-0.5087673859809858,0.0,262746.99685403,6289.026434132982,20432038.35961943,401.9247242693663,312.8511735213097
-0.3928571428571428,0.45,0.005,269.08472304087474,3.9247265624824594,-0.5087092149006571,0.0,262746.997971587,6289.026434151203,20432038.726968296,401.924725898213,312.8511741552426
-0.3928571428571428,0.45,0.015,269.08472304087474,3.9247055750176467,-0.5087673859809858,0.0,262746.99685403,6289.026434132982,20432038.35961943,401.9247242693663,312.8511735213097
-0.3928571428571428,0.47,-0.005,269.0645298837382,3.746208872950318,-0.4855738853067251,0.0,262740.60526026424,6289.026440859427,20430062.23963657,401.9160116717379,312.84778263615175
-0.3928571428571428,0.47,0.005,269.0645298837382,3.7462309251691015,-0.48551595644120327,0.0,262740.6061753962,6289.026440878377,20430062.53608032,401.9160129883103,312.8477831485558
-0.3928571428571428,0.47,0.015,269.0645298837382,3.746208872950318,-0.4855738853067251,0.0,262740.60526026424,6289.026440859427,20430062.23963657,401.9160116717379,312.84778263615175
-0.3928571428571428,0.49000000000000005,-0.005,269.044361283143,3.5609577199805686,-0.4567020014358321,0.0,262734.2265546514,6289.026448935931,20428088.609810703,401.90731004809084,312.8443959853105
-0.3928571428571428,0.49000000000000005,0.005,269.044361283143,3.560980732031785,-0.4566445669194716,0.0,262734.2272617965,6289.026448955621,20428088.833595794,401.9073110446125,312.8443963731564
-0.3928571428571428,0.49000000000000005,0.015,269.044361283143,3.5609577199805686,-0.4567020014358321,0.0,262734.2265546514,6289.026448935931,20428088.609810703,401.90731004809084,312.8443959853105
-0.3928571428571428,0.51,-0.005,269.02430313567515,3.369077657747731,-0.42197652929007634,0.0,262727.8895506119,6289.026458302672,20426125.87448264,401.89865644704133,312.84102798838876
-0.3928571428571428,0.51,0.005,269.02430313567515,3.369101514578506,-0.42191983231785063,0.0,262727.89004499855,6289.026458323115,20426126.02413572,401.8986571169701,312.84102824912765
-0.3928571428571428,0.51,0.015,269.02430313567515,3.369077657747731,-0.42197652929007634,0.0,262727.8895506119,6289.026458302672,20426125.87448264,401.89865644704133,312.84102798838876
-0.3928571428571428,0.53,-0.005,269.00443979607456,3.1706997417354286,-0.38123167936475505,0.0,262721.62280944776,6289.026468886543,20424182.285939924,401.89008725107453,312.83769280634436
-0.3928571428571428,0.53,0.005,269.00443979607456,3.1707243191130705,-0.3811759529687918,0.0,262721.62308716273,6289.0264689077485,20424182.36028884,401.8900875891952,312.83769293794364
-0.3928571428571428,0.53,0.015,269.00443979607456,3.1706997417354286,-0.38123167936475505,0.0,262721.62280944776,6289.026468886543,20424182.285939924,401.89008725107453,312.83769280634436
-0.3928571428571428,0.55,-0.005,268.984853683102,2.965959243288336,-0.33431102285595643,0.0,262715.45452077815,6289.026480604746,20422265.905988697,401.88163800825987,312.8344042759665
-0.3928571428571428,0.55,0.005,268.984853683102,2.9659844088104013,-0.3342564888049138,0.0,262715.45457883005,6289.026480626726,20422265.90418188,401.881638010771,312.83440427694387
-0.3928571428571428,0.55,0.015,268.984853683102,2.965959243288336,-0.33431102285595643,0.0,262715.45452077815,6289.026480604746,20422265.905988697,401.88163800825987,312.8344042759665
-0.3928571428571428,0.57,-0.005,268.9656249242993,2.754997331962657,-0.28106877021658266,0.0,262709.4124003622,6289.0264933614,20420384.571125407,401.87334327634187,312.8311758491583
-0.3928571428571428,0.57,0.005,268.9656249242993,2.7550229460764006,-0.2810156380237548,0.0,262709.41223673976,6289.026493384163,20420384.492649343,401.8733429409336,312.831175718612
-0.3928571428571428,0.57,0.015,268.9656249242993,2.754997331962657,-0.28106877021658266,0.0,262709.4124003622,6289.0264933614,20420384.571125407,401.87334327634187,312.8311758491583
-0.3928571428571428,0.59,-0.005,268.9468310053612,2.5379598859952717,-0.22136976686075585,0.0,262703.523582144,6289.026507054256,20418545.858486477,401.86523647492794,312.8280205353623
-0.3928571428571428,0.59,0.005,268.9468310053612,2.5379858030651246,-0.22131823292492475,0.0,262703.5231958679,6289.0265070778105,20418545.70318092,401.86523580085026,312.82802027299783
-0.3928571428571428,0.59,0.015,268.9468310053612,2.5379598859952717,-0.22136976686075585,0.0,262703.523582144,6289.026507054256,20418545.858486477,401.86523647492794,312.8280205353623
-0.3928571428571428,0.61,-0.005,268.9285464712027,2.314998000192367,-0.15509026316031085,0.0,262697.8145266715,6289.026521574849,20416757.056660745,401.8573497558569,312.82495085105467
-0.3928571428571428,0.61,0.005,268.9285464712027,2.315024069581211,-0.15504051002897443,0.0,262697.8139178385,6289.026521599201,20416756.82473144,401.85734874397605,312.8249504572065
-0.3928571428571428,0.61,0.015,268.9285464712027,2.314998000192367,-0.15509026316031085,0.0,262697.8145266715,6289.026521574849,20416757.056660745,401.8573497558569,312.82495085105467
-0.3928571428571428,0.63,-0.005,268.9108426249932,2.0862668186060924,-0.08211783752953919,0.0,262692.3109262788,6289.026536816245,20415025.136548623,401.84971387728723,312.8219787706796
-0.3928571428571428,0.63,0.005,268.9108426249932,2.0862928857673437,-0.08207003328690496,0.0,262692.3100960991,6289.026536841406,20415024.828577425,401.84971253013197,312.82197824632965
-0.3928571428571428,0.63,0.015,268.9108426249932,2.0862668186060924,-0.08211783752953919,0.0,262692.3109262788,6289.026536816245,20415025.136548623,401.84971387728723,312.8219787706796
-0.3928571428571428,0.65,-0.005,268.89378729487544,1.851927824028503,-0.0023530923125716446,0.0,262687.0376265602,6289.026552656815,20413356.72810179,401.8423580921958,312.81911568318895
-0.3928571428571428,0.65,0.005,268.89378729487544,1.851953731581664,-0.0023073900807494036,0.0,262687.03657738474,6289.026552682788,20413356.34505377,401.84235641398845,312.8191150299784
-0.3928571428571428,0.65,0.015,268.89378729487544,1.851927824028503,-0.0023530923125716446,0.0,262687.0376265602,6289.026552656815,20413356.72810179,401.8423580921958,312.81911568318895
-0.3928571428571428,0.67,-0.005,268.87744456645896,1.612147863382757,0.0842903017210688,0.0,262682.01853123115,6289.026568952708,20411758.093991086,401.83531002740983,312.81637234489114
-0.3928571428571428,0.67,0.005,268.87744456645896,1.6121734521795452,0.08433376416325959,0.0,262682.0172665715,6289.026568979502,20411757.637218796,401.8353080240866,312.8163715651285
-0.3928571428571428,0.67,0.015,268.87744456645896,1.612147863382757,0.0842903017210688,0.0,262682.01853123115,6289.026568952708,20411758.093991086,401.83531002740983,312.81637234489114
-0.3928571428571428,0.69,-0.005,268.8618746227239,1.3671003754540276,0.1778843835372459,0.0,262677.27653802343,6289.026585525431,20410235.113635153,401.8285956059697,312.8137588491642
-0.3928571428571428,0.69,0.005,268.8618746227239,1.367125485629263,0.17792548401970912,0.0,262677.27506256127,6289.026585553051,20410234.584879633,401.828593285185,312.81375794582704
-0.3928571428571428,0.69,0.015,268.8618746227239,1.3671003754540276,0.1778843835372459,0.0,262677.27653802343,6289.026585525431,20410235.113635153,401.8285956059697,312.8137588491642
-0.3928571428571428,0.71,-0.005,268.8471335488988,1.1169628921914483,0.2784878629811192,0.0,262672.83347189735,6289.02660218621,20408793.264951903,401.822238976965,312.8112845990756
-0.3928571428571428,0.71,0.005,268.8471335488988,1.1169873642231194,0.27852649507819527,0.0,262672.8317914851,6289.026602214658,20408792.666340705,401.82223634808344,312.8112835758074
-0.3928571428571428,0.71,0.015,268.8471335488988,1.1169628921914483,0.2784878629811192,0.0,262672.83347189735,6289.02660218621,20408793.264951903,401.822238976965,312.8112845990756
-0.3928571428571428,0.73,-0.005,268.83327329057323,0.8619208587331615,0.38614353230564025,0.0,262668.7100511,6289.026618717336,20407437.6197612,401.816262485115,312.80895829547256
-0.3928571428571428,0.73,0.005,268.83327329057323,0.8619445344873184,0.3861796053591783,0.0,262668.7081727522,6289.026618746613,20407436.953803398,401.8162595591892,312.80895715657414
-0.3928571428571428,0.73,0.015,268.83327329057323,0.8619208587331615,0.38614353230564025,0.0,262668.7100511,6289.026618717336,20407437.6197612,401.816262485115,312.80895829547256
-0.3928571428571428,0.75,-0.005,268.82034158410835,0.6021691350968803,0.5008770604706136,0.0,262664.92583845847,6289.026634860603,20406172.8366964,401.81068663275556,312.8067879221181
-0.3928571428571428,0.75,0.005,268.82034158410835,0.602191858875331,0.5009104994898895,0.0,262664.92377033306,6289.026634890706,20406172.106274392,401.81068342248955,312.80678667253335
-0.3928571428571428,0.75,0.015,268.82034158410835,0.6021691350968803,0.5008770604706136,0.0,262664.92583845847,6289.026634860603,20406172.8366964,401.81068663275556,312.8067879221181
-0.3928571428571428,0.77,-0.005,268.8083815439828,0.3379004806758386,0.6227036836049098,0.0,262661.49909597554,6289.026650317682,20405003.12091858,401.8055299009974,312.8047806760112
-0.3928571428571428,0.77,0.005,268.8083815439828,0.33792210000237216,0.622734429212217,0.0,262661.49684734544,6289.026650348605,20405002.32927653,401.8055264206961,312.8047793213075
-0.3928571428571428,0.77,0.015,268.8083815439828,0.3379004806758386,0.6227036836049098,0.0,262661.49909597554,6289.026650317682,20405003.12091858,401.8055299009974,312.8047806760112
-0.3928571428571428,0.79,-0.005,268.79743495877926,0.06929199753149967,0.7516384204540113,0.0,262658.44496264466,6289.02665791028,20403932.333248056,401.8008059688716,312.8029418848725
-0.3928571428571428,0.79,0.005,268.79743495877926,0.06931236575167059,0.7516664268445854,0.0,262658.4425437232,6289.026657942013,20403931.483930312,401.80080223416905,312.80294043113486
-0.3928571428571428,0.79,0.015,268.79743495877926,0.06929199753149967,0.7516384204540113,0.0,262658.44496264466,6289.02665791028,20403932.333248056,401.8008059688716,312.8029418848725
-0.3928571428571428,0.81,-0.005,268.78754092529994,-0.20344772503098635,0.8876681201781877,0.0,262655.7810203272,6289.026658445773,20402964.320432644,401.79653225929206,312.8012783336002
-0.3928571428571428,0.81,0.005,268.78754092529994,-0.20342875555002776,0.8876933629260949,0.0,262655.7784424593,6289.026658478002,20402963.417379204,401.79652828742934,312.8012767875394
-0.3928571428571428,0.81,0.015,268.78754092529994,-0.20344772503098635,0.8876681201781877,0.0,262655.7810203272,6289.026658445773,20402964.320432644,401.79653225929206,312.8012783336002
-0.3928571428571428,0.83,-0.005,268.7787162950429,-0.48005340578714123,1.0307187863697596,0.0,262653.52423543896,6289.026667138457,20402101.202500954,401.79272543800124,312.7997965122166
-0.3928571428571428,0.83,0.005,268.7787162950429,-0.4800359711680018,1.0307412489500694,0.0,262653.52151136426,6289.026667171491,20402100.250040267,401.7927212482383,312.79979488132966
-0.3928571428571428,0.83,0.015,268.7787162950429,-0.48005340578714123,1.0307187863697596,0.0,262653.52423543896,6289.026667138457,20402101.202500954,401.79272543800124,312.7997965122166
-0.3928571428571428,0.8499999999999999,-0.005,268.77097972905193,-0.7603061730060684,1.1807478715382183,0.0,262651.684792295,6289.026681223457,20401344.715830725,401.7893918991736,312.7984989122805
-0.3928571428571428,0.8499999999999999,0.005,268.77097972905193,-0.7602904034376324,1.1807675534043163,0.0,262651.68193521607,6289.026681257273,20401343.71845854,401.7893875113532,312.79849720429155
-0.3928571428571428,0.8499999999999999,0.015,268.77097972905193,-0.7603061730060684,1.1807478715382183,0.0,262651.684792295,6289.026681223457,20401344.715830725,401.7893918991736,312.7984989122805
-0.3928571428571428,0.87,-0.005,268.7643526074631,-1.043969958531826,1.3376785578599342,0.0,262650.2719582773,6289.02669411294,20400696.743768137,401.78653685833666,312.7973875662711
-0.3928571428571428,0.87,0.005,268.7643526074631,-1.043955977941077,1.337695472532194,0.0,262650.26898227213,6289.026694147519,20400695.706252735,401.78653229351266,312.797385789376
-0.3928571428571428,0.87,0.015,268.7643526074631,-1.043969958531826,1.3376785578599342,0.0,262650.2719582773,6289.02669411294,20400696.743768137,401.78653685833666,312.7973875662711
-0.3928571428571428,0.89,-0.005,268.75885020365655,-1.3308054938506553,1.5014179940210903,0.0,262649.2946785506,6289.02670312289,20400158.694378704,401.7841652887928,312.796464412078
-0.3928571428571428,0.89,0.005,268.75885020365655,-1.3307934186295092,1.5014321682598342,0.0,262649.2915984519,6289.02670315818,20400157.621723242,401.784160569045,312.7964625748721
-0.3928571428571428,0.89,0.015,268.75885020365655,-1.3308054938506553,1.5014179940210903,0.0,262649.2946785506,6289.02670312289,20400158.694378704,401.7841652887928,312.796464412078
-0.3928571428571428,0.9099999999999999,-0.005,268.7544827792327,-1.6205728436605586,1.6718587492868875,0.0,262648.7608715374,6289.02670701256,20399731.530805223,401.78228088183107,312.79573088823963
-0.3928571428571428,0.9099999999999999,0.005,268.7544827792327,-1.6205627819550856,1.671870222420588,0.0,262648.75770285045,6289.026707048492,20399730.428218063,401.7822760301391,312.7957289996688
-0.3928571428571428,0.9099999999999999,0.015,268.7544827792327,-1.6205728436605586,1.6718587492868875,0.0,262648.7608715374,6289.02670701256,20399731.530805223,401.78228088183107,312.79573088823963
-0.3928571428571428,0.93,-0.005,268.75125604205795,-1.9130332605949976,1.8488804881077248,0.0,262648.67731262674,6289.026705425386,20399415.798657406,401.78088590067773,312.7951878770754
-0.3928571428571428,0.93,0.005,268.75125604205795,-1.9130253116820366,1.8488893113226565,0.0,262648.6740714348,6289.026705461872,20399414.67151949,401.7808809407779,312.7951859463803
-0.3928571428571428,0.93,0.015,268.75125604205795,-1.9130332605949976,1.8488804881077248,0.0,262648.67731262674,6289.026705425386,20399415.798657406,401.78088590067773,312.7951878770754
-0.3928571428571428,0.9500000000000001,-0.005,268.7491716344808,-2.207947057964208,2.032348828636218,0.0,262649.04927172035,6289.026697721129,20399211.637350123,401.77998067344487,312.794835507299
-0.3928571428571428,0.9500000000000001,0.005,268.7491716344808,-2.207941311843109,2.0323550643272768,0.0,262649.0459745881,6289.026697758064,20399210.491181746,401.7799756296847,312.79483354395813
-0.3928571428571428,0.9500000000000001,0.015,268.7491716344808,-2.207947057964208,2.032348828636218,0.0,262649.04927172035,6289.026697721129,20399211.637350123,401.77998067344487,312.794835507299
-0.3928571428571428,0.97,-0.005,268.7482272229472,-2.5050758692539614,2.2221177994217074,0.0,262649.8806414866,6289.026683276055,20399118.79824657,401.7795638162464,312.794673240861
-0.3928571428571428,0.97,0.005,268.7482272229472,-2.505072406343929,2.222121520527852,0.0,262649.8773053622,6289.026683313324,20399117.6386746,401.7795587134379,312.79467125453385
-0.3928571428571428,0.97,0.015,268.7482272229472,-2.5050758692539614,2.2221177994217074,0.0,262649.8806414866,6289.026683276055,20399118.79824657,401.7795638162464,312.794673240861
-0.3928571428571428,0.9899999999999999,-0.005,268.74844273245975,-2.804749178019882,2.4185423196714937,0.0,262651.1835348155,6289.026659932924,20399139.165192515,401.7796426245665,312.7947039179085
-0.3928571428571428,0.9899999999999999,0.005,268.74844273245975,-2.8047480600787034,2.418543634786777,0.0,262651.1801708453,6289.026659970303,20399137.995805256,401.7796374784706,312.79470191473143
-0.3928571428571428,0.9899999999999999,0.015,268.74844273245975,-2.804749178019882,2.4185423196714937,0.0,262651.1835348155,6289.026659932924,20399139.165192515,401.7796426245665,312.7947039179085
-0.3928571428571428,1.01,-0.005,268.74734195462014,-1.1487776749859452e-05,9.905938986148104e-06,0.0,262650.8273506114,6289.0436160132695,20399560.595692612,401.78958873770193,312.798575533005
-0.3928571428571428,1.01,0.005,268.74624117678053,2.8047491780198515,-2.418542319671467,0.0,262650.4711634895,6289.026434459179,20398916.734832328,401.77855287592575,312.79427972041515
-0.3928571428571428,1.01,0.015,268.74734195462014,-1.1487776749859452e-05,9.905938986148104e-06,0.0,262650.8273506114,6289.0436160132695,20399560.595692612,401.78958873770193,312.798575533005
-0.3214285714285712,-0.01,-0.005,269.37718077167847,6.096718143358138,-3.2971555218933347e-18,0.0,262840.7495565268,6289.027692290042,20460705.983221594,402.05169151421217,312.90058416045645
-0.3214285714285712,-0.01,0.005,269.37718077167847,6.096718143358137,0.024431227122591888,0.0,262840.7495565268,6289.027691547743,20460705.95998785,402.05169105767044,312.9005839828025
-0.3214285714285712,-0.01,0.015,269.37718077167847,6.096718143358138,-3.2971555218933347e-18,0.0,262840.7495565268,6289.027692290042,20460705.983221594,402.05169151421217,312.90058416045645
-0.3214285714285712,0.01,-0.005,269.37718077167847,6.096718143358138,-0.024431227122591888,0.0,262840.7495565268,6289.027691547743,20460705.959987853,402.05169105767044,312.9005839828025
-0.3214285714285712,0.01,0.005,269.37718077167847,6.096715952503148,-0.024429084788198628,0.0,262840.75291307474,6289.027691559007,20460707.128908873,402.05169621285603,312.9005859888388
-0.3214285714285712,0.01,0.015,269.37718077167847,6.096718143358138,-0.024431227122591888,0.0,262840.7495565268,6289.027691547743,20460705.959987853,402.05169105767044,312.9005839828025
-0.3214285714285712,0.03,-0.005,269.3758041322444,6.0884426174572885,-0.07315694818673957,0.0,262840.3133196806,6289.027691445246,20460571.179558396,402.0510972170276,312.90035290162973
-0.3214285714285712,0.03,0.005,269.3758041322444,6.088440577319262,-0.07315060382596693,0.0,262840.3166623613,6289.02769145655,20460572.343471922,402.0511023501983,312.9003548991009
-0.3214285714285712,0.03,0.015,269.3758041322444,6.0884426174572885,-0.07315694818673957,0.0,262840.3133196806,6289.027691445246,20460571.179558396,402.0510972170276,312.90035290162973
-0.3214285714285712,0.05,-0.005,269.3730579119128,6.071966364226841,-0.12146678133873647,0.0,262839.4434480445,6289.027691294888,20460302.30803048,402.0499125896789,312.8998919271528
-0.3214285714285712,0.05,0.005,269.3730579119128,6.071964624724459,-0.12145624693462805,0.0,262839.44677466183,6289.027691306293,20460303.465981398,402.0499176966802,312.89989391444357
-0.3214285714285712,0.05,0.015,269.3730579119128,6.071966364226841,-0.12146678133873647,0.0,262839.4434480445,6289.027691294888,20460302.30803048,402.0499125896789,312.8998919271528
-0.3214285714285712,0.07,-0.005,269.3689550272826,6.047335559292066,-0.1690847464945999,0.0,262838.14407572476,6289.027690889885,20459900.60677275,402.048142616162,312.89920317544016
-0.3214285714285712,0.07,0.005,269.3689550272826,6.047334266919884,-0.16907008193802467,0.0,262838.1473781754,6289.027690901438,20459901.755761757,402.0481476838279,312.8992051474287
-0.3214285714285712,0.07,0.015,269.3689550272826,6.047335559292066,-0.1690847464945999,0.0,262838.14407572476,6289.027690889885,20459900.60677275,402.048142616162,312.89920317544016
-0.3214285714285712,0.09,-0.005,269.3635150343732,6.0145749806952455,-0.21573561381387896,0.0,262836.42132943246,6289.027690308307,20459367.99463959,402.0457957611436,312.898289938866
-0.3214285714285712,0.09,0.005,269.3635150343732,6.014574277269936,-0.21571690224492684,0.0,262836.4245995389,6289.027690320056,20459369.13164991,402.0458007762295,312.8982918903997
-0.3214285714285712,0.09,0.015,269.3635150343732,6.0145749806952455,-0.21573561381387896,0.0,262836.42132943246,6289.027690308307,20459367.99463959,402.0457957611436,312.898289938866
-0.3214285714285712,0.11,-0.005,269.35676391046337,5.973709174032905,-0.26114512902247466,0.0,262834.2833059497,6289.027689672481,20458707.02107134,402.0428832807417,312.8971565956035
-0.3214285714285712,0.11,0.005,269.35676391046337,5.973709195215151,-0.26112247615068646,0.0,262834.28653543675,6289.027689684474,20458708.14306314,402.04288822989867,312.8971585214891
-0.3214285714285712,0.11,0.015,269.35676391046337,5.973709174032905,-0.26114512902247466,0.0,262834.2833059497,6289.027689672481,20458707.02107134,402.0428832807417,312.8971565956035
-0.3214285714285712,0.13,-0.005,269.34873388685486,5.924765506225623,-0.3050401890511896,0.0,262831.74002838344,6289.027689108173,20457920.84838676,402.03941912585594,312.89580857205465
-0.3214285714285712,0.13,0.005,269.34873388685486,5.924766380121148,-0.30501372228363854,0.0,262831.743208862,6289.027689120457,20457921.952293843,402.03942399561623,312.89581046705234
-0.3214285714285712,0.13,0.015,269.34873388685486,5.924765506225623,-0.3050401890511896,0.0,262831.74002838344,6289.027689108173,20457920.84838676,402.03941912585594,312.89580857205465
-0.3214285714285712,0.15,-0.005,269.3394632172742,5.867776066331012,-0.34714918428949854,0.0,262828.8033950397,6289.027688747616,20457013.22913599,402.0354198448297,312.8942523050285
-0.3214285714285712,0.15,0.005,269.3394632172742,5.867777912174076,-0.34711905168698254,0.0,262828.80651799537,6289.027688760234,20457014.31186403,402.0354246215975,312.89425416384876
-0.3214285714285712,0.15,0.015,269.3394632172742,5.867776066331012,-0.34714918428949854,0.0,262828.8033950397,6289.027688747616,20457013.22913599,402.0354198448297,312.8942523050285
-0.3214285714285712,0.17,-0.005,269.328995962263,5.802778102664215,-0.38720232296771795,0.0,262825.48712095857,6289.027688724729,20455988.484764434,402.0309044883087,312.89249520478336
-0.3214285714285712,0.17,0.005,269.328995962263,5.80278102960121,-0.387168692041953,0.0,262825.49017774593,6289.027688737727,20455989.54319107,402.0309091583608,312.8924970220868
-0.3214285714285712,0.17,0.015,269.328995962263,5.802778102664215,-0.38720232296771795,0.0,262825.48712095857,6289.027688724729,20455988.484764434,402.0309044883087,312.89249520478336
-0.3214285714285712,0.19,-0.005,269.31738173048353,5.729813345160513,-0.42493181378739214,0.0,262821.80666234303,6289.027689173862,20454851.480160333,402.02589449776997,312.8905456117212
-0.3214285714285712,0.19,0.005,269.31738173048353,5.729817451152567,-0.4248948701545728,0.0,262821.8096441872,6289.027689187282,20454852.511137255,402.02589904726426,312.8905473821218
-0.3214285714285712,0.19,0.015,269.31738173048353,5.729813345160513,-0.42493181378739214,0.0,262821.80666234303,6289.027689173862,20454851.480160333,402.02589449776997,312.8905456117212
-0.3214285714285712,0.21,-0.005,269.3046753867122,5.648928097226744,-0.4600721443322201,0.0,262817.7791355711,6289.027690226319,20453607.594865095,402.02041357838675,312.8884127469919
-0.3214285714285712,0.21,0.005,269.3046753867122,5.648933468077556,-0.4600320902383173,0.0,262817.7820335756,6289.027690240197,20453608.59522228,402.0204179933802,312.88841446506416
-0.3214285714285712,0.21,0.015,269.3046753867122,5.648928097226744,-0.4600721443322201,0.0,262817.7791355711,6289.027690226319,20453607.594865095,402.02041357838675,312.8884127469919
-0.3214285714285712,0.23,-0.005,269.29093673768824,5.560173429573784,-0.4923603966580555,0.0,262813.42322889605,6289.027692002366,20452262.691969927,402.0144875596135,312.88610665832294
-0.3214285714285712,0.23,0.005,269.29093673768824,5.560180138086615,-0.49231744939218436,0.0,262813.4260340583,6289.027692016744,20452263.658522137,402.01449182609053,312.8861083186131
-0.3214285714285712,0.23,0.015,269.29093673768824,5.560173429573784,-0.4923603966580555,0.0,262813.42322889605,6289.027692002366,20452262.691969927,402.0144875596135,312.88610665832294
-0.3214285714285712,0.25,-0.005,269.2762301874064,5.463605186787544,-0.521536545440972,0.0,262808.7591074661,6289.027694610508,20450823.084245455,402.00814424707767,312.88363816246857
-0.3214285714285712,0.25,0.005,269.2762301874064,5.463613292066254,-0.5214909356563532,0.0,262808.761810701,6289.027694625422,20450824.01380108,402.0081483509893,312.8836397595093
-0.3214285714285712,0.25,0.015,269.2762301874064,5.463605186787544,-0.521536545440972,0.0,262808.7591074661,6289.027694610508,20450823.084245455,402.00814424707767,312.88363816246857
-0.3214285714285712,0.27,-0.005,269.26062436113085,5.3592842021957106,-0.5473438230767476,0.0,262803.8083111348,6289.027698147679,20449295.49723805,402.0014132615561,312.88101878263245
-0.3214285714285712,0.27,0.005,269.26062436113085,5.359293749088891,-0.5472957930368306,0.0,262803.81090330484,6289.027698163164,20449296.38661022,402.00141718886795,312.88102031096207
-0.3214285714285712,0.27,0.015,269.26062436113085,5.3592842021957106,-0.5473438230767476,0.0,262803.8083111348,6289.027698147679,20449295.49723805,402.0014132615561,312.88101878263245
-0.3214285714285712,0.29,-0.005,269.2441917154044,5.247276056178224,-0.5695290110731009,0.0,262798.59364429826,6289.0277026957465,20447687.030881044,401.9943258696154,312.87826068264616
-0.3214285714285712,0.29,0.005,269.2441917154044,5.247287074873344,-0.5694788128426201,0.0,262798.596116252,6289.0277027118345,20447687.876901038,401.99432960636705,312.87826213683127
-0.3214285714285712,0.29,0.015,269.2441917154044,5.247276056178224,-0.5695290110731009,0.0,262798.59364429826,6289.0277026957465,20447687.030881044,401.9943258696154,312.87826068264616
-0.3214285714285712,0.31,-0.005,269.2270081332758,5.127651635378553,-0.5878429372679079,0.0,262793.1390644309,6289.027708314305,20446005.119546976,401.98691480556306,312.8753765977619
-0.3214285714285712,0.31,0.005,269.2270081332758,5.127664141138387,-0.5877908308658826,0.0,262793.1414070485,6289.027708331028,20446005.9190798,401.9869183379371,312.8753779724246
-0.3214285714285712,0.31,0.015,269.2270081332758,5.127651635378553,-0.5878429372679079,0.0,262793.1390644309,6289.027708314305,20446005.119546976,401.98691480556306,312.8753765977619
-0.3214285714285712,0.33,-0.005,269.20915249851055,5.000486590852087,-0.6020407203984074,0.0,262787.46956192725,6289.027715041874,20444257.490310803,401.97921408943614,312.8723797638993
-0.3214285714285712,0.33,0.005,269.20915249851055,5.000500583907113,-0.6019869719355827,0.0,262787.4717661718,6289.027715059263,20444258.240272667,401.9792174038337,312.8723810537464
-0.3214285714285712,0.33,0.015,269.20915249851055,5.000486590852087,-0.6020407203984074,0.0,262787.46956192725,6289.027715041874,20444257.490310803,401.97921408943614,312.8723797638993
-0.3214285714285712,0.35,-0.005,269.1907062611707,4.8658614362958605,-0.6118821832214235,0.0,262781.61104040465,6289.027722895733,20442452.120333064,401.9712588403488,312.8692838450796
-0.3214285714285712,0.35,0.005,269.1907062611707,4.86587690187735,-0.6118270630373781,0.0,262781.6130973812,6289.027722913812,20442452.817710847,401.9712619234774,312.8692850449368
-0.3214285714285712,0.35,0.015,269.1907062611707,4.8658614362958605,-0.6118821832214235,0.0,262781.61104040465,6289.027722895733,20442452.120333064,401.9712588403488,312.8692838450796
-0.3214285714285712,0.37,-0.005,269.1717530015656,4.723861996385117,-0.6171323895362776,0.0,262775.59019721474,6289.027731869816,20440597.194032326,401.9630850878572,312.86610286008073
-0.3214285714285712,0.37,0.005,269.1717530015656,4.723878904898929,-0.6170761703551256,0.0,262775.592098233,6289.027731888613,20440597.835904423,401.9630879268214,312.866103964928
-0.3214285714285712,0.37,0.015,269.1717530015656,4.723861996385117,-0.6171323895362776,0.0,262775.59019721474,6289.027731869816,20440597.194032326,401.9630850878572,312.86610286008073
-0.3214285714285712,0.39,-0.005,269.1523779718088,4.574579304622839,-0.6175620500606323,0.0,262769.4343939368,6289.027741931588,20438701.058043856,401.95472957291753,312.8628511050332
-0.3214285714285712,0.39,0.005,269.1523779718088,4.574597611949833,-0.6175050051792116,0.0,262769.43613057985,6289.027741951128,20438701.64160247,401.9547321553184,312.8628521100435
-0.3214285714285712,0.39,0.015,269.1523779718088,4.574579304622839,-0.6175620500606323,0.0,262769.4343939368,6289.027741931588,20438701.058043856,401.95472957291753,312.8628511050332
-0.3214285714285712,0.41,-0.005,269.132667645376,4.4181091131891534,-0.6129478089236525,0.0,262763.1715292156,6289.027753024395,20436772.17714452,401.94622955554075,312.85954307861317
-0.3214285714285712,0.41,0.005,269.132667645376,4.418128761118162,-0.6128902104517553,0.0,262763.173093411,6289.027753044699,20436772.699718893,401.94623186957796,312.8595439791921
-0.3214285714285712,0.41,0.015,269.132667645376,4.4181091131891534,-0.6129478089236525,0.0,262763.1715292156,6289.027753024395,20436772.17714452,401.94622955554075,312.85954307861317
-0.3214285714285712,0.43,-0.005,269.11270926780577,4.254551746874099,-0.6030726330678431,0.0,262756.82991277514,6289.0277650681255,20434819.090249795,401.93762262177796,312.85619340696354
-0.3214285714285712,0.43,0.005,269.11270926780577,4.25457266364994,-0.603014750231861,0.0,262756.8312968699,6289.027765089218,20434819.549330138,401.93762465635643,312.856194198791
-0.3214285714285712,0.43,0.015,269.11270926780577,4.254551746874099,-0.6030726330678431,0.0,262756.82991277514,6289.0277650681255,20434819.090249795,401.93762262177796,312.85619340696354
-0.3214285714285712,0.45,-0.005,269.09259042352875,4.084014061814734,-0.5877270070028717,0.0,262750.43814982707,6289.027777952742,20432850.367779236,401.9289464931328,312.8528167695492
-0.3214285714285712,0.45,0.005,269.09259042352875,4.0840361627793955,-0.5876691045209329,0.0,262750.439346663,6289.027777974643,20432850.761040974,401.92894823796985,312.8528174486209
-0.3214285714285712,0.45,0.015,269.09259042352875,4.084014061814734,-0.5877270070028717,0.0,262750.43814982707,6289.027777952742,20432850.367779236,401.9289464931328,312.8528167695492
-0.3214285714285712,0.47000000000000003,-0.005,269.07239857730195,3.906607857014274,-0.5667088463125557,0.0,262744.0250081245,6289.02779154958,20430874.56710587,401.9202388358007,312.84942782493283
-0.3214285714285712,0.47000000000000003,0.005,269.07239857730195,3.9066310453680377,-0.5666511828662897,0.0,262744.0260111149,6289.027791572305,20430874.89243391,401.9202402815336,312.84942838760253
-0.3214285714285712,0.47000000000000003,0.015,269.07239857730195,3.906607857014274,-0.5667088463125557,0.0,262744.0250081245,6289.02779154958,20430874.56710587,401.9202388358007,312.84942782493283
-0.3214285714285712,0.49,-0.005,269.0522206453375,3.7224495234760613,-0.5398238523404929,0.0,262737.6192946368,6289.027805711394,20428900.19057435,401.911537075664,312.84604113877975
-0.3214285714285712,0.49,0.005,269.0522206453375,3.7224736911140948,-0.539766679140131,0.0,262737.6200978425,6289.027805734965,20428900.446086973,401.91153821395613,312.84604158180036
-0.3214285714285712,0.49,0.015,269.0522206453375,3.7224495234760613,-0.5398238523404929,0.0,262737.6192946368,6289.027805711394,20428900.19057435,401.911537075664,312.84604113877975
-0.3214285714285712,0.51,-0.005,269.03214258639264,3.5316610090106266,-0.5068864273152524,0.0,262731.2497376169,6289.027820260504,20426935.645113897,401.9028782144278,312.8426711122951
-0.3214285714285712,0.51,0.005,269.03214258639264,3.531686037414889,-0.5068299867617485,0.0,262731.2503358198,6289.027820284937,20426935.82918593,401.9028790380718,312.8426714328588
-0.3214285714285712,0.51,0.015,269.03214258639264,3.5316610090106266,-0.5068864273152524,0.0,262731.2497376169,6289.027820260504,20426935.645113897,401.9028782144278,312.8426711122951
-0.3214285714285712,0.53,-0.005,269.01224900138965,3.3343699078914533,-0.46772024818099966,0.0,262724.94487494614,6289.027834999415,20424989.20340267,401.89429866313503,312.83933191741323
-0.3214285714285712,0.53,0.005,269.01224900138965,3.3343956691038525,-0.4676647726476214,0.0,262724.9452637211,6289.027835024727,20424989.31468759,401.8942991661509,312.83933211319004
-0.3214285714285712,0.53,0.015,269.01224900138965,3.3343699078914533,-0.46772024818099966,0.0,262724.94487494614,6289.027834999415,20424989.20340267,401.89429866313503,312.83933191741323
-0.3214285714285712,0.55,-0.005,268.9926227367183,3.130708348629364,-0.42215828594510296,0.0,262718.732934558,6289.027849712121,20423068.965113316,401.88583407139515,312.8360374303093
-0.3214285714285712,0.55,0.005,268.9926227367183,3.1307347062827113,-0.42210399667852405,0.0,262718.7331103402,6289.027849738326,20423069.002564017,401.8858342491227,312.83603749948264
-0.3214285714285712,0.55,0.015,268.9926227367183,3.130708348629364,-0.42215828594510296,0.0,262718.732934558,6289.027849712121,20423068.965113316,401.88583407139515,312.8360374303093
-0.3214285714285712,0.57,-0.005,268.9733445250729,2.9208145596247603,-0.3700440864457262,0.0,262712.6417317846,6289.027864159624,20421182.821663693,401.8775191691449,312.8328011697774
-0.3214285714285712,0.57,0.005,268.9733445250729,2.9208413699872247,-0.3699911925741738,0.0,262712.64169193193,6289.027864186735,20421182.78455148,401.87751901832786,312.83280111107734
-0.3214285714285712,0.57,0.015,268.9733445250729,2.9208145596247603,-0.3700440864457262,0.0,262712.6417317846,6289.027864159624,20421182.821663693,401.8775191691449,312.8328011697774
-0.3214285714285712,0.59,-0.005,268.9544926250787,2.7048318483046816,-0.31123184054159764,0.0,262706.69856160856,6289.027878090527,20419338.42133058,401.86938761703453,312.8296362389575
-0.3214285714285712,0.59,0.005,268.9544926250787,2.704858961370406,-0.3111805382125894,0.0,262706.6983044594,6289.027878118557,20419338.309262294,401.86938713589785,312.82963605169044
-0.3214285714285712,0.59,0.015,268.9544926250787,2.7048318483046816,-0.31123184054159764,0.0,262706.69856160856,6289.027878090527,20419338.42133058,401.86938761703453,312.8296362389575
-0.3214285714285712,0.61,-0.005,268.9361425085368,2.482908995213001,-0.24558713296654544,0.0,262700.9301036652,6289.027891240543,20417543.138686888,401.8614718704591,312.82655527236466
-0.3214285714285712,0.61,0.005,268.9361425085368,2.48293625580848,-0.24553760460533078,0.0,262700.92962858855,6289.027891269503,20417542.951619726,401.8614710587743,312.82655495643917
-0.3214285714285712,0.61,0.015,268.9361425085368,2.482908995213001,-0.24558713296654544,0.0,262700.9301036652,6289.027891240543,20417543.138686888,401.8614718704591,312.82655527236466
-0.3214285714285712,0.63,-0.005,268.91836655102145,2.255199243581703,-0.1729869440821583,0.0,262695.3623224869,6289.027903331092,20415804.044346925,401.8538030443926,312.82357038322414
-0.3214285714285712,0.63,0.005,268.91836655102145,2.2552264924828846,-0.17293935777260458,0.0,262695.3616299258,6289.027903360992,20415803.78260079,401.85380190353334,312.8235699391725
-0.3214285714285712,0.63,0.015,268.91836655102145,2.255199243581703,-0.1729869440821583,0.0,262695.3623224869,6289.027903331092,20415804.044346925,401.8538030443926,312.82357038322414
-0.3214285714285712,0.65,-0.005,268.9012337818571,2.0218623094220782,-0.09332127886578855,0.0,262690.0203825217,6289.027914047119,20414127.879880257,401.846410791013,312.82069311577936
-0.3214285714285712,0.65,0.005,268.9012337818571,2.0218893844573183,-0.09327578784310873,0.0,262690.01947402855,6289.027914077968,20414127.54414745,401.84640932399805,312.8206925447743
-0.3214285714285712,0.65,0.015,268.9012337818571,2.0218623094220782,-0.09332127886578855,0.0,262690.0203825217,6289.027914047119,20414127.879880257,401.846410791013,312.82069311577936
-0.3214285714285712,0.67,-0.005,268.88480960428046,1.7830637236359383,-0.006493387107796459,0.0,262684.92855246057,6289.027923033448,20412521.03039253,401.8393231757958,312.8179343969981
-0.3214285714285712,0.67,0.005,268.88480960428046,1.7830904607788156,-0.00645012936626189,0.0,262684.92743072443,6289.0279230652495,20412520.621744595,401.8393213873205,312.81793370086524
-0.3214285714285712,0.67,0.015,268.88480960428046,1.7830637236359383,-0.006493387107796459,0.0,262684.92855246057,6289.027923033448,20412521.03039253,401.8393231757958,312.8179343969981
-0.3214285714285712,0.69,-0.005,268.8691556103028,1.538975661975923,0.08757919032334437,0.0,262680.1101362062,6289.027929887224,20410989.50625529,401.8325665920617,312.81530450324465
-0.3214285714285712,0.69,0.005,268.8691556103028,1.539001896429327,0.08762009230535314,0.0,262680.10880506993,6289.027929919981,20410989.02614679,401.8325644885146,312.81530368446863
-0.3214285714285712,0.69,0.015,268.8691556103028,1.538975661975923,0.08757919032334437,0.0,262680.1101362062,6289.027929887224,20410989.50625529,401.8325665920617,312.81530450324465
-0.3214285714285712,0.71,-0.005,268.8543293625653,1.2897746698891015,0.1889654951688782,0.0,262675.5874000463,6289.027934181697,20409538.922586206,401.82616568050696,312.8128130288876
-0.3214285714285712,0.71,0.005,268.8543293625653,1.2898002371709127,0.18900393458005513,0.0,262675.5858645154,6289.027934215408,20409538.372855462,401.82616326997316,312.8128120906139
-0.3214285714285712,0.71,0.015,268.8543293625653,1.2897746698891015,0.1889654951688782,0.0,262675.5874000463,6289.027934181697,20409538.922586206,401.82616568050696,312.8128130288876
-0.3214285714285712,0.73,-0.005,268.84038431279515,1.035644584959578,0.2977189686790639,0.0,262671.3815290503,6289.027935449839,20408174.49084255,401.82014328303796,312.8104688682615
-0.3214285714285712,0.73,0.005,268.84038431279515,1.0356693219689332,0.2977548544169703,0.0,262671.37979529204,6289.0279354845015,20408173.873709373,401.8201405752893,312.81046781429234
-0.3214285714285712,0.73,0.015,268.84038431279515,1.035644584959578,0.2977189686790639,0.0,262671.3815290503,6289.027935449839,20408174.49084255,401.82014328303796,312.8104688682615
-0.3214285714285712,0.75,-0.005,268.8273697016909,0.7767777347787399,0.4138763531396372,0.0,262667.5125691406,6289.027933166242,20406901.008542538,401.81452038753935,312.80828019409967
-0.3214285714285712,0.75,0.005,268.8273697016909,0.7768014808604994,0.41390960973364593,0.0,262667.5106444739,6289.027933201844,20406900.32660286,401.8145173940105,312.8082790288846
-0.3214285714285712,0.75,0.015,268.8273697016909,0.7767777347787399,0.4138763531396372,0.0,262667.5125691406,6289.027933166242,20406901.008542538,401.81452038753935,312.80828019409967
-0.3214285714285712,0.77,-0.005,268.8153301970799,0.5133660117626146,0.5374630809334988,0.0,262663.9993197699,6289.027926805668,20405722.825768895,401.80931600672994,312.80625441031214
-0.3214285714285712,0.77,0.005,268.8153301970799,0.5133886095753003,0.5374936484727977,0.0,262663.99721264374,6289.027926842192,20405722.081985693,401.8093127404781,312.80625313893296
-0.3214285714285712,0.77,0.015,268.8153301970799,0.5133660117626146,0.5374630809334988,0.0,262663.9993197699,6289.027926805668,20405722.825768895,401.80931600672994,312.80625441031214
-0.3214285714285712,0.79,-0.005,268.80430582980676,0.2455900234787092,0.6685002046623142,0.0,262660.8590451646,6289.027915198377,20404643.818842463,401.8045467533531,312.8043979865651
-0.3214285714285712,0.79,0.005,268.80430582980676,0.24561132018904258,0.6685280384900689,0.0,262660.8567651517,6289.027915235802,20404643.016541895,401.8045432290421,312.804396614729
-0.3214285714285712,0.79,0.015,268.80430582980676,0.2455900234787092,0.6685002046623142,0.0,262660.8590451646,6289.027915198377,20404643.818842463,401.8045467533531,312.8043979865651
-0.3214285714285712,0.81,-0.005,268.79434329747335,-0.026379669347330614,0.8070133946857434,0.0,262658.1053622232,6289.027883297204,20403668.083484378,401.8002235894684,312.80271519287254
-0.3214285714285712,0.81,0.005,268.79434329747335,-0.026359820357286394,0.8070384632362432,0.0,262658.1029196256,6289.027883335253,20403667.226245575,401.80021982276185,312.80271372667613
-0.3214285714285712,0.81,0.015,268.79434329747335,-0.026379669347330614,0.8070133946857434,0.0,262658.1053622232,6289.027883297204,20403668.083484378,401.8002235894684,312.80271519287254
-0.3214285714285712,0.83,-0.005,268.785471290747,-0.30227175288593455,0.9529291216716191,0.0,262655.75947829866,6289.027847792304,20402798.944138642,401.79636920305654,312.8012148634107
-0.3214285714285712,0.83,0.005,268.785471290747,-0.30225349950512004,0.9529514166382982,0.0,262655.7568849244,6289.027847831067,20402798.035990987,401.7963652117869,312.8012133097953
-0.3214285714285712,0.83,0.015,268.785471290747,-0.30227175288593455,0.9529291216716191,0.0,262655.75947829866,6289.027847792304,20402798.944138642,401.79636920305654,312.8012148634107
-0.3214285714285712,0.85,-0.005,268.77769724026723,-0.5818457348867229,1.106203001349277,0.0,262653.8344787111,6289.02782030224,20402037.487067066,401.7929939772341,312.7999010424856
-0.3214285714285712,0.85,0.005,268.77769724026723,-0.5818292087984104,1.1062225182835632,0.0,262653.83174741967,6289.027820341797,20402036.532378435,401.7929897807286,312.7998994089747
-0.3214285714285712,0.85,0.015,268.77769724026723,-0.5818457348867229,1.106203001349277,0.0,262653.8344787111,6289.02782030224,20402037.487067066,401.7929939772341,312.7999010424856
-0.3214285714285712,0.87,-0.005,268.7710422315188,-0.8648721571642628,1.2667771494019817,0.0,262652.33849111624,6289.027790758391,20401385.458181378,401.790100861256,312.79877488046407
-0.3214285714285712,0.87,0.005,268.7710422315188,-0.8648574858983844,1.2667939012451366,0.0,262652.33563536475,6289.027790798724,20401384.461506598,401.7900964796234,312.79877317488524
-0.3214285714285712,0.87,0.015,268.7710422315188,-0.8648721571642628,1.2667771494019817,0.0,262652.33849111624,6289.027790758391,20401385.458181378,401.790100861256,312.79877488046407
-0.3214285714285712,0.89,-0.005,268.7655234369824,-1.1511123624831698,1.4345697136290385,0.0,262651.2802801455,6289.027753791933,20400844.36751322,401.78769399876427,312.797837992317
-0.3214285714285712,0.89,0.005,268.7655234369824,-1.1510996658476538,1.4345837266482997,0.0,262651.2773142032,6289.027753832979,20400843.33366229,401.7876894532252,312.79783622293127
-0.3214285714285712,0.89,0.015,268.7655234369824,-1.1511123624831698,1.4345697136290385,0.0,262651.2802801455,6289.027753791933,20400844.36751322,401.78769399876427,312.797837992317
-0.3214285714285712,0.91,-0.005,268.7611523524764,-1.4403264595107017,1.6094841368458364,0.0,262650.66799358104,6289.027706902275,20400415.259590115,401.78577683997264,312.7970917227704
-0.3214285714285712,0.91,0.005,268.7611523524764,-1.44031584885668,1.6094954499684953,0.0,262650.66493245657,6289.027706943945,20400414.19360199,401.7857721527481,312.7970898982282
-0.3214285714285712,0.91,0.015,268.7611523524764,-1.4403264595107017,1.6094841368458364,0.0,262650.66799358104,6289.027706902275,20400415.259590115,401.78577683997264,312.7970917227704
-0.3214285714285712,0.93,-0.005,268.757935481669,-1.7322764760222695,1.7914117875758642,0.0,262650.50879331,6289.027649103452,20400098.738186155,401.78435160506126,312.7965369374142
-0.3214285714285712,0.93,0.005,268.757935481669,-1.7322680534743298,1.7914204516038492,0.0,262650.50565266237,6289.027649145632,20400097.645297695,401.78434679923794,312.79653506670303
-0.3214285714285712,0.93,0.015,268.757935481669,-1.7322764760222695,1.7914117875758642,0.0,262650.50879331,6289.027649103452,20400098.738186155,401.78435160506126,312.7965369374142
-0.3214285714285712,0.95,-0.005,268.755874931069,-2.0267245277827004,1.9802308696987359,0.0,262650.80848218506,6289.027579647545,20399894.984713435,401.78341875638625,312.7961738172438
-0.3214285714285712,0.95,0.005,268.755874931069,-2.026718385714042,1.9802369466048024,0.0,262650.8052782292,6289.027579690104,20399893.870326634,401.7834138557752,312.79617190963353
-0.3214285714285712,0.95,0.015,268.755874931069,-2.0267245277827004,1.9802308696987359,0.0,262650.80848218506,6289.027579647545,20399894.984713435,401.78341875638625,312.7961738172438
-0.3214285714285712,0.97,-0.005,268.7549687398974,-2.3234356265204177,2.17580944409591,0.0,262651.5714443761,6289.027497677958,20399803.779685315,401.78297692778267,312.7960018311336
-0.3214285714285712,0.97,0.005,268.7549687398974,-2.3234318471616136,2.175813006310679,0.0,262651.56819378486,6289.027497720754,20399802.64933453,401.7829719567733,312.795999896119
-0.3214285714285712,0.97,0.015,268.7549687398974,-2.3234356265204177,2.17580944409591,0.0,262651.5714443761,6289.027497677958,20399803.779685315,401.78297692778267,312.7960018311336
-0.3214285714285712,0.99,-0.005,268.7552418912546,-2.6229524155357544,2.378731389580565,0.0,262652.8117783825,6289.027398819841,20399827.43254689,401.7830342363224,312.79602413904917
-0.3214285714285712,0.99,0.005,268.7552418912546,-2.6229510624280072,2.3787325450407284,0.0,262652.808492249,6289.027398862604,20399826.289806176,401.7830292105908,312.7960221827335
-0.3214285714285712,0.99,0.015,268.7552418912546,-2.6229524155357544,2.378731389580565,0.0,262652.8117783825,6289.027398819841,20399827.43254689,401.7830342363224,312.79602413904917
-0.3214285714285712,1.01,-0.005,268.7541517689429,-1.0638710632192147e-05,9.648148695073086e-06,0.0,262652.45218187757,6289.042873161927,20400203.683567565,401.79207432014914,312.7995430611195
-0.3214285714285712,1.01,0.005,268.7530616466312,2.6229524155357544,-2.378731389580565,0.0,262652.09258245555,6289.027141327991,20399606.0898873,401.7819340477617,312.7955958794988
-0.3214285714285712,1.01,0.015,268.7541517689429,-1.0638710632192147e-05,9.648148695073086e-06,0.0,262652.45218187757,6289.042873161927,20400203.683567565,401.79207432014914,312.7995430611195
-0.25,-0.01,-0.005,269.38324686071076,6.2560523700532595,-3.2970812725160496e-18,0.0,262843.9701954648,6289.029000677641,20461340.870515227,402.05511284063465,312.9019154976717
-0.25,-0.01,0.005,269.3832468607107,6.256052370053261,0.026553723381467564,0.0,262843.97019546485,6289.028999800771,20461340.843068585,402.0551123013219,312.90191528780997
-0.25,-0.01,0.015,269.38324686071076,6.2560523700532595,-3.2970812725160496e-18,0.0,262843.9701954648,6289.029000677641,20461340.870515227,402.05511284063465,312.9019154976717
-0.25,0.01,-0.005,269.38324686071076,6.25605237005326,-0.026553723381467564,0.0,262843.9701954648,6289.028999800771,20461340.843068585,402.05511230132186,312.90191528780997
-0.25,0.01,0.005,269.38324686071076,6.256050534873843,-0.02655159694302122,0.0,262843.97349555825,6289.028999815653,20461341.991370883,402.05511736728266,312.9019172591178
-0.25,0.01,0.015,269.38324686071076,6.25605237005326,-0.026553723381467564,0.0,262843.9701954648,6289.028999800771,20461340.843068585,402.05511230132186,312.90191528780997
-0.25,0.030000000000000002,-0.005,269.38188265504016,6.247863846777884,-0.0795224334581014,0.0,262843.5376079853,6289.0290008973025,20461207.3160819,402.05452456824855,312.9016865842493
-0.25,0.030000000000000002,0.005,269.38188265504016,6.247862165074567,-0.0795161352747244,0.0,262843.5408950778,6289.029000912228,20461208.459675442,402.0545296135111,312.90168854750436
-0.25,0.030000000000000002,0.015,269.38188265504016,6.247863846777884,-0.0795224334581014,0.0,262843.5376079853,6289.0290008973025,20461207.3160819,402.05452456824855,312.9016865842493
-0.25,0.05,-0.005,269.3791612509175,6.231550220512764,-0.13206897183521077,0.0,262842.67493690265,6289.029003107356,20460940.94531052,402.05335211117006,312.90123034754214
-0.25,0.05,0.005,269.3791612509175,6.231548844975481,-0.1320585139325926,0.0,262842.67820943356,6289.029003122383,20460942.083458927,402.0533571325431,312.90123230150397
-0.25,0.05,0.015,269.3791612509175,6.231550220512764,-0.13206897183521077,0.0,262842.67493690265,6289.029003107356,20460940.94531052,402.05335211117006,312.90123034754214
-0.25,0.07,-0.005,269.3750951654558,6.207157231046399,-0.18391301131079693,0.0,262841.3861631051,6289.0290061585765,20460542.95090812,402.051600157957,312.90054861101373
-0.25,0.07,0.005,269.3750951654558,6.207156310881461,-0.18389845287782783,0.0,262841.3894137127,6289.029006173755,20460544.0808676,402.05160514340065,312.90055055099856
-0.25,0.07,0.015,269.3750951654558,6.207157231046399,-0.18391301131079693,0.0,262841.3861631051,6289.0290061585765,20460542.95090812,402.051600157957,312.90054861101373
-0.25,0.09,-0.005,269.36970335858877,6.174708711081879,-0.2347749196808379,0.0,262839.67720185436,6289.029010095152,20460015.192293704,402.04927689553546,312.8996445589764
-0.25,0.09,0.005,269.36970335858877,6.174708390726108,-0.23475634288545516,0.0,262839.680423091,6289.029010110534,20460016.31129896,402.0492818329135,312.8996464802631
-0.25,0.09,0.015,269.36970335858877,6.174708711081879,-0.2347749196808379,0.0,262839.67720185436,6289.029010095152,20460015.192293704,402.04927689553546,312.8996445589764
-0.25,0.11,-0.005,269.3630110270194,6.134227762349842,-0.28437595282997474,0.0,262837.555872883,6289.029015001599,20459360.141284104,402.04639322032773,312.89852242965384
-0.25,0.11,0.005,269.3630110270194,6.1342281799685265,-0.28435346215096735,0.0,262837.55905718764,6289.029015017229,20459361.246541426,402.04639809737625,312.8985243274712
-0.25,0.11,0.015,269.3630110270194,6.134227762349842,-0.28437595282997474,0.0,262837.555872883,6289.029015001599,20459360.141284104,402.04639322032773,312.89852242965384
-0.25,0.13,-0.005,269.3550494518816,6.085739826608393,-0.3324383997510827,0.0,262835.03185945604,6289.029020956245,20458580.865669426,402.0429626444985,312.8971874787427
-0.25,0.13,0.005,269.3550494518816,6.0857411126711565,-0.3324121211208421,0.0,262835.03499913384,6289.029020972174,20458581.95435201,402.0429674488051,312.8971893482618
-0.25,0.13,0.015,269.3550494518816,6.085739826608393,-0.3324383997510827,0.0,262835.03185945604,6289.029020956245,20458580.865669426,402.0429626444985,312.8971874787427
-0.25,0.15,-0.005,269.34585577951424,6.029274799971178,-0.37868592496816894,0.0,262832.116664551,6289.029028038838,20457681.00792234,402.0390012067318,312.89564594474746
-0.25,0.15,0.005,269.34585577951424,6.02927707591086,-0.378656004746474,0.0,262832.11975175823,6289.029028055112,20457682.077167198,402.0390059257213,312.8956477810758
-0.25,0.15,0.015,269.34585577951424,6.029274799971178,-0.37868592496816894,0.0,262832.116664551,6289.029028038838,20457681.00792234,402.0390012067318,312.89564594474746
-0.25,0.17,-0.005,269.3354728268539,5.964867374599099,-0.4228438631092292,0.0,262828.82355731155,6289.029036323476,20456664.76584973,402.03452738472464,312.89390501499076
-0.25,0.17,0.005,269.3354728268539,5.964870751574474,-0.42281046690105184,0.0,262828.8265840461,6289.02903634014,20456665.812756345,402.03453200565315,312.89390681317013
-0.25,0.17,0.015,269.3354728268539,5.964867374599099,-0.4228438631092292,0.0,262828.82355731155,6289.029036323476,20456664.76584973,402.03452738472464,312.89390501499076
-0.25,0.19,-0.005,269.323948843158,5.8925564168262765,-0.46463938079486994,0.0,262825.16750411,6289.029045877725,20455536.86915366,402.0295619927254,312.89197278581156
-0.25,0.19,0.005,269.323948843158,5.892560994605125,-0.4646026921271348,0.0,262825.1704622078,6289.029045894823,20455537.890784603,402.0295665026815,312.8919745408182
-0.25,0.19,0.015,269.323948843158,5.8925564168262765,-0.46463938079486994,0.0,262825.16750411,6289.029045877725,20455536.86915366,402.0295619927254,312.89197278581156
-0.25,0.21,-0.005,269.31133723943253,5.8123850940460144,-0.5038017390306494,0.0,262821.1650946922,6289.029056759905,20454302.55276676,402.02412806408364,312.8898582169357
-0.25,0.21,0.005,269.31133723943253,5.81239096001608,-0.5037619579032199,0.0,262821.167975832,6289.02905677748,20454303.546150587,402.0241324500021,312.8898599236858
-0.25,0.21,0.015,269.31133723943253,5.8123850940460144,-0.5038017390306494,0.0,262821.1650946922,6289.029056759905,20454302.55276676,402.02412806408364,312.8898582169357
-0.25,0.23000000000000004,-0.005,269.2976962999365,5.724401046828306,-0.5400625843644343,0.0,262816.8344614553,6289.029069010636,20452967.528248705,402.01825072259027,312.8875710814887
-0.25,0.23000000000000004,0.005,269.2976962999365,5.7244082751408225,-0.5400199256914993,0.0,262816.83725716965,6289.029069028729,20452968.49038497,402.0182549712727,312.88757273484634
-0.25,0.23000000000000004,0.015,269.2976962999365,5.724401046828306,-0.5400625843644343,0.0,262816.8344614553,6289.029069010636,20452967.528248705,402.01825072259027,312.8875710814887
-0.25,0.25,-0.005,269.2830888617397,5.62865641071163,-0.5731562267439843,0.0,262812.1951925175,6289.029082653131,20451537.952326123,402.01195704544676,312.8851219127529
-0.25,0.25,0.005,269.2830888617397,5.628665061571421,-0.5731109187049596,0.0,262812.197894212,6289.029082671783,20451538.880192842,402.01196114359476,312.8851235075432
-0.25,0.25,0.015,269.2830888617397,5.62865641071163,-0.5731562267439843,0.0,262812.1951925175,6289.029082653131,20451537.952326123,402.01195704544676,312.8851219127529
-0.25,0.27,-0.005,269.26758196433013,5.525208092034179,-0.6028199987613212,0.0,262807.2682382416,6289.029097694233,20450020.392522726,402.0052759137751,312.8825219460773
-0.25,0.27,0.005,269.26758196433013,5.5252182111348205,-0.6027722810782883,0.0,262807.2708372214,6289.029097713484,20450021.283086084,402.00527984803267,312.88252347710255
-0.25,0.27,0.015,269.26758196433013,5.525208092034179,-0.6028199987613212,0.0,262807.2682382416,6289.029097694233,20450020.392522726,402.0052759137751,312.8825219460773
-0.25,0.29,-0.005,269.2512464859594,5.414117570466182,-0.6287945373278426,0.0,262802.0758095687,6289.029114121015,20448421.7913537,401.99823785466754,312.8797830574938
-0.25,0.29,0.005,269.2512464859594,5.4141291885775775,-0.6287446594890376,0.0,262802.07829707314,6289.029114140902,20448422.641580112,401.9982416116741,312.8797845195541
-0.25,0.29,0.015,269.2512464859594,5.414117570466182,-0.6287945373278426,0.0,262802.0758095687,6289.029114121015,20448421.7913537,401.99823785466754,312.8797830574938
-0.25,0.31,-0.005,269.2341567654412,5.295451435346968,-0.6508242628093991,0.0,262796.6412750864,6289.029131894035,20446749.428994622,401.99087487487225,312.8769176990756
-0.25,0.31,0.005,269.2341567654412,5.2954645680483585,-0.6507724822555405,0.0,262796.64364233025,6289.029131914592,20446750.235865023,401.99087844132515,312.87691908699367
-0.25,0.31,0.015,269.2341567654412,5.295451435346968,-0.6508242628093991,0.0,262796.6412750864,6289.029131894035,20446749.428994622,401.99087487487225,312.8769176990756
-0.25,0.33,-0.005,269.21639020129794,5.169280924503289,-0.6686576230228303,0.0,262790.9890491244,6289.029150948358,20445010.88398093,401.98322028942715,312.8739388323263
-0.25,0.33,0.005,269.21639020129794,5.169295572073416,-0.6686042033180227,0.0,262790.9912873467,6289.029150969619,20445011.644507084,401.98322365215415,312.873940140975
-0.25,0.33,0.015,269.21639020129794,5.169280924503289,-0.6686576230228303,0.0,262790.9890491244,6289.029150948358,20445010.88398093,401.98322028942715,312.8739388323263
-0.25,0.35,-0.005,269.1980268418605,5.035682040947811,-0.6820474994544548,0.0,262785.1444801029,6289.029171193459,20443213.992993735,401.97530854563644,312.8708598597498
-0.25,0.35,0.005,269.1980268418605,5.035698188398047,-0.6819927084565622,0.0,262785.1465806216,6289.029171215458,20443214.704236526,401.9753116916759,312.8708610840839
-0.25,0.35,0.015,269.1980268418605,5.035682040947811,-0.6820474994544548,0.0,262785.1444801029,6289.029171193459,20443213.992993735,401.97530854563644,312.8708598597498
-0.25,0.37,-0.005,269.1791489715617,4.894735953913392,-0.69075172280011,0.0,262779.13373848156,6289.0291925117535,20441366.81023816,401.96717504446326,312.8676945554088
-0.25,0.37,0.005,269.1791489715617,4.894753571163974,-0.6906958308491656,0.0,262779.13569275464,6289.029192534523,20441367.469327517,401.9671779611529,312.8676956904989
-0.25,0.37,0.015,269.1791489715617,4.894735953913392,-0.69075172280011,0.0,262779.13373848156,6289.0291925117535,20441366.81023816,401.96717504446326,312.8676945554088
-0.25,0.39,-0.005,269.15984067652937,4.746529009890474,-0.69453350178496,0.0,262772.9836954102,6289.029214754697,20439477.564729553,401.958855951402,312.86445699137954
-0.25,0.39,0.005,269.15984067652937,4.746548052074041,-0.6944767799224767,0.0,262772.9854951007,6289.029214778265,20439478.168885805,401.95885862647185,312.86445803244914
-0.25,0.39,0.015,269.15984067652937,4.746529009890474,-0.69453350178496,0.0,262772.9836954102,6289.029214754697,20439477.564729553,401.958855951402,312.86445699137954
-0.25,0.41,-0.005,269.1401874127379,4.5911522949114545,-0.6931617117689618,0.0,262766.72180188086,6289.029237744606,20437554.618020236,401.95038801185444,312.8611614659515
-0.25,0.41,0.005,269.1401874127379,4.591172702810356,-0.6931044300076559,0.0,262766.72343892703,6289.029237769003,20437555.164576706,401.9503904335283,312.86116240841574
-0.25,0.41,0.015,269.1401874127379,4.5911522949114545,-0.6931617117689618,0.0,262766.72180188086,6289.029237744606,20437554.618020236,401.95038801185444,312.8611614659515
-0.25,0.43,-0.005,269.12027557405764,4.428701519673596,-0.6864112875339026,0.0,262760.3759684546,6289.029261274256,20435606.42185856,401.94180836496554,312.8578224312166
-0.25,0.43,0.005,269.12027557405764,4.42872322027311,-0.686353713188521,0.0,262760.37743514223,6289.02926129951,20435606.9082849,401.94181052206324,312.8578232707223
-0.25,0.43,0.015,269.12027557405764,4.428701519673596,-0.6864112875339026,0.0,262760.3759684546,6289.029261274256,20435606.42185856,401.94180836496554,312.8578224312166
-0.25,0.44999999999999996,-0.005,269.10019207306533,4.259278807484492,-0.6740643756207191,0.0,262753.9744548934,6289.0292851015665,20433641.476956267,401.93315435981316,312.85445442156396
-0.25,0.44999999999999996,0.005,269.10019207306533,4.259301714622499,-0.6740067717083348,0.0,262753.9757439311,6289.029285127704,20433641.90088241,401.9331562418571,312.85445515403126
-0.25,0.44999999999999996,0.015,269.10019207306533,4.259278807484492,-0.6740643756207191,0.0,262753.9744548934,6289.0292851015665,20433641.476956267,401.93315435981316,312.85445442156396
-0.25,0.47,-0.005,269.08002389505555,4.082991362052497,-0.6559103215380273,0.0,262747.5457421479,6289.0293089590095,20431668.289606478,401.92446336894625,312.85107198113195
-0.25,0.47,0.005,269.08002389505555,4.0830153771858155,-0.6558529452704819,0.0,262747.546846743,6289.029308986056,20431668.64884676,401.9244649662682,312.8510726027959
-0.25,0.47,0.015,269.08002389505555,4.082991362052497,-0.6559103215380273,0.0,262747.5457421479,6289.0293089590095,20431668.289606478,401.92446336894625,312.85107198113195
-0.25,0.49,-0.005,269.0598576784525,3.899951160758241,-0.6317460404937586,0.0,262741.11841245013,6289.02933255244,20429695.330568593,401.91577260667117,312.84768959309673
-0.25,0.49,0.005,269.0598576784525,3.899976173806114,-0.631689141860024,0.0,262741.11932638445,6289.0293325804205,20429695.623145692,401.91577391051857,312.8476901005484
-0.25,0.49,0.015,269.0598576784525,3.899951160758241,-0.6317460404937586,0.0,262741.11841245013,6289.02933255244,20429695.330568593,401.91577260667117,312.84768959309673
-0.25,0.51,-0.005,269.0397793145833,3.7102758361056494,-0.6013769124428218,0.0,262734.72103448276,6289.029355548244,20427730.995496344,401.9071189483656,312.844321609349
-0.25,0.51,0.005,269.0397793145833,3.710301726352439,-0.6013207328856903,0.0,262734.7217521876,6289.0293555771805,20427731.219664756,401.90711995100537,312.84432199957615
-0.25,0.51,0.015,269.0397793145833,3.7102758361056494,-0.6013769124428218,0.0,262734.72103448276,6289.029355548244,20427730.995496344,401.9071189483656,312.844321609349
-0.25,0.53,-0.005,269.0198735474598,3.5140887540870485,-0.5646173520501182,0.0,262728.38205212576,6289.029377581728,20425783.566044237,401.8985387627268,312.84098218519426
-0.25,0.53,0.005,269.0198735474598,3.5141153911636565,-0.5645621232570622,0.0,262728.38256875484,6289.029377611646,20425783.720312923,401.8985394575465,312.8409824556208
-0.25,0.53,0.015,269.0198735474598,3.5140887540870485,-0.5646173520501182,0.0,262728.38205212576,6289.029377581728,20425783.566044237,401.8985387627268,312.84098218519426
-0.25,0.55,-0.005,269.0002235749468,3.3115180790386227,-0.5212908983073342,0.0,262722.12966768164,6289.029398262711,20423861.171034288,401.8900677427522,312.83768521354864
-0.25,0.55,0.005,269.0002235749468,3.311545323960946,-0.5212368411156829,0.0,262722.12997918075,6289.029398293627,20423861.254188158,401.89006812435514,312.8376853620716
-0.25,0.55,0.015,269.0002235749468,3.3115180790386227,-0.5212908983073342,0.0,262722.12966768164,6289.029398262711,20423861.171034288,401.8900677427522,312.83768521354864
-0.25,0.57,-0.005,268.98091068775466,3.1026982126569314,-0.4712314706022399,0.0,262715.9917389304,6289.029417168941,20421971.750956923,401.88174074544975,312.8344442625229
-0.25,0.57,0.005,268.98091068775466,3.102725918882044,-0.471178794007981,0.0,262715.9918421026,6289.029417200878,20421971.762076836,401.8817408097439,312.83444428754694
-0.25,0.57,0.015,268.98091068775466,3.1026982126569314,-0.4712314706022399,0.0,262715.9917389304,6289.029417168941,20421971.750956923,401.88174074544975,312.8344442625229
-0.25,0.59,-0.005,268.962013903031,2.8877689297342077,-0.4142835045186456,0.0,262709.99567069334,6289.029433855462,20420123.022451922,401.8735916388921,312.8312725158543
-0.25,0.59,0.005,268.962013903031,2.8877969442608524,-0.41423240480921814,0.0,262709.99556325964,6289.029433888436,20420122.96093301,401.8735913831716,312.8312724163238
-0.25,0.59,0.015,268.962013903031,2.8877689297342077,-0.4142835045186456,0.0,262709.99567069334,6289.029433855462,20420123.022451922,401.8735916388921,312.8312725158543
-0.25,0.61,-0.005,268.94360964063435,2.666875684436489,-0.3503026720452576,0.0,262704.1683152379,6289.029447848113,20418322.446481206,401.86565315784634,312.82818271666963
-0.25,0.61,0.005,268.94360964063435,2.666903848922895,-0.3502533320487719,0.0,262704.167995892,6289.029447882139,20418322.312049124,401.865652580864,312.82818249209663
-0.25,0.61,0.015,268.94360964063435,2.666875684436489,-0.3503026720452576,0.0,262704.1683152379,6289.029447848113,20418322.446481206,401.86565315784634,312.82818271666963
-0.25,0.63,-0.005,268.9257714046019,2.4401687312094245,-0.27915594335408717,0.0,262698.5358685896,6289.029458635654,20416577.196975756,401.8579567607129,312.82518711174845
-0.25,0.63,0.005,268.9257714046019,2.4401968831025007,-0.2791085318065563,0.0,262698.53533704596,6289.029458670746,20416576.989700757,401.8579558627427,312.8251867622373
-0.25,0.63,0.015,268.9257714046019,2.4401687312094245,-0.27915594335408717,0.0,262698.5358685896,6289.029458635654,20416577.196975756,401.8579567607129,312.82518711174845
-0.25,0.65,-0.005,268.90856951295314,2.20780489001643,-0.2007231297620123,0.0,262693.1237824069,6289.029465651749,20414894.133903008,401.8505325010144,312.82229740144504
-0.25,0.65,0.005,268.90856951295314,2.207832863669,-0.2006778007828058,0.0,262693.1230394422,6289.029465687918,20414893.854211602,401.8505312839041,312.8222969277126
-0.25,0.65,0.015,268.90856951295314,2.20780489001643,-0.2007231297620123,0.0,262693.1237824069,6289.029465651749,20414894.133903008,401.8505325010144,312.82229740144504
-0.25,0.67,-0.005,268.89207080377264,1.9699471394266184,-0.11489723961230562,0.0,262687.95666779176,6289.029468275942,20413279.77461247,401.8434089002633,312.81952469014016
-0.25,0.67,0.005,268.89207080377264,1.969974767205067,-0.11485413229068064,0.0,262687.95571527723,6289.029468313193,20413279.423296403,401.8434073674738,312.8195240935316
-0.25,0.67,0.015,268.89207080377264,1.9699471394266184,-0.11489723961230562,0.0,262687.95666779176,6289.029468275942,20413279.77461247,401.8434089002633,312.81952469014016
-0.25,0.69,-0.005,268.8763384232359,1.7267651108750899,-0.02158534215699695,0.0,262683.05822057516,6289.029465829616,20411740.273048043,401.83661285308676,312.81687944924647
-0.25,0.69,0.005,268.8763384232359,1.7267922242637308,-0.021544580255463165,0.0,262683.0570615014,6289.029465867954,20411739.85127045,401.83661100971966,312.81687873174553
-0.25,0.69,0.015,268.8763384232359,1.7267651108750899,-0.02158534215699695,0.0,262683.05822057516,6289.029465829616,20411740.273048043,401.83661285308676,312.81687944924647
-0.25,0.71,-0.005,268.8614315842036,1.4784330465679338,0.07929221225284705,0.0,262678.45114171365,6289.0294575966345,20410281.39685296,401.8301695347736,312.8143714811527
-0.25,0.71,0.005,268.8614315842036,1.4784594772688646,0.07933052047850085,0.0,262678.44978020666,6289.029457636054,20410280.906151697,401.83016738758613,312.8143706453879
-0.25,0.71,0.015,268.8614315842036,1.4784330465679338,0.07929221225284705,0.0,262678.45114171365,6289.0294575966345,20410281.39685296,401.8301695347736,312.8143714811527
-0.25,0.73,-0.005,268.8474054429877,1.225131986050102,0.18779999670213543,0.0,262674.1570858001,6289.029442814561,20408908.515121512,401.82410234177235,312.812009895994
-0.25,0.73,0.005,268.8474054429877,1.2251575670637638,0.18783575857634074,0.0,262674.15552712826,6289.029442855056,20408907.957409516,401.8240998991793,312.8120089452391
-0.25,0.73,0.015,268.8474054429877,1.225131986050102,0.18779999670213543,0.0,262674.1570858001,6289.029442814561,20408908.515121512,401.82410234177235,312.812009895994
-0.25,0.75,-0.005,268.834310960195,0.9670507348116804,0.30398651570874363,0.0,262670.1965996948,6289.029420670083,20407626.584722582,401.8184328278904,312.8098030867483
-0.25,0.75,0.005,268.834310960195,0.9670753015076178,0.3040196540985832,0.0,262670.19485026604,6289.029420711636,20407625.962285265,401.81843009995123,312.8098020249178
-0.25,0.75,0.015,268.834310960195,0.9670507348116804,0.30398651570874363,0.0,262670.1965996948,6289.029420670083,20407626.584722582,401.8184328278904,312.8098030867483
-0.25,0.77,-0.005,268.8221945797062,0.7043788315730642,0.4278885820142116,0.0,262666.5890248103,6289.029390350309,20406440.120571636,401.81318059630314,312.80775868713494
-0.25,0.77,0.005,268.8221945797062,0.7044022226257022,0.4279190352612263,0.0,262666.5870921599,6289.029390392895,20406439.436060745,401.8131775946959,312.80775751877354
-0.25,0.77,0.015,268.8221945797062,0.7043788315730642,0.4278885820142116,0.0,262666.5890248103,6289.029390350309,20406440.120571636,401.81318059630314,312.80775868713494
-0.25,0.79,-0.005,268.81109785402185,0.43729807133023085,0.5595367558963489,0.0,262663.35236985306,6289.029351026717,20405353.158545684,401.8083631269865,312.80588350437705
-0.25,0.79,0.005,268.81109785402185,0.43732012960403227,0.5595644777191917,0.0,262663.3502626325,6289.029351070302,20405352.414974153,401.8083598649844,312.80588223465054
-0.25,0.79,0.015,268.81109785402185,0.43729807133023085,0.5595367558963489,0.0,262663.35236985306,6289.029351026717,20405353.158545684,401.8083631269865,312.80588350437705
-0.25,0.81,-0.005,268.8010590569095,0.16598513646731225,0.6989538348780677,0.0,262660.5023916371,6289.029298435701,20404369.3066287,401.80399437081945,312.80418297189357
-0.25,0.81,0.005,268.8010590569095,0.16600571057157934,0.6989787935679753,0.0,262660.5001195708,6289.029298480259,20404368.50735244,401.80399086321916,312.80418160656114
-0.25,0.81,0.015,268.8010590569095,0.16598513646731225,0.6989538348780677,0.0,262660.5023916371,6289.029298435701,20404369.3066287,401.80399437081945,312.80418297189357
-0.25,0.83,-0.005,268.7921305003237,-0.1093886159685427,0.8461768913276603,0.0,262658.05399019294,6289.029216144344,20403493.166762274,401.80008686154065,312.8026619713109
-0.25,0.83,0.005,268.7921305003237,-0.10936967398516302,0.846199071522008,0.0,262658.0515637971,6289.0292161892785,20403492.315443397,401.8000831242245,312.8026605165546
-0.25,0.83,0.015,268.7921305003237,-0.1093886159685427,0.8461768913276603,0.0,262658.05399019294,6289.029216144344,20403493.166762274,401.80008686154065,312.8026619713109
-0.25,0.85,-0.005,268.7843281574637,-0.3885000307404201,1.0010729281229376,0.0,262656.02928440296,6289.029131636648,20402727.156187408,401.7966644253456,312.8013297796727
-0.25,0.85,0.005,268.7843281574637,-0.3884828601497734,1.0010923264076852,0.0,262656.02671589406,6289.029131682474,20402726.256928105,401.79666047667195,312.8013282426386
-0.25,0.85,0.015,268.7843281574637,-0.3885000307404201,1.0010729281229376,0.0,262656.02928440296,6289.029131636648,20402727.156187408,401.7966644253456,312.8013297796727
-0.25,0.87,-0.005,268.7776536449621,-0.671133127163666,1.1636293899155665,0.0,262654.4377204178,6289.029050972878,20402071.619205732,401.7937315145971,312.8001881324943
-0.25,0.87,0.005,268.7776536449621,-0.6711178587873124,1.1636460173405068,0.0,262654.43502244697,6289.02905101947,20402070.676297225,401.7937273734588,312.80018652053684
-0.25,0.87,0.015,268.7776536449621,-0.671133127163666,1.1636293899155665,0.0,262654.4377204178,6289.029050972878,20402071.619205732,401.7937315145971,312.8001881324943
-0.25,0.89,-0.005,268.7721277769388,-0.9570523980174509,1.333778887589205,0.0,262653.2865365767,6289.028961553476,20401528.19642314,401.7912894018283,312.79923752720316
-0.25,0.89,0.005,268.7721277769388,-0.9570391547956367,1.3337927685806747,0.0,262653.2837226872,6289.028961600786,20401527.214426506,401.7912850883528,312.79923584815754
-0.25,0.89,0.015,268.7721277769388,-0.9570523980174509,1.333778887589205,0.0,262653.2865365767,6289.028961553476,20401528.19642314,401.7912894018283,312.79923752720316
-0.25,0.9099999999999999,-0.005,268.7677641170498,-1.2460201366890178,1.5114392091221152,0.0,262652.5837373226,6289.028858117508,20401098.04848269,401.78934073400006,312.7984789958885
-0.25,0.9099999999999999,0.005,268.7677641170498,-1.2460090330748026,1.5114503809447406,0.0,262652.5808218478,6289.028858165439,20401097.03220799,401.78933626939187,312.79847725800937
-0.25,0.9099999999999999,0.015,268.7677641170498,-1.2460201366890178,1.5114392091221152,0.0,262652.5837373226,6289.028858117508,20401098.04848269,401.78934073400006,312.7984789958885
-0.25,0.9300000000000002,-0.005,268.76457047178843,-1.5378003949315848,1.6965166153476345,0.0,262652.33671851363,6289.028738316754,20400781.86405867,401.7878874568127,312.7979132973262
-0.25,0.9300000000000002,0.005,268.76457047178843,-1.5377915360210392,1.6965251272967175,0.0,262652.3337165032,6289.028738365177,20400780.818537448,401.78788286324254,312.7979115092445
-0.25,0.9300000000000002,0.015,268.76457047178843,-1.5378003949315848,1.6965166153476345,0.0,262652.33671851363,6289.028738316754,20400781.86405867,401.7878874568127,312.7979132973262
-0.25,0.9499999999999998,-0.005,268.7625495145654,-1.832157904666116,1.8889050950226762,0.0,262652.5519424525,6289.028601530888,20400579.883954972,401.7869303558102,312.7975407383417
-0.25,0.9499999999999998,0.005,268.7625495145654,-1.8321513855303437,1.8889110076749926,0.0,262652.54886958277,6289.028601579645,20400578.814409114,401.7869256562803,312.79753890901213
-0.25,0.9499999999999998,0.015,268.7625495145654,-1.832157904666116,1.8889050950226762,0.0,262652.5519424525,6289.028601530888,20400579.883954972,401.7869303558102,312.7975407383417
-0.25,0.9700000000000001,-0.005,268.76169966325244,-2.128861564093981,2.088489979649161,0.0,262653.2343922911,6289.028446916663,20400491.926093884,401.78646823634205,312.7973608545976
-0.25,0.9700000000000001,0.005,268.76169966325244,-2.1288574692615008,2.088493364105243,0.0,262653.2312647729,6289.028446965588,20400490.837903768,401.7864634545496,312.7973589932456
-0.25,0.9700000000000001,0.015,268.76169966325244,-2.128861564093981,2.088489979649161,0.0,262653.2343922911,6289.028446916663,20400491.926093884,401.78646823634205,312.7973608545976
-0.25,0.99,-0.005,268.76205179528904,-2.4286950102166585,2.296124818745568,0.0,262654.4001524986,6289.028267248564,20400520.78756355,401.78651000896787,312.7973771149346
-0.25,0.99,0.005,268.76205179528904,-2.428693405779408,2.296125781303081,0.0,262654.396981258,6289.028267297344,20400519.68425382,401.78650516034867,312.7973752275699
-0.25,0.99,0.015,268.76205179528904,-2.4286950102166585,2.296124818745568,0.0,262654.4001524986,6289.028267248564,20400520.78756355,401.78651000896787,312.7973771149346
-0.25,1.01,-0.005,268.76099852597036,-9.517351774378558e-06,8.997847619987047e-06,0.0,262654.04321903194,6289.042020422883,20400846.947250582,401.7945082061201,312.80049046316554
-0.25,1.01,0.005,268.7599452566517,2.4286950102166585,-2.2961248187455685,0.0,262653.68628276774,6289.027971152668,20400305.45331077,401.78541796814517,312.7969520288147
-0.25,1.01,0.015,268.76099852597036,-9.517351774378558e-06,8.997847619987047e-06,0.0,262654.04321903194,6289.042020422883,20400846.947250582,401.7945082061201,312.80049046316554
-0.17857142857142838,-0.01,-0.005,269.38871190131215,6.431182087472755,0.0,0.0,262847.18473147304,6289.030399974516,20461919.758884992,402.0583307881966,312.9031676891117
-0.17857142857142838,-0.01,0.005,269.38871190131215,6.431182087472755,0.02871610618290283,0.0,262847.18473147304,6289.030398949024,20461919.726785485,402.05833015747015,312.90316744367925
-0.17857142857142838,-0.01,0.015,269.38871190131215,6.431182087472755,0.0,0.0,262847.18473147304,6289.030399974516,20461919.758884992,402.0583307881966,312.9031676891117
-0.17857142857142838,0.01,-0.005,269.3887119013122,6.431182087472755,-0.02871610618290283,0.0,262847.18473147304,6289.030398949024,20461919.726785485,402.05833015747015,312.90316744367925
-0.17857142857142838,0.01,0.005,269.3887119013122,6.431180426386346,-0.028713999269366252,0.0,262847.1879834887,6289.030398968416,20461920.857652277,402.0583351486693,312.9031693858875
-0.17857142857142838,0.01,0.015,269.3887119013122,6.431182087472755,-0.02871610618290283,0.0,262847.18473147304,6289.030398949024,20461919.726785485,402.05833015747015,312.90316744367925
-0.17857142857142838,0.030000000000000002,-0.005,269.38736200285,6.423082098693899,-0.0860087201011925,0.0,262846.75634013925,6289.030401404658,20461787.641793046,402.057749437458,312.9029414700043
-0.17857142857142838,0.030000000000000002,0.005,269.38736200285,6.423080592661454,-0.08600247917252499,0.0,262846.75957994413,6289.030401424092,20461788.76822432,402.05775440916204,312.90294340462793
-0.17857142857142838,0.030000000000000002,0.015,269.38736200285,6.423082098693899,-0.0860087201011925,0.0,262846.75634013925,6289.030401404658,20461787.641793046,402.057749437458,312.9029414700043
-0.17857142857142838,0.05,-0.005,269.3846691540774,6.406933601702108,-0.1428762259539657,0.0,262845.90195973875,6289.03040630756,20461524.148490723,402.0565909658081,312.90249067724073
-0.17857142857142838,0.05,0.005,269.3846691540774,6.406932405019493,-0.14286586281260022,0.0,262845.9051863741,6289.030406327096,20461525.26995778,402.05659591574073,312.9024926033953
-0.17857142857142838,0.05,0.015,269.3846691540774,6.406933601702108,-0.1428762259539657,0.0,262845.90195973875,6289.03040630756,20461524.148490723,402.0565909658081,312.90249067724073
-0.17857142857142838,0.07,-0.005,269.38064544463504,6.382781905927895,-0.1990361573712796,0.0,262844.6254147337,6289.030413328583,20461130.423353232,402.0548597511212,312.9018170134049
-0.17857142857142838,0.07,0.005,269.38064544463504,6.382781169374495,-0.1990217302008498,0.0,262844.6286215274,6289.0304133482705,20461131.53735059,402.0548646682919,312.901818926815
-0.17857142857142838,0.07,0.015,269.38064544463504,6.382781905927895,-0.1990361573712796,0.0,262844.6254147337,6289.030413328583,20461130.423353232,402.0548597511212,312.9018170134049
-0.17857142857142838,0.09,-0.005,269.375309202561,6.350649880665154,-0.25420668887465253,0.0,262842.93240011897,6289.030422479495,20460608.262895606,402.0525636880927,312.9009235491153
-0.17857142857142838,0.09,0.005,269.375309202561,6.350649750211321,-0.25418827845261105,0.0,262842.9355803053,6289.030422499384,20460609.366893567,402.0525685614029,312.90092544546343
-0.17857142857142838,0.09,0.015,269.375309202561,6.350649880665154,-0.25420668887465253,0.0,262842.93240011897,6289.030422479495,20460608.262895606,402.0525636880927,312.9009235491153
-0.17857142857142838,0.11,-0.005,269.36868479600423,6.310559187137327,-0.3081067952590296,0.0,262840.8304446914,6289.030433804022,20459960.05651007,402.049713291006,312.89981437392
-0.17857142857142838,0.11,0.005,269.36868479600423,6.310559802432071,-0.3080845043061314,0.0,262840.83359138074,6289.030433824161,20459961.14794695,402.049718109214,312.8998162488329
-0.17857142857142838,0.11,0.015,269.36868479600423,6.310559187137327,-0.3081067952590296,0.0,262840.8304446914,6289.030433804022,20459960.05651007,402.049713291006,312.89981437392
-0.17857142857142838,0.13,-0.005,269.3608024941918,6.262533353556939,-0.3604563667423547,0.0,262838.32887534495,6289.030447333045,20459188.77139973,402.04632160674123,312.89849456248874
-0.17857142857142838,0.13,0.005,269.3608024941918,6.26253484649336,-0.360430319087942,0.0,262838.33198150084,6289.030447353483,20459189.847676184,402.04632635843694,312.89849641152745
-0.17857142857142838,0.13,0.015,269.3608024941918,6.262533353556939,-0.3604563667423547,0.0,262838.32887534495,6289.030447333045,20459188.77139973,402.04632160674123,312.89849456248874
-0.17857142857142838,0.15,-0.005,269.3516982608825,6.206600099939213,-0.4109765520716349,0.0,262835.43878026376,6289.030463095766,20458297.93264376,402.0424041331944,312.896970142919
-0.17857142857142838,0.15,0.005,269.3516982608825,6.206602593302108,-0.41094689165434556,0.0,262835.44183868467,6289.03046311655,20458298.991118655,402.04240880678094,312.89697196157175
-0.17857142857142838,0.15,0.015,269.3516982608825,6.206600099939213,-0.4109765520716349,0.0,262835.43878026376,6289.030463095766,20458297.93264376,402.0424041331944,312.896970142919
-0.17857142857142838,0.17,-0.005,269.3414135810949,6.142791574393358,-0.4593900211025363,0.0,262832.17295968503,6289.030481109062,20457291.60582854,402.0379787387393,312.89524806545535
-0.17857142857142838,0.17,0.005,269.3414135810949,6.142795180613127,-0.4593569108193871,0.0,262832.1759629915,6289.030481130237,20457292.64381653,402.0379833224215,312.8952498491331
-0.17857142857142838,0.17,0.015,269.3414135810949,6.142791574393358,-0.4593900211025363,0.0,262832.17295968503,6289.030481109062,20457291.60582854,402.0379787387393,312.89524806545535
-0.17857142857142838,0.19,-0.005,269.32999524376476,6.071143784466823,-0.5054211061231187,0.0,262828.5458630864,6289.0305013756015,20456174.37563018,402.03306556815284,312.893336165949
-0.17857142857142838,0.19,0.005,269.32999524376476,6.071148604493763,-0.5053847265412633,0.0,262828.548803715,6289.030501397214,20456175.390401237,402.03307004993496,312.8933379099843
-0.17857142857142838,0.19,0.015,269.32999524376476,6.071143784466823,-0.5054211061231187,0.0,262828.5458630864,6289.0305013756015,20456174.37563018,402.03306556815284,312.893336165949
-0.17857142857142838,0.21,-0.005,269.3174950922535,5.991696763389706,-0.5487960486176116,0.0,262824.57352258364,6289.0305238826,20454951.321262933,402.0276869351323,312.8912431241039
-0.17857142857142838,0.21,0.005,269.3174950922535,5.991702885697274,-0.5487565965637693,0.0,262824.5763927872,6289.030523904695,20454952.31004395,402.0276913028244,312.89124482375377
-0.17857142857142838,0.21,0.015,269.3174950922535,5.991696763389706,-0.5487960486176116,0.0,262824.57352258364,6289.0305238826,20454951.321262933,402.0276869351323,312.8912431241039
-0.17857142857142838,0.23,-0.005,269.30396976157425,5.904494709402047,-0.5892432628281049,0.0,262820.27347968356,6289.030548593081,20453627.99038798,402.02186720452465,312.8889784177246
-0.17857142857142838,0.23,0.005,269.30396976157425,5.9045022091244475,-0.5892009498715277,0.0,262820.2762715394,6289.030548615701,20453628.950366624,402.0218714457594,312.88898006817664
-0.17857142857142838,0.23,0.015,269.30396976157425,5.904494709402047,-0.5892432628281049,0.0,262820.27347968356,6289.030548593081,20453627.99038798,402.02186720452465,312.8889784177246
-0.17857142857142838,0.25,-0.005,269.28948038282476,5.8095860260666745,-0.6264935929506028,0.0,262815.66470601433,6289.030575446057,20452210.370088134,402.01563266593155,312.8865522736098
-0.17857142857142838,0.25,0.005,269.28948038282476,5.809594964283508,-0.6264486437980022,0.0,262815.6674114397,6289.030575469245,20452211.29841901,402.01563676819154,312.886553869993
-0.17857142857142838,0.25,0.015,269.28948038282476,5.8095860260666745,-0.6264935929506028,0.0,262815.66470601433,6289.030575446057,20452210.370088134,402.01563266593155,312.8865522736098
-0.17857142857142838,0.27,-0.005,269.27409225889465,5.707023653841417,-0.6602806643683795,0.0,262810.7675185738,6289.030604358425,20450704.85508254,402.009011395983,312.88397561403747
-0.17857142857142838,0.27,0.005,269.27409225889465,5.707034077007691,-0.6602333151871677,0.0,262810.7701293485,6289.030604382222,20450705.748895615,402.0090153466369,312.8839771514362
-0.17857142857142838,0.27,0.015,269.27409225889465,5.707023653841417,-0.6602806643683795,0.0,262810.7675185738,6289.030604358425,20450704.85508254,402.009011395983,312.88397561403747
-0.17857142857142838,0.29,-0.005,269.2578745279516,5.596864911548552,-0.6903411534475883,0.0,262805.603486541,6289.030635221457,20449118.21457698,402.00203311201045,312.88125999990245
-0.17857142857142838,0.29,0.005,269.2578745279516,5.596876851077751,-0.6902916501364939,0.0,262805.6059943383,6289.030635245903,20449119.070988294,402.0020368983605,312.8812614733751
-0.17857142857142838,0.29,0.015,269.2578745279516,5.596864911548552,-0.6903411534475883,0.0,262805.603486541,6289.030635221457,20449118.21457698,402.00203311201045,312.88125999990245
-0.17857142857142838,0.31,-0.005,269.2408998126942,5.479172004181258,-0.7164152430656165,0.0,262800.19533683144,6289.030667894231,20447457.557627525,401.9947290176693,312.87841757071914
-0.17857142857142838,0.31,0.005,269.2408998126942,5.47918547617528,-0.7163638394890499,0.0,262800.1977332555,6289.030667919365,20447458.37375217,401.99473262700815,312.87841897531996
-0.17857142857142838,0.31,0.015,269.2408998126942,5.479172004181258,-0.7164152430656165,0.0,262800.19533683144,6289.030667894231,20447457.557627525,401.9947290176693,312.87841757071914
-0.17857142857142838,0.33,-0.005,269.2232438457583,5.354011641803544,-0.7382468653683241,0.0,262794.5668505658,6289.030702204169,20445730.29639665,401.98713164259635,312.87546098229876
-0.17857142857142838,0.33,0.005,269.2232438457583,5.354026646939192,-0.7381938215751845,0.0,262794.56912719685,6289.030702230029,20445731.06936378,401.98713506227364,312.8754623131039
-0.17857142857142838,0.33,0.015,269.2232438457583,5.354011641803544,-0.7382468653683241,0.0,262794.5668505658,6289.030702204169,20445730.29639665,401.98713164259635,312.87546098229876
-0.17857142857142838,0.35,-0.005,269.20498508578885,5.2214551722547595,-0.7555840972027266,0.0,262788.7427596672,6289.030737946899,20443944.10848056,401.97927467756296,312.87240334266903
-0.17857142857142838,0.35,0.005,269.20498508578885,5.221471695813642,-0.755529677644083,0.0,262788.7449081124,6289.030737973521,20443944.835450374,401.9792778950591,312.87240459480546
-0.17857142857142838,0.35,0.015,269.20498508578885,5.2214551722547595,-0.7555840972027266,0.0,262788.7427596672,6289.030737946899,20443944.10848056,401.97927467756296,312.87240334266903
-0.17857142857142838,0.37,-0.005,269.18620432790357,5.081578941721706,-0.7681796506830998,0.0,262782.7486423419,6289.030774884667,20442106.898650073,401.9711928062361,312.86925814666716
-0.17857142857142838,0.37,0.005,269.18620432790357,5.081596953763704,-0.7681241224466712,0.0,262782.7506542928,6289.03077491209,20442107.57683256,401.9711958092467,312.869259315345
-0.17857142857142838,0.37,0.015,269.18620432790357,5.081578941721706,-0.7681796506830998,0.0,262782.7486423419,6289.030774884667,20442106.898650073,401.9711928062361,312.86925814666716
-0.17857142857142838,0.39,-0.005,269.1669842952,4.934464392030862,-0.7757913139205663,0.0,262776.6108102893,6289.030812741996,20440226.758658387,401.96292152696503,312.86603920664334
-0.17857142857142838,0.39,0.005,269.1669842952,4.934483847694877,-0.775734944994089,0.0,262776.61267758405,6289.030812770254,20440227.38533355,401.9629243034887,312.8660402871907
-0.17857142857142838,0.39,0.015,269.1669842952,4.934464392030862,-0.7757913139205663,0.0,262776.6108102893,6289.030812741996,20440226.758658387,401.96292152696503,312.86603920664334
-0.17857142857142838,0.41,-0.005,269.1474092281126,4.780197679936841,-0.7781822403578803,0.0,262770.35619445925,6289.030851206119,20438311.92699881,401.9544969764766,312.86276058389876
-0.17857142857142838,0.41,0.005,269.1474092281126,4.780218519874874,-0.7781252979403078,0.0,262770.3579091491,6289.030851235247,20438312.499538183,401.95449951491076,312.86276157179856
-0.17857142857142838,0.41,0.015,269.1474092281126,4.780197679936841,-0.7781822403578803,0.0,262770.35619445925,6289.030851206119,20438311.92699881,401.9544969764766,312.86276058389876
-0.17857142857142838,0.43,-0.005,269.1275644724397,4.618869591546605,-0.7751213396134238,0.0,262764.0122310239,6289.030889925316,20436370.748477627,401.9459557515793,312.8594365193391
-0.17857142857142838,0.43,0.005,269.1275644724397,4.618891742473473,-0.7750640884839872,0.0,262764.0137854433,6289.030889955346,20436371.264366727,401.9459580408194,312.8594374102678
-0.17857142857142838,0.43,0.015,269.1275644724397,4.618869591546605,-0.7751213396134238,0.0,262764.0122310239,6289.030889925316,20436370.748477627,401.9459557515793,312.8594365193391
-0.17857142857142838,0.45,-0.005,269.1075360765465,4.45057716931267,-0.7663843747284094,0.0,262757.60675683385,6289.0309285048725,20434411.634623278,401.9373347332433,312.856081365042
-0.17857142857142838,0.45,0.005,269.1075360765465,4.450600544653818,-0.7663270756819881,0.0,262757.6081436731,6289.03092853584,20434412.091484766,401.93733676278555,312.85608215490964
-0.17857142857142838,0.45,0.015,269.1075360765465,4.45057716931267,-0.7663843747284094,0.0,262757.60675683385,6289.0309285048725,20434411.634623278,401.9373347332433,312.856081365042
-0.17857142857142838,0.4699999999999999,-0.005,269.0874103608611,4.2754226187055275,-0.7517540199905473,0.0,262751.16788760555,6289.030966516006,20432443.02180137,401.9286709065554,312.852709514209
-0.17857142857142838,0.4699999999999999,0.005,269.0874103608611,4.275447119357632,-0.7516969283595983,0.0,262751.16909998504,6289.03096654794,20432443.417418562,401.9286726666005,312.85271019919975
-0.17857142857142838,0.4699999999999999,0.015,269.0874103608611,4.2754226187055275,-0.7517540199905473,0.0,262751.16788760555,6289.030966516006,20432443.02180137,401.9286709065554,312.852709514209
-0.17857142857142838,0.49,-0.005,269.06727351092644,4.093513040602662,-0.7310202395226789,0.0,262744.7239021595,6289.031003493195,20430473.33128634,401.9200011835766,312.8493353322363
-0.17857142857142838,0.49,0.005,269.06727351092644,4.093538555772401,-0.7309636037847246,0.0,262744.7249337041,6289.031003526128,20430473.66362673,401.92000266513435,312.84933590884896
-0.17857142857142838,0.49,0.015,269.06727351092644,4.093513040602662,-0.7310202395226789,0.0,262744.7239021595,6289.031003493195,20430473.33128634,401.9200011835766,312.8493353322363
-0.17857142857142838,0.51,-0.005,269.04721118856673,3.9049612133635727,-0.7039811402453459,0.0,262738.303131332,6289.031038920453,20428510.930773433,401.91136222707894,312.8459730881162
-0.17857142857142838,0.51,0.005,269.04721118856673,3.9049876214690094,-0.703925200721227,0.0,262738.30397624534,6289.031038954415,20428511.19801192,401.911363422071,312.84597355320443
-0.17857142857142838,0.51,0.015,269.04721118856673,3.9049612133635727,-0.7039811402453459,0.0,262738.303131332,6289.031038920453,20428510.930773433,401.91136222707894,312.8459730881162
-0.17857142857142838,0.53,-0.005,269.02730813691306,3.70988568159936,-0.6704435373615445,0.0,262731.9338475133,6289.03107223481,20426564.095840603,401.90279028207664,312.8426368888612
-0.17857142857142838,0.53,0.005,269.02730813691306,3.709912851246305,-0.6703885250210371,0.0,262731.9345006502,6289.0310722698305,20426564.296382084,401.90279118343693,312.84263723967234
-0.17857142857142838,0.53,0.015,269.02730813691306,3.70988568159936,-0.6704435373615445,0.0,262731.9338475133,6289.03107223481,20426564.095840603,401.90279028207664,312.8426368888612
-0.17857142857142838,0.55,-0.005,269.0076477826937,3.5084099868820724,-0.6302231074525262,0.0,262725.64415202546,6289.03110283732,20424640.971390385,401.8943210106663,312.839340615206
-0.17857142857142838,0.55,0.005,269.0076477826937,3.5084377778965194,-0.6301692428281506,0.0,262725.64460896206,6289.031102873426,20424641.103891484,401.89432161243735,312.83934084941893
-0.17857142857142838,0.55,0.015,269.0076477826937,3.5084099868820724,-0.6302231074525262,0.0,262725.64415202546,6289.03110283732,20424640.971390385,401.8943210106663,312.839340615206
-0.17857142857142838,0.57,-0.005,268.988311877023,3.3006639732075134,-0.5831455947801663,0.0,262719.4618724341,6289.03113008337,20422749.536225084,401.8859893306379,312.8360978587662
-0.17857142857142838,0.57,0.005,268.988311877023,3.3006922376897574,-0.583093086980396,0.0,262719.4621295343,6289.031130120587,20422749.59961457,401.8859896280615,312.83609797452647
-0.17857142857142838,0.57,0.015,268.988311877023,3.3006639732075134,-0.5831455947801663,0.0,262719.4618724341,6289.03113008337,20422749.536225084,401.8859893306379,312.8360978587662
-0.17857142857142838,0.59,-0.005,268.9693801283442,3.0867830620929197,-0.529047000207257,0.0,262713.4144533155,6289.0311532866945,20420897.56729327,401.8778292589998,312.8329218611008
-0.17857142857142838,0.59,0.005,268.9693801283442,3.086811645514118,-0.5289960460469183,0.0,262713.41450779355,6289.031153325047,20420897.560791027,401.8778292486016,312.83292185705363
-0.17857142857142838,0.59,0.015,268.9693801283442,3.0867830620929197,-0.529047000207257,0.0,262713.4144533155,6289.0311532866945,20420897.56729327,401.8778292589998,312.8329218611008
-0.17857142857142838,0.61,-0.005,268.95092987052175,2.866908492457067,-0.4677742664982578,0.0,262707.5288543399,6289.031171710314,20419092.606978036,401.86987376253353,312.82982545550186
-0.17857142857142838,0.61,0.005,268.95092987052175,2.866937234774337,-0.4677250497396091,0.0,262707.52870431717,6289.031171749823,20419092.530112196,401.8698734421987,312.82982533082185
-0.17857142857142838,0.61,0.015,268.95092987052175,2.866908492457067,-0.4677742664982578,0.0,262707.5288543399,6289.031171710314,20419092.606978036,401.86987376253353,312.82982545550186
-0.17857142857142838,0.63,-0.005,268.9330357359876,2.6411865474380525,-0.3991853810979599,0.0,262701.8314459822,6289.031184559777,20417341.93096108,401.8621546118528,312.8268210101407
-0.17857142857142838,0.63,0.005,268.9330357359876,2.6412152842221275,-0.3991380718040126,0.0,262701.8310905383,6289.0311846004615,20417341.783583194,401.8621539808937,312.8268207645578
-0.17857142857142838,0.63,0.015,268.9330357359876,2.6411865474380525,-0.3991853810979599,0.0,262701.8314459822,6289.031184559777,20417341.93096108,401.8621546118528,312.8268210101407
-0.17857142857142838,0.65,-0.005,268.91576936830864,2.409770104024173,-0.3231508176429822,0.0,262696.3479198587,6289.031190970861,20415652.519779257,401.85470224899217,312.82392037647276
-0.17857142857142838,0.65,0.005,268.91576936830864,2.4097986675774035,-0.3231055716336887,0.0,262696.34735907655,6289.031191012735,20415652.302077267,401.85470130820653,312.82392001029535
-0.17857142857142838,0.65,0.015,268.91576936830864,2.409770104024173,-0.3231508176429822,0.0,262696.3479198587,6289.031190970861,20415652.519779257,401.85470224899217,312.82392037647276
-0.17857142857142838,0.67,-0.005,268.89919911706914,2.1728184155555117,-0.2395539865176482,0.0,262691.103191972,6289.031190012679,20414031.02913823,401.84754565676405,312.8211348383264
-0.17857142857142838,0.67,0.005,268.89919911706914,2.172846636021923,-0.23951094493197972,0.0,262691.10242697457,6289.0311900557535,20414030.741646957,401.8475444084806,312.8211343524587
-0.17857142857142838,0.67,0.015,268.89919911706914,2.1728184155555117,-0.2395539865176482,0.0,262691.103191972,6289.031190012679,20414031.02913823,401.84754565676405,312.8211348383264
-0.17857142857142838,0.69,-0.005,268.8833897999922,1.9304973299065515,-0.14829192125983087,0.0,262686.12132402865,6289.031180690152,20412483.76679099,401.8407122567036,312.8184750721135
-0.17857142857142838,0.69,0.005,268.8833897999922,1.9305250363832,-0.14825121023201096,0.0,262686.12035700877,6289.031180734433,20412483.410400145,401.84071070481826,312.8184744680701
-0.17857142857142838,0.69,0.015,268.8833897999922,1.9304973299065515,-0.14829192125983087,0.0,262686.12132402865,6289.031180690152,20412483.76679099,401.8407122567036,312.8184750721135
-0.17857142857142838,0.71,-0.005,268.86840243977804,1.6829774751638784,-0.049274594539059774,0.0,262681.4254392357,6289.031161965071,20411016.66752604,401.83422780748674,312.8159511072224
-0.17857142857142838,0.71,0.005,268.86840243977804,1.6830044968032518,-0.04923632498361122,0.0,262681.4242734777,6289.031162010558,20411016.243485533,401.83422595748567,312.81595038713715
-0.17857142857142838,0.71,0.015,268.86840243977804,1.6829774751638784,-0.049274594539059774,0.0,262681.4254392357,6289.031161965071,20411016.66752604,401.83422780748674,312.8159511072224
-0.17857142857142838,0.73,-0.005,268.8542941028285,1.430435849312226,0.0575736423718577,0.0,262677.03766301344,6289.031132752141,20409635.277346246,401.8281163319517,312.8135722975431
-0.17857142857142838,0.73,0.005,268.8542941028285,1.4304620164071875,0.05760937487199813,0.0,262677.0363029062,6289.031132798823,20409634.787268758,401.8281141909228,312.81357146417326
-0.17857142857142838,0.73,0.015,268.8542941028285,1.430435849312226,0.0575736423718577,0.0,262677.03766301344,6289.031132752141,20409635.277346246,401.8281163319517,312.8135722975431
-0.17857142857142838,0.75,-0.005,268.8411177273832,1.1730566116616306,0.17231317112955857,0.0,262672.97905553295,6289.031091916553,20408344.7366591,401.82240004048055,312.811347291574
-0.17857142857142838,0.75,0.005,268.8411177273832,1.1730817567150769,0.17234628633159776,0.0,262672.97750657494,6289.031091964409,20408344.182519943,401.8223976171124,312.8113463483002
-0.17857142857142838,0.75,0.015,268.8411177273832,1.1730566116616306,0.17231317112955857,0.0,262672.97905553295,6289.031091916553,20408344.7366591,401.82240004048055,312.811347291574
-0.17857142857142838,0.77,-0.005,268.82892182109725,0.911025466983609,0.29499266945182384,0.0,262669.2695172708,6289.031038316577,20407149.752096947,401.81709922567325,312.8092839913572
-0.17857142857142838,0.77,0.005,268.82892182109725,0.911049425686732,0.29502310240854995,0.0,262669.2677860646,6289.03103836558,20407149.136230666,401.8170965302397,312.80928294217756
-0.17857142857142838,0.77,0.015,268.82892182109725,0.911025466983609,0.29499266945182384,0.0,262669.2695172708,6289.031038316577,20407149.752096947,401.81709922567325,312.8092839913572
-0.17857142857142838,0.79,-0.005,268.8177500719847,0.6445233557102086,0.4256531857291481,0.0,262665.92767399363,6289.030970831963,20406054.559413593,401.8122321108724,312.80738949345096
-0.17857142857142838,0.79,0.005,268.8177500719847,0.6445459677432381,0.4256808867788653,0.0,262665.92576823646,6289.0309708820705,20406053.88450905,401.81222915521124,312.80738834297256
-0.17857142857142838,0.79,0.015,268.8177500719847,0.6445233557102086,0.4256531857291481,0.0,262665.92767399363,6289.030970831963,20406054.559413593,401.8122321108724,312.80738949345096
-0.17857142857142838,0.81,-0.005,268.80764152263833,0.37372617106331896,0.564328319225853,0.0,262662.97086765553,6289.030888228758,20405062.936386827,401.80781484149054,312.8056700854898
-0.17857142857142838,0.81,0.005,268.80764152263833,0.37374728145568836,0.5643532534864816,0.0,262662.9687961254,6289.0308882799145,20405062.205481272,401.80781163897626,312.80566883891794
-0.17857142857142838,0.81,0.015,268.80764152263833,0.37372617106331896,0.564328319225853,0.0,262662.97086765553,6289.030888228758,20405062.936386827,401.80781484149054,312.8056700854898
-0.17857142857142838,0.83,-0.005,268.7986366618293,0.098797372127816,0.7110543921894162,0.0,262660.4128078556,6289.030779024983,20404178.482730083,401.8038578872318,312.8041298456911
-0.17857142857142838,0.83,0.005,268.7986366618293,0.09881683574569476,0.7110765347057347,0.0,262660.4105800375,6289.030779077146,20404177.699077096,401.803854452204,312.8041285086072
-0.17857142857142838,0.83,0.015,268.7986366618293,0.098797372127816,0.7110543921894162,0.0,262660.4128078556,6289.030779024983,20404178.482730083,401.8038578872318,312.8041298456911
-0.17857142857142838,0.85,-0.005,268.7907863595816,-0.18005748659573276,0.8658462319562961,0.0,262658.27153768286,6289.030635078921,20403405.918182377,401.8003782523721,312.8027753956409
-0.17857142857142838,0.85,0.005,268.7907863595816,-0.18003982119818449,0.8658655876975855,0.0,262658.26916423475,6289.030635131382,20403405.0854802,401.8003746008225,312.8027739742698
-0.17857142857142838,0.85,0.015,268.7907863595816,-0.18005748659573276,0.8658462319562961,0.0,262658.27153768286,6289.030635078921,20403405.918182377,401.8003782523721,312.8027753956409
-0.17857142857142838,0.87,-0.005,268.7840952694821,-0.46250646228030046,1.0285589638174788,0.0,262656.56900774536,6289.030490959769,20402746.77377781,401.79739922467013,312.8016158025807
-0.17857142857142838,0.87,0.005,268.7840952694821,-0.4624907267701177,1.028575535756215,0.0,262656.5665011217,6289.030491013051,20402745.896187853,401.7973953752253,312.8016143041731
-0.17857142857142838,0.87,0.015,268.7840952694821,-0.46250646228030046,1.0285589638174788,0.0,262656.56900774536,6289.030490959769,20402746.77377781,401.79739922467013,312.8016158025807
-0.17857142857142838,0.89,-0.005,268.77856445863256,-0.7483409939125047,1.1991882148286759,0.0,262655.31087247544,6289.030343147386,20402201.04142325,401.794919127245,312.80065041594486
-0.17857142857142838,0.89,0.005,268.77856445863256,-0.7483273139735181,1.1992020237802845,0.0,262655.30824530387,6289.030343201382,20402200.123203415,401.79491509866267,312.8006488478026
-0.17857142857142838,0.89,0.015,268.77856445863256,-0.7483409939125047,1.1991882148286759,0.0,262655.31087247544,6289.030343147386,20402201.04142325,401.794919127245,312.80065041594486
-0.17857142857142838,0.91,-0.005,268.774211385848,-1.0373283523512928,1.3776696256500451,0.0,262654.50382079475,6289.030179494763,20401770.047898654,401.7929380572934,312.79987927536575
-0.17857142857142838,0.91,0.005,268.774211385848,-1.0373168452857655,1.3776807055377864,0.0,262654.501086551,6289.03017954939,20401769.093567837,401.7929338694984,312.7998776452453
-0.17857142857142838,0.91,0.015,268.774211385848,-1.0373283523512928,1.3776696256500451,0.0,262654.50382079475,6289.030179494763,20401770.047898654,401.7929380572934,312.79987927536575
-0.17857142857142838,0.9299999999999999,-0.005,268.7710460845594,-1.3292363189445373,1.563927263136585,0.0,262654.1552195494,6289.029995054678,20401454.618595533,401.7914573250878,312.7993028923112
-0.17857142857142838,0.9299999999999999,0.005,268.7710460845594,-1.329227092820523,1.5639356602506842,0.0,262654.15239247266,6289.0299951097995,20401453.632912897,401.79145299904354,312.7993012083734
-0.17857142857142838,0.9299999999999999,0.015,268.7710460845594,-1.3292363189445373,1.563927263136585,0.0,262654.1552195494,6289.029995054678,20401454.618595533,401.7914573250878,312.7993028923112
-0.17857142857142838,0.95,-0.005,268.7690725587414,-1.623833267022035,1.7578736486975177,0.0,262654.2719609689,6289.029788286383,20401255.095722023,401.7904777251311,312.798921577123
-0.17857142857142838,0.95,0.005,268.7690725587414,-1.6238264198714778,1.757879420932211,0.0,262654.2690559867,6289.02978834183,20401254.083659377,401.7904732827268,312.79891984788924
-0.17857142857142838,0.95,0.015,268.7690725587414,-1.623833267022035,1.7578736486975177,0.0,262654.2719609689,6289.029788286383,20401255.095722023,401.7904777251311,312.798921577123
-0.17857142857142838,0.97,-0.005,268.7682898072706,-1.9208924938109964,1.959414021754429,0.0,262654.8598046528,6289.0295587143,20401171.36546688,401.78999853945845,312.79873505104206
-0.17857142857142838,0.97,0.005,268.7682898072706,-1.9208881129539173,1.959417237814615,0.0,262654.85683729616,6289.029558769883,20401170.33217899,401.7899940033836,312.7987332853454
-0.17857142857142838,0.97,0.015,268.7682898072706,-1.9208924938109964,1.959414021754429,0.0,262654.8598046528,6289.0295587143,20401171.36546688,401.78999853945845,312.79873505104206
-0.17857142857142838,0.9899999999999999,-0.005,268.76873563852945,-2.2214697588826553,2.1697115606578654,0.0,262655.93675654515,6289.029295555724,20401206.791916378,401.7900294854353,312.7987470969644
-0.17857142857142838,0.9899999999999999,0.005,268.76873563852945,-2.2214679137454687,2.1697123239584153,0.0,262655.9337374262,6289.029295611087,20401205.740831766,401.7900248706807,312.79874530064126
-0.17857142857142838,0.9899999999999999,0.015,268.76873563852945,-2.2214697588826553,2.1697115606578654,0.0,262655.93675654515,6289.029295555724,20401206.791916378,401.7900294854353,312.7987470969644
-0.17857142857142838,1.01,-0.005,268.76774265962075,-8.206613764890754e-06,8.015407226702641e-06,0.0,262655.58808629523,6289.041125102287,20401478.83108759,401.79687146379047,312.8014103700537
-0.17857142857142838,1.01,0.005,268.76674968071205,2.22146975888263,-2.169711560657841,0.0,262655.23941346904,6289.028955789388,20401001.89394897,401.78896272623035,312.79833185375304
-0.17857142857142838,1.01,0.015,268.76774265962075,-8.206613764890754e-06,8.015407226702641e-06,0.0,262655.58808629523,6289.041125102287,20401478.83108759,401.79687146379047,312.8014103700537
-0.1071428571428572,-0.01,-0.005,269.3936596878712,6.622195726929428,0.0,0.0,262850.41085914505,6289.031853306534,20462449.697954867,402.06135883429704,312.90434598012104
-0.1071428571428572,-0.01,0.005,269.3936596878712,6.622195726929428,0.030875271570820293,0.0,262850.41085914505,6289.031852121041,20462449.660846077,402.06135810515616,312.90434569639393
-0.1071428571428572,-0.01,0.015,269.3936596878712,6.622195726929428,0.0,0.0,262850.41085914505,6289.031853306534,20462449.697954867,402.06135883429704,312.90434598012104
-0.1071428571428572,0.01,-0.005,269.3936596878712,6.622195726929428,-0.030875271570820293,0.0,262850.41085914505,6289.031852121041,20462449.660846077,402.06135810515616,312.90434569639393
-0.1071428571428572,0.01,0.005,269.3936596878712,6.622194057298027,-0.03087318715509584,0.0,262850.41406905843,6289.031852145886,20462450.776654046,402.06136303252714,312.9043476137578
-0.1071428571428572,0.01,0.015,269.3936596878712,6.622195726929428,-0.030875271570820293,0.0,262850.41085914505,6289.031852121041,20462449.660846077,402.06135810515616,312.90434569639393
-0.1071428571428572,0.030000000000000002,-0.005,269.39232541534477,6.614184168640242,-0.09248650717889476,0.0,262849.9870218663,6289.03185605228,20462319.150728326,402.0607850378286,312.9041227014239
-0.1071428571428572,0.030000000000000002,0.005,269.39232541534477,6.614182654371457,-0.09248033255409495,0.0,262849.9902202643,6289.0318560771675,20462320.26234203,402.06078994676665,312.9041246116163
-0.1071428571428572,0.030000000000000002,0.015,269.39232541534477,6.614184168640242,-0.09248650717889476,0.0,262849.9870218663,6289.03185605228,20462319.150728326,402.0607850378286,312.9041227014239
-0.1071428571428572,0.05,-0.005,269.38966375502025,6.598200117951064,-0.15367309722832276,0.0,262849.1416464575,6289.0318638956805,20462058.800675355,402.0596418379462,312.9036778530031
-0.1071428571428572,0.05,0.005,269.38966375502025,6.59819891369063,-0.1536628437465354,0.0,262849.14483291865,6289.031863920668,20462059.907752436,402.0596467269946,312.90367975545865
-0.1071428571428572,0.05,0.015,269.38966375502025,6.598200117951064,-0.15367309722832276,0.0,262849.1416464575,6289.0318638956805,20462058.800675355,402.0596418379462,312.9036778530031
-0.1071428571428572,0.07,-0.005,269.385686360108,6.574288501695414,-0.21415268465435575,0.0,262847.87840641843,6289.031875280201,20461669.743073165,402.0579333001919,312.903013015925
-0.1071428571428572,0.07,0.005,269.385686360108,6.5742877585700255,-0.21413840921889177,0.0,262847.8815748843,6289.031875305337,20461670.843320888,402.0579381592965,312.90301490673266
-0.1071428571428572,0.07,0.015,269.385686360108,6.574288501695414,-0.21415268465435575,0.0,262847.87840641843,6289.031875280201,20461669.743073165,402.0579333001919,312.903013015925
-0.1071428571428572,0.09,-0.005,269.38041091900936,6.542471241901475,-0.27364350096813816,0.0,262846.2027758825,6289.031890184829,20461153.710756984,402.0556670235098,312.90213114574817
-0.1071428571428572,0.09,0.005,269.38041091900936,6.542471106243454,-0.27362528258617946,0.0,262846.205920197,6289.031890210161,20461154.80185711,402.05567184250253,312.90213302095253
-0.1071428571428572,0.09,0.015,269.38041091900936,6.542471241901475,-0.27364350096813816,0.0,262846.2027758825,6289.031890184829,20461153.710756984,402.0556670235098,312.90213114574817
-0.1071428571428572,0.11,-0.005,269.37386095828697,6.502768612292082,-0.331864494750563,0.0,262844.1219917384,6289.031908613637,20460513.00944545,402.0528531351756,312.90103618145673
-0.1071428571428572,0.11,0.005,269.37386095828697,6.502769224131098,-0.3318424339061324,0.0,262844.1251056168,6289.031908639213,20460514.08904597,402.05285790373796,312.9010380370437
-0.1071428571428572,0.11,0.015,269.37386095828697,6.502768612292082,-0.331864494750563,0.0,262844.1219917384,6289.031908613637,20460513.00944545,402.0528531351756,312.90103618145673
-0.1071428571428572,0.13,-0.005,269.3660657158361,6.455202301102378,-0.3885354184599541,0.0,262841.64502367144,6289.031930555043,20459750.503998272,402.0495042115391,312.89973301465926
-0.1071428571428572,0.13,0.005,269.3660657158361,6.455203792735578,-0.38850963630906543,0.0,262841.64810067584,6289.03193058091,20459751.569707178,402.0495089191743,312.89973484654536
-0.1071428571428572,0.13,0.015,269.3660657158361,6.455202301102378,-0.3885354184599541,0.0,262841.64502367144,6289.031930555043,20459750.503998272,402.0495042115391,312.89973301465926
-0.1071428571428572,0.15,-0.005,269.3570599472829,6.399797942257253,-0.44337717322763376,0.0,262838.7825431213,6289.0319559932295,20458869.599759784,402.0456352021635,312.89822746011873
-0.1071428571428572,0.15,0.005,269.3570599472829,6.3998004368993575,-0.44334781063447,0.0,262838.7855766399,6289.031956019434,20458870.64914028,402.0456398381746,312.8982292641424
-0.1071428571428572,0.15,0.015,269.3570599472829,6.399797942257253,-0.44337717322763376,0.0,262838.7825431213,6289.0319559932295,20458869.599759784,402.0456352021635,312.89822746011873
-0.1071428571428572,0.17,-0.005,269.34688377280196,6.3365852368574505,-0.49611203868229364,0.0,262835.5468779651,6289.031984894305,20457874.227059975,402.04126335595475,312.89652622706404
-0.1071428571428572,0.17,0.005,269.34688377280196,6.336588847398306,-0.4960792551092117,0.0,262835.5498611981,6289.031984920894,20457875.25762733,402.0412679094308,312.89652799898016
-0.1071428571428572,0.17,0.015,269.34688377280196,6.3365852368574505,-0.49611203868229364,0.0,262835.5468779651,6289.031984894305,20457874.227059975,402.04126335595475,312.89652622706404
-0.1071428571428572,0.19,-0.005,269.3355824798666,6.265597433380752,-0.5464637947827367,0.0,262831.951955123,6289.032017202568,20456768.821709443,402.036408134583,312.8946368855631
-0.1071428571428572,0.19,0.005,269.3355824798666,6.265602261261768,-0.5464277670476443,0.0,262831.9548810735,6289.032017229584,20456769.830929693,402.03641259439235,312.89463862104077
-0.1071428571428572,0.19,0.015,269.3355824798666,6.265597433380752,-0.5464637947827367,0.0,262831.951955123,6289.032017202568,20456768.821709443,402.036408134583,312.8946368855631
-0.1071428571428572,0.21,-0.005,269.3232062932834,6.186871538021084,-0.5941579546005628,0.0,262828.0132409055,6289.0320528412485,20455558.302425254,402.03109111461623,312.8925678285091
-0.1071428571428572,0.21,0.005,269.3232062932834,6.186877672239995,-0.5941188755162196,0.0,262828.0161023781,6289.032052868737,20455559.287715968,402.0310954694101,312.8925695231326
-0.1071428571428572,0.21,0.015,269.3232062932834,6.186871538021084,-0.5941579546005628,0.0,262828.0132409055,6289.0320528412485,20455558.302425254,402.03109111461623,312.8925678285091
-0.1071428571428572,0.23,-0.005,269.3098101371082,6.100448410605623,-0.638921998544615,0.0,262823.74767452397,6289.032091702958,20454248.047134813,402.0253358798673,312.890328229802
-0.1071428571428572,0.23,0.005,269.3098101371082,6.100455926855617,-0.6388800754552756,0.0,262823.75046412955,6289.032091730965,20454249.005867932,402.025340118092,312.8903298790755
-0.1071428571428572,0.23,0.015,269.3098101371082,6.100448410605623,-0.638921998544615,0.0,262823.74767452397,6289.032091702958,20454248.047134813,402.0253358798673,312.890328229802
-0.1071428571428572,0.25,-0.005,269.2954533629459,6.006372825985772,-0.680485611733699,0.0,262819.1735959734,6289.032133649512,20452843.866279125,402.0191679050444,312.8879279991487
-0.1071428571428572,0.25,0.005,269.2954533629459,6.006381785940077,-0.6804410649665587,0.0,262819.1763061416,6289.032133678079,20452844.795786027,402.01917201496303,312.88792959850514
-0.1071428571428572,0.25,0.015,269.2954533629459,6.006372825985772,-0.680485611733699,0.0,262819.1735959734,6289.032133649512,20452843.866279125,402.0191679050444,312.8879279991487
-0.1071428571428572,0.27,-0.005,269.280199450952,5.904693855338304,-0.7185810257387308,0.0,262814.31066949066,6289.032178514392,20451351.973524537,402.012614429259,312.8853777329176
-0.1071428571428572,0.27,0.005,269.280199450952,5.904704306078682,-0.7185340869857555,0.0,262814.3132924895,6289.032178543563,20451352.87110335,402.01261839898353,312.8853792777308
-0.1071428571428572,0.27,0.015,269.280199450952,5.904693855338304,-0.7185810257387308,0.0,262814.31066949066,6289.032178514392,20451351.973524537,402.012614429259,312.8853777329176
-0.1071428571428572,0.29,-0.005,269.2641156998351,5.795464740311756,-0.7529432750973268,0.0,262809.1797983824,6289.0322260989005,20449778.9552009,402.00570432090814,312.8826886616362
-0.1071428571428572,0.29,0.005,269.2641156998351,5.795476713908924,-0.7528941857458903,0.0,262809.18232634536,6289.032226128715,20449779.818126,402.00570813844126,312.88269014723704
-0.1071428571428572,0.29,0.015,269.2641156998351,5.795464740311756,-0.7529432750973268,0.0,262809.1797983824,6289.0322260989005,20449778.9552009,402.00570432090814,312.8826886616362
-0.1071428571428572,0.31,-0.005,269.2472729030358,5.67874336760551,-0.7833106252326616,0.0,262803.8030386188,6289.032276165539,20448131.738301847,401.9984679348664,312.87987259449375
-0.1071428571428572,0.31,0.005,269.2472729030358,5.678756880846044,-0.7832596346607845,0.0,262803.80546357896,6289.032276196038,20448132.563835528,401.9984715881525,312.8798740161903
-0.1071428571428572,0.31,0.015,269.2472729030358,5.67874336760551,-0.7833106252326616,0.0,262803.8030386188,6289.032276165539,20448131.738301847,401.9984679348664,312.87987259449375
-0.1071428571428572,0.33,-0.005,269.2297450003934,5.554591965666677,-0.8094248137624528,0.0,262798.20350333996,6289.032328437647,20446417.556284886,401.9909369629076,312.8769418612066
-0.1071428571428572,0.33,0.005,269.2297450003934,5.554607019934076,-0.8093721776180707,0.0,262798.205817271,6289.032328468872,20446418.3416911,401.9909404398937,312.87694321430774
-0.1071428571428572,0.33,0.015,269.2297450003934,5.554591965666677,-0.8094248137624528,0.0,262798.20350333996,6289.032328437647,20446417.556284886,401.9909369629076,312.8769418612066
-0.1071428571428572,0.35,-0.005,269.21160872041,5.423077250139511,-0.8310314320713658,0.0,262792.4052675143,6289.0323825991,20444643.91395852,401.9831442800491,312.8739092522923
-0.1071428571428572,0.35,0.005,269.21160872041,5.423093831437457,-0.83097741054949,0.0,262792.4074623781,6289.032382631091,20444644.65651853,401.9831475687536,312.87391053213435
-0.1071428571428572,0.35,0.015,269.21160872041,5.423077250139511,-0.8310314320713658,0.0,262792.4052675143,6289.0323825991,20444643.91395852,401.9831442800491,312.8739092522923
-0.1071428571428572,0.37,-0.005,269.19294321545294,5.28427075000585,-0.8478803886925691,0.0,262786.43327086576,6289.032438292433,20442818.551636104,401.975123786815,312.870787957749
-0.1071428571428572,0.37,0.005,269.19294321545294,5.284288829123607,-0.8478252448274328,0.0,262786.4353386654,6289.032438325229,20442819.248665854,401.9751268754044,312.87078915972563
-0.1071428571428572,0.37,0.015,269.19294321545294,5.28427075000585,-0.8478803886925691,0.0,262786.43327086576,6289.032438292433,20442818.551636104,401.975123786815,312.870787957749
-0.1071428571428572,0.39,-0.005,269.17382968007223,5.138248965268716,-0.8597263509647686,0.0,262780.313213435,6289.032495113651,20440949.40754127,401.9669102420793,312.8675915020624
-0.1071428571428572,0.39,0.005,269.17382968007223,5.1382684980730255,-0.8596703489484684,0.0,262780.31514627323,6289.032495147291,20440950.056410346,401.9669131189517,312.86759262165725
-0.1071428571428572,0.39,0.015,269.17382968007223,5.138248965268716,-0.8597263509647686,0.0,262780.313213435,6289.032495113651,20440949.40754127,401.9669102420793,312.8675915020624
-0.1071428571428572,0.41,-0.005,269.15435096297625,4.98509304550871,-0.866329033952072,0.0,262774.0714481894,6289.032552611307,20439044.579735875,401.95853909569803,312.86433367912275
-0.1071428571428572,0.41,0.005,269.15435096297625,4.985113973367106,-0.8662724374976731,0.0,262774.07323833177,6289.03255264583,20439045.177887704,401.9585417495729,312.8643347119442
-0.1071428571428572,0.41,0.015,269.15435096297625,4.98509304550871,-0.866329033952072,0.0,262774.0714481894,6289.032552611307,20439044.579735875,401.95853909569803,312.86433367912275
-0.1071428571428572,0.43,-0.005,269.1345911767526,4.824888730226718,-0.8674535843183281,0.0,262767.7348736617,6289.032610283893,20437112.287785303,401.95004631902185,312.8610284863073
-0.1071428571428572,0.43,0.005,269.1345911767526,4.824910980545119,-0.8673966550768447,0.0,262767.7365136029,6289.032610319337,20437112.832758434,401.95004873903355,312.86102942812505
-0.1071428571428572,0.43,0.015,269.1345911767526,4.824888730226718,-0.8674535843183281,0.0,262767.7348736617,6289.032610283893,20437112.287785303,401.95004631902185,312.8610284863073
-0.1071428571428572,0.45,-0.005,269.1146353140269,4.657727825852585,-0.8628716125477617,0.0,262761.3308350632,6289.032667575327,20435160.835005663,401.941468236888,312.8576900591294
-0.1071428571428572,0.45,0.005,269.1146353140269,4.6577513127112855,-0.8628146085873702,0.0,262761.3323175962,6289.03266761173,20435161.32445577,401.94147041268354,312.85769090591236
-0.1071428571428572,0.45,0.015,269.1146353140269,4.657727825852585,-0.8628716125477617,0.0,262761.3308350632,6289.032667575327,20435160.835005663,401.941468236888,312.8576900591294
-0.1071428571428572,0.47,-0.005,269.09456883520687,4.4837073295222964,-0.8523613147695199,0.0,262754.8870093507,6289.032723883625,20433198.568354405,401.9328413553352,312.854332604213
-0.1071428571428572,0.47,0.005,269.09456883520687,4.483731954420471,-0.8523044891349245,0.0,262754.888327638,6289.032723921025,20433199.000076797,401.93284327717373,312.85433335216817
-0.1071428571428572,0.47,0.015,269.09456883520687,4.4837073295222964,-0.8523613147695199,0.0,262754.8870093507,6289.032723883625,20433198.568354405,401.9328413553352,312.854332604213
-0.1071428571428572,0.49,-0.005,269.0744772770893,4.3029291938021235,-0.8357078504375859,0.0,262748.4312943813,6289.032778557065,20431233.83998424,401.9242021904901,312.85097033271205
-0.1071428571428572,0.49,0.005,269.0744772770893,4.3029548464809935,-0.8356514497897747,0.0,262748.43244202674,6289.032778595499,20431234.211936504,401.92420384934326,312.85097097832363
-0.1071428571428572,0.49,0.015,269.0744772770893,4.3029291938021235,-0.8357078504375859,0.0,262748.4312943813,6289.032778557065,20431233.83998424,401.9242021904901,312.85097033271205
-0.1071428571428572,0.51,-0.005,269.05444587780494,4.115500999017494,-0.8127041347300219,0.0,262741.9917023437,6289.032830880425,20429274.970098916,401.9155870982715,312.8476173940381
-0.1071428571428572,0.51,0.005,269.05444587780494,4.1155275583489415,-0.8126483980723223,0.0,262741.9926734641,6289.0328309199285,20429275.280423332,401.91558848592274,312.84761793410587
-0.1071428571428572,0.51,0.015,269.05444587780494,4.115500999017494,-0.8127041347300219,0.0,262741.9917023437,6289.032830880425,20429274.970098916,401.9155870982715,312.8476173940381
-0.1071428571428572,0.53,-0.005,269.0345591922208,3.9215360651686164,-0.783151396008286,0.0,262735.5962504972,6289.032880071122,20427330.209197104,401.9070321059309,312.84428781029106
-0.1071428571428572,0.53,0.005,269.0345591922208,3.921563400114569,-0.7830965535117732,0.0,262735.5970397933,6289.032880111731,20427330.456242748,401.9070332150735,312.84428824196914
-0.1071428571428572,0.53,0.015,269.0345591922208,3.9215360651686164,-0.783151396008286,0.0,262735.5962504972,6289.032880071122,20427330.209197104,401.9070321059309,312.84428781029106
-0.1071428571428572,0.55,-0.005,269.014900699851,3.721152835880265,-0.7468593828414191,0.0,262729.2728529891,6289.032925293445,20425407.700161036,401.89857275134705,312.8409954136986
-0.1071428571428572,0.55,0.005,269.014900699851,3.7211808065071867,-0.7468056547714297,0.0,262729.27345581417,6289.032925335196,20425407.88250504,401.8985735756787,312.8409957345317
-0.1071428571428572,0.55,0.015,269.014900699851,3.721152835880265,-0.7468593828414191,0.0,262729.2728529891,6289.032925293445,20425407.700161036,401.89857275134705,312.8409954136986
-0.1071428571428572,0.57,-0.005,268.9955524501744,3.514476046660343,-0.7036474975843257,0.0,262723.0492201789,6289.032965648574,20423515.443261236,401.89024392345146,312.83775378448456
-0.1071428571428572,0.57,0.005,268.9955524501744,3.514504505179119,-0.7035950933212289,0.0,262723.0496326042,6289.0329656914955,20423515.559728973,401.8902444577631,312.83775399244286
-0.1071428571428572,0.57,0.015,268.9955524501744,3.514476046660343,-0.7036474975843257,0.0,262723.0492201789,6289.032965648574,20423515.443261236,401.89024392345146,312.83775378448456
-0.1071428571428572,0.59,-0.005,268.97659469864755,3.3016361190967043,-0.6533450215089853,0.0,262716.95275035326,6289.033000175137,20421661.260591645,401.88207970500406,312.8345761896431
-0.1071428571428572,0.59,0.005,268.97659469864755,3.3016649109433085,-0.6532941386783198,0.0,262716.95296923025,6289.033000219264,20421661.31027571,401.88207994526493,312.83457628315546
-0.1071428571428572,0.59,0.015,268.97659469864755,3.3016361190967043,-0.6533450215089853,0.0,262716.95275035326,6289.033000175137,20421661.260591645,401.88207970500406,312.8345761896431
-0.1071428571428572,0.61,-0.005,268.95810556997657,3.0827693517420736,-0.5957917573168718,0.0,262711.01042781665,6289.033027840976,20419852.76290746,401.87411322160546,312.8314755241316
-0.1071428571428572,0.61,0.005,268.95810556997657,3.0827983166776893,-0.5957425810233429,0.0,262711.0104508341,6289.033027886335,20419852.74518498,401.8741131650391,312.83147550211504
-0.1071428571428572,0.61,0.015,268.95810556997657,3.0827693517420736,-0.5957917573168718,0.0,262711.01042781665,6289.033027840976,20419852.76290746,401.87411322160546,312.8314755241316
-0.1071428571428572,0.63,-0.005,268.9401607253096,2.8580172296735156,-0.5308381513025691,0.0,262705.2487205188,6289.0330475421515,20418097.31708313,401.8663764967694,312.82846425441386
-0.1071428571428572,0.63,0.005,268.9401607253096,2.858046202898527,-0.5307908534696323,0.0,262705.24854625546,6289.03304758877,20418097.231631402,401.866376141924,312.8284641163011
-0.1071428571428572,0.63,0.015,268.9401607253096,2.8580172296735156,-0.5308381513025691,0.0,262705.2487205188,6289.0330475421515,20418097.31708313,401.8663764967694,312.82846425441386
-0.1071428571428572,0.65,-0.005,268.92283306298776,2.627527783541997,-0.4583466172179797,0.0,262699.6934891882,6289.033058093257,20416402.01659028,401.8589003160358,312.82555436551587
-0.1071428571428572,0.65,0.005,268.92283306298776,2.627556596802438,-0.4583013560239837,0.0,262699.6931171582,6289.033058141155,20416401.863400243,401.8588996628429,312.82555411127817
-0.1071428571428572,0.65,0.015,268.92283306298776,2.627527783541997,-0.4583466172179797,0.0,262699.6934891882,6289.033058093257,20416402.01659028,401.8589003160358,312.82555436551587
-0.1071428571428572,0.67,-0.005,268.9061924066697,2.391455507243548,-0.3781920369678194,0.0,262694.3698897577,6289.033058228772,20414773.651092544,401.8517140923598,312.82275730857174
-0.1071428571428572,0.67,0.005,268.9061924066697,2.3914839899316447,-0.3781489563819568,0.0,262694.3693204505,6289.033058277965,20414773.430480253,401.851713142186,312.8227569387388
-0.1071428571428572,0.67,0.015,268.9061924066697,2.391455507243548,-0.3781920369678194,0.0,262694.3698897577,6289.033058228772,20414773.651092544,401.8517140923598,312.82275730857174
-0.1071428571428572,0.69,-0.005,268.8903052450946,2.149961356762238,-0.2902622777391521,0.0,262689.3022919075,6289.033046612051,20413218.681336977,401.84484575841935,312.8200839588425
-0.1071428571428572,0.69,0.005,268.8903052450946,2.1499893370218546,-0.2902215071667843,0.0,262689.3015268204,6289.033046662549,20413218.393952683,401.84484451410606,312.82008347451847
-0.1071428571428572,0.69,0.015,268.8903052450946,2.149961356762238,-0.2902622777391521,0.0,262689.3022919075,6289.033046612051,20413218.681336977,401.84484575841935,312.8200839588425
-0.1071428571428572,0.71,-0.005,268.8752344518314,1.9032111486081726,-0.19445759358448342,0.0,262684.5141908934,6289.033021854519,20411743.212409876,401.8383216565148,312.81754457279493
-0.1071428571428572,0.71,0.005,268.8752344518314,1.9032384544284326,-0.19441924761236956,0.0,262684.5132325566,6289.033021906324,20411742.859244607,401.8383201224069,312.8175439756694
-0.1071428571428572,0.71,0.015,268.8752344518314,1.9032111486081726,-0.19445759358448342,0.0,262684.5141908934,6289.033021854519,20411743.212409876,401.8383216565148,312.81754457279493
-0.1071428571428572,0.73,-0.005,268.8610390902303,1.6513766739760842,-0.09069174192186864,0.0,262680.028141342,6289.032982515357,20410352.97472305,401.8321664532375,312.81514875481895
-0.1071428571428572,0.73,0.005,268.8610390902303,1.6514031342697573,-0.09065592016105409,0.0,262680.02699333616,6289.032982568462,20410352.557112828,401.8321646352023,312.81514804717403
-0.1071428571428572,0.73,0.015,268.8610390902303,1.6513766739760842,-0.09069174192186864,0.0,262680.028141342,6289.032982515357,20410352.97472305,401.8321664532375,312.81514875481895
-0.1071428571428572,0.75,-0.005,268.84777421147885,1.394636349607083,0.021107238108966062,0.0,262675.8656851455,6289.032927102758,20409053.30437522,401.82640305211686,312.8129054231571
-0.1071428571428572,0.75,0.005,268.84777421147885,1.39466179527146,0.02114045108483976,0.0,262675.8643521117,6289.032927157144,20409052.824002676,401.82640095755045,312.81290460787045
-0.1071428571428572,0.75,0.015,268.84777421147885,1.394636349607083,0.021107238108966062,0.0,262675.8656851455,6289.032927102758,20409053.30437522,401.82640305211686,312.8129054231571
-0.1071428571428572,0.77,-0.005,268.83549055359555,1.133170699318602,0.14099992402826717,0.0,262672.04725906294,6289.032854115733,20407849.11508607,401.8210524884067,312.810822768883
-0.1071428571428572,0.77,0.005,268.83549055359555,1.1331949642312666,0.1410304586817137,0.0,262672.0457467035,6289.03285417137,20407848.57397915,401.8210501262281,312.8108218494251
-0.1071428571428572,0.77,0.015,268.83549055359555,1.133170699318602,0.14099992402826717,0.0,262672.04725906294,6289.032854115733,20407849.11508607,401.8210524884067,312.810822768883
-0.1071428571428572,0.79,-0.005,268.8242341807709,0.8671576838383067,0.26903854836585556,0.0,262668.5920905331,6289.032762079817,20406744.864100788,401.81613379435066,312.8089082033896
-0.1071428571428572,0.79,0.005,268.8242341807709,0.8671806056703675,0.2690663502245697,0.0,262668.5904056048,6289.0327621366605,20406744.26462899,401.8161311749852,312.8089071838177
-0.1071428571428572,0.79,0.015,268.8242341807709,0.8671576838383067,0.26903854836585556,0.0,262668.5920905331,6289.032762079817,20406744.864100788,401.81613379435066,312.8089082033896
-0.1071428571428572,0.81,-0.005,268.81404635439276,0.5967716312178519,0.40526755236981343,0.0,262665.5181560956,6289.032649550778,20405744.539760455,401.81166394487735,312.8071683371865
-0.1071428571428572,0.81,0.005,268.81404635439276,0.596793052499449,0.40529258180798516,0.0,262665.5163064055,6289.032649608769,20405743.88463208,401.8116610802437,312.8071672221393
-0.1071428571428572,0.81,0.015,268.81404635439276,0.5967716312178519,0.40526755236981343,0.0,262665.5181560956,6289.032649550778,20405744.539760455,401.81166394487735,312.8071683371865
-0.1071428571428572,0.83,-0.005,268.804963673042,0.32217720264602223,0.5497284532680546,0.0,262662.84211395326,6289.032514858682,20404851.667274036,401.8076577599065,312.80560894181224
-0.1071428571428572,0.83,0.005,268.804963673042,0.32219697235205014,0.5497506849783899,0.0,262662.8401083748,6289.032514917745,20404850.959540922,401.8076546634368,312.80560773651774
-0.1071428571428572,0.83,0.015,268.804963673042,0.32217720264602223,0.5497284532680546,0.0,262662.84211395326,6289.032514858682,20404851.667274036,401.8076577599065,312.80560894181224
-0.1071428571428572,0.85,-0.005,268.79703384851206,0.043526899099833594,0.702477433830345,0.0,262660.5765047456,6289.032338004054,20404070.287544835,401.80412359216234,312.80423327126084
-0.1071428571428572,0.85,0.005,268.79703384851206,0.043544875559937087,0.7024968520204027,0.0,262660.5743525556,6289.032338063921,20404069.53039203,401.8041202777895,312.8042319811423
-0.1071428571428572,0.85,0.015,268.79703384851206,0.043526899099833594,0.702477433830345,0.0,262660.5765047456,6289.032338004054,20404070.287544835,401.80412359216234,312.80423327126084
-0.1071428571428572,0.87,-0.005,268.7903009452308,-0.2389238726107462,0.8634762543440656,0.0,262658.74235939,6289.032122653239,20403404.82320811,401.80108276096826,312.803049626527
-0.1071428571428572,0.87,0.005,268.7903009452308,-0.23890783625481846,0.8634928737277255,0.0,262658.74007131584,6289.032122713486,20403404.02030612,401.8010792446995,312.8030482578154
-0.1071428571428572,0.87,0.015,268.7903009452308,-0.2389238726107462,0.8634762543440656,0.0,262658.74235939,6289.032122653239,20403404.82320811,401.80108276096826,312.803049626527
-0.1071428571428572,0.89,-0.005,268.784757442897,-0.5248622312007141,1.032607925142343,0.0,262657.360599177,6289.031908896903,20402855.786748305,401.7985566849249,312.80206634703154
-0.1071428571428572,0.89,0.005,268.784757442897,-0.5248482606548561,1.0326217564812221,0.0,262657.3581875632,6289.031908957872,20402854.94221955,401.7985529851318,312.80206490687834
-0.1071428571428572,0.89,0.015,268.784757442897,-0.5248622312007141,1.032607925142343,0.0,262657.360599177,6289.031908896903,20402855.786748305,401.7985566849249,312.80206634703154
-0.1071428571428572,0.91,-0.005,268.7804066296747,-0.8140826744001629,1.2098707068341745,0.0,262656.43368875654,6289.031683228132,20402423.076058436,401.7965385043349,312.8012807645039
-0.1071428571428572,0.91,0.005,268.7804066296747,-0.814070889307108,1.2098817791232783,0.0,262656.4311660917,6289.031683289738,20402422.19409081,401.79653463947693,312.80127926009504
-0.1071428571428572,0.91,0.015,268.7804066296747,-0.8140826744001629,1.2098707068341745,0.0,262656.43368875654,6289.031683228132,20402423.076058436,401.7965385043349,312.8012807645039
-0.1071428571428572,0.93,-0.005,268.77726246003283,-1.1063593160268568,1.3952090280956737,0.0,262655.967983083,6289.031434594174,20402107.709561255,401.79502747062867,312.8006925890498
-0.1071428571428572,0.93,0.005,268.77726246003283,-1.1063498271303658,1.3952173831036532,0.0,262655.9653626481,6289.031434656295,20402106.79459129,401.7950234602506,312.8006910279939
-0.1071428571428572,0.93,0.015,268.77726246003283,-1.1063593160268568,1.3952090280956737,0.0,262655.967983083,6289.031434594174,20402107.709561255,401.79502747062867,312.8006925890498
-0.1071428571428572,0.95,-0.005,268.7753314084716,-1.4014658729049365,1.5885561874363434,0.0,262655.9703915872,6289.03115883018,20401910.1892361,401.7940238326334,312.80030191864
-0.1071428571428572,0.95,0.005,268.7753314084716,-1.4014587811931611,1.5885618789932745,0.0,262655.9676873883,6289.031158892645,20401909.245927796,401.7940196972632,312.80030030892834
-0.1071428571428572,0.95,0.015,268.7753314084716,-1.4014658729049365,1.5885561874363434,0.0,262655.9703915872,6289.03115883018,20401910.1892361,401.7940238326334,312.80030191864
-0.1071428571428572,0.97,-0.005,268.7746137043479,-1.6991809924635664,1.789839382800192,0.0,262656.44742021855,6289.030855419649,20401830.520337023,401.7935273785718,312.80010867157915
-0.1071428571428572,0.97,0.005,268.7746137043479,-1.6991763883363689,1.7898424760040381,0.0,262656.444646914,6289.030855482256,20401829.553555686,401.79352313961306,312.8001070215442
-0.1071428571428572,0.97,0.015,268.7746137043479,-1.6991809924635664,1.789839382800192,0.0,262656.44742021855,6289.030855419649,20401830.520337023,401.7935273785718,312.80010867157915
-0.1071428571428572,0.9899999999999999,-0.005,268.77515534203167,-2.0008667184187265,2.0005680182616614,0.0,262657.4187984059,6289.030509103234,20401872.72803467,401.79354860949786,312.80011693581866
-0.1071428571428572,0.9899999999999999,0.005,268.77515534203167,-2.000864675207719,2.000568612140254,0.0,262657.4159661521,6289.030509165587,20401871.741068028,401.7935442812995,312.8001152510468
-0.1071428571428572,0.9899999999999999,0.015,268.77515534203167,-2.0008667184187265,2.0005680182616614,0.0,262657.4187984059,6289.030509103234,20401872.72803467,401.79354860949786,312.80011693581866
-0.1071428571428572,1.01,-0.005,268.77424146546326,-6.802506148111522e-06,6.801490633455669e-06,0.0,262657.08331255725,6289.040278858525,20402088.233244188,401.7991587832364,312.80230071512756
-0.1071428571428572,1.01,0.005,268.77332758889486,2.000866718418705,-2.000568018261639,0.0,262656.74782442744,6289.030123726762,20401681.886523396,401.79252218836837,312.7997173962349
-0.1071428571428572,1.01,0.015,268.77424146546326,-6.802506148111522e-06,6.801490633455669e-06,0.0,262657.08331255725,6289.040278858525,20402088.233244188,401.7991587832364,312.80230071512756
-0.03571428571428559,-0.01,-0.005,269.39816497036816,6.82886698337245,0.0,0.0,262853.6590501267,6289.033315486552,20462936.59158112,402.0642014380618,312.90545210668625
-0.03571428571428559,-0.01,0.005,269.3981649703681,6.82886698337245,0.032984432397324494,0.0,262853.6590501267,6289.033314133568,20462936.549228482,402.06420060589966,312.9054517828722
-0.03571428571428559,-0.01,0.015,269.39816497036816,6.82886698337245,0.0,0.0,262853.6590501267,6289.033315486552,20462936.59158112,402.0642014380618,312.90545210668625
-0.03571428571428559,0.01,-0.005,269.39816497036816,6.82886698337245,-0.032984432397324494,0.0,262853.6590501266,6289.033314133568,20462936.54922848,402.0642006058996,312.9054517828722
-0.03571428571428559,0.01,0.005,269.39816497036816,6.82886512783705,-0.032982372793698006,0.0,262853.6622220832,6289.0333141648125,20462937.651743293,402.06420547768164,312.90545367859824
-0.03571428571428559,0.01,0.015,269.39816497036816,6.82886698337245,-0.032984432397324494,0.0,262853.6590501266,6289.033314133568,20462936.54922848,402.0642006058996,312.9054517828722
-0.03571428571428559,0.03,-0.005,269.3968471118746,6.82094231519251,-0.09881539342531487,0.0,262853.23993791844,6289.033319604514,20462807.693277296,402.06363556996644,312.90523191389883
-0.03571428571428559,0.03,0.005,269.3968471118746,6.820940614027312,-0.09880929213682059,0.0,262853.2430989412,6289.033319635798,20462808.791800663,402.0636404242076,312.90523380280064
-0.03571428571428559,0.03,0.015,269.3968471118746,6.82094231519251,-0.09881539342531487,0.0,262853.23993791844,6289.033319604514,20462807.693277296,402.06363556996644,312.90523191389883
-0.03571428571428559,0.05,-0.005,269.394218213595,6.8051192629152135,-0.16422547374487617,0.0,262852.4039097269,6289.033330533899,20462550.64533549,402.0625084087592,312.90479330809745
-0.03571428571428559,0.05,0.005,269.394218213595,6.805117869829547,-0.16421534148968261,0.0,262852.4070598411,6289.033330565278,20462551.739680883,402.06251324468775,312.90479518987604
-0.03571428571428559,0.05,0.015,269.394218213595,6.8051192629152135,-0.16422547374487617,0.0,262852.4039097269,6289.033330533899,20462550.64533549,402.0625084087592,312.90479330809745
-0.03571428571428559,0.07,-0.005,269.3902895035717,6.7814424437759335,-0.22893461841455054,0.0,262851.1545002769,6289.033346524503,20462166.495295245,402.0608237175952,312.9041377527029
-0.03571428571428559,0.07,0.005,269.3902895035717,6.781441508986003,-0.2289205105831714,0.0,262851.1576339384,6289.033346556024,20462167.58334935,402.06082852594574,312.9041396237541
-0.03571428571428559,0.07,0.015,269.3902895035717,6.7814424437759335,-0.22893461841455054,0.0,262851.1545002769,6289.033346524503,20462166.495295245,402.0608237175952,312.9041377527029
-0.03571428571428559,0.09,-0.005,269.38507804894465,6.749932880528218,-0.2926633115593321,0.0,262849.49697092926,6289.033367523038,20461656.91412225,402.05858880792977,312.9032680914323
-0.03571428571428559,0.09,0.005,269.38507804894465,6.74993254952483,-0.2926453050672942,0.0,262849.5000824971,6289.033367554745,20461657.99374631,402.0585935793237,312.90326994810795
-0.03571428571428559,0.09,0.015,269.38507804894465,6.749932880528218,-0.2926633115593321,0.0,262849.49697092926,6289.033367523038,20461656.91412225,402.05858880792977,312.9032680914323
-0.03571428571428559,0.11,-0.005,269.3786065554314,6.710609553505148,-0.35513268034892675,0.0,262847.4382783432,6289.033393499618,20461024.126064,402.05581343251123,312.90218811756597
-0.03571428571428559,0.11,0.005,269.3786065554314,6.710609965562923,-0.35511087303868016,0.0,262847.4413620477,6289.033393531557,20461025.195085425,402.055818157419,312.9021899561589
-0.03571428571428559,0.11,0.015,269.3786065554314,6.710609553505148,-0.35513268034892675,0.0,262847.4382783432,6289.033393499618,20461024.126064,402.05581343251123,312.90218811756597
-0.03571428571428559,0.13,-0.005,269.3709032522172,6.663492435957955,-0.41606455587992974,0.0,262844.9870487633,6289.033424407996,20460270.89608776,402.0525097117571,312.90090254533703
-0.03571428571428559,0.13,0.005,269.3709032522172,6.663493722724903,-0.4160390657520805,0.0,262844.99009868165,6289.033424440211,20460271.952293772,402.0525143804704,312.9009043620706
-0.03571428571428559,0.13,0.015,269.3709032522172,6.663492435957955,-0.41606455587992974,0.0,262844.9870487633,6289.033424407996,20460270.89608776,402.0525097117571,312.90090254533703
-0.03571428571428559,0.15,-0.005,269.3620017103182,6.608605226501568,-0.47518182112170326,0.0,262842.15355181356,6289.033460195614,20459400.51235544,402.0486920621855,312.899416982129
-0.03571428571428559,0.15,0.005,269.3620017103182,6.6086075106651965,-0.47515278541368233,0.0,262842.1565618483,6289.033460228151,20459401.553488016,402.0486966647942,312.8994187731478
-0.03571428571428559,0.15,0.015,269.3620017103182,6.608605226501568,-0.47518182112170326,0.0,262842.15355181356,6289.033460195614,20459400.51235544,402.0486920621855,312.899416982129
-0.03571428571428559,0.17,-0.005,269.3519407071627,6.545975347014497,-0.5322086087426329,0.0,262838.9496585805,6289.033500787404,20458416.772392865,402.0443771287242,312.89773790218965
-0.03571428571428559,0.17,0.005,269.3519407071627,6.545978741075168,-0.5321761828675399,0.0,262838.9526224444,6289.033500820306,20458417.796145234,402.04438165510066,312.89773966355364
-0.03571428571428559,0.17,0.015,269.3519407071627,6.545975347014497,-0.5322086087426329,0.0,262838.9496585805,6289.033500787404,20458416.772392865,402.0443771287242,312.89773790218965
-0.03571428571428559,0.19,-0.005,269.3407640473398,6.475633466098049,-0.5868704054452889,0.0,262835.3887888618,6289.033546080075,20457323.965288617,402.0395837046537,312.8958726155393
-0.03571428571428559,0.19,0.005,269.3407640473398,6.475638071258194,-0.5868347618036327,0.0,262835.3917000678,6289.033546113386,20457324.969303537,402.0395881444448,312.8958743432203
-0.03571428571428559,0.19,0.015,269.3407640473398,6.475633466098049,-0.5868704054452889,0.0,262835.3887888618,6289.033546080075,20457323.965288617,402.0395837046537,312.8958726155393
-0.03571428571428559,0.21,-0.005,269.32852034989133,6.397613758798596,-0.6388942735518245,0.0,262831.4858575189,6289.033595944279,20456126.85085704,402.03433264201976,312.8938292331752
-0.03571428571428559,0.21,0.005,269.32852034989133,6.397619663977714,-0.6388556002300464,0.0,262831.48870937695,6289.033595978043,20456127.832726978,402.0343369846476,312.8938309230576
-0.03571428571428559,0.21,0.015,269.32852034989133,6.397613758798596,-0.6388942735518245,0.0,262831.4858575189,6289.033595944279,20456126.85085704,402.03433264201976,312.8938292331752
-0.03571428571428559,0.23,-0.005,269.31526283263213,6.311953949152114,-0.6880090556581749,0.0,262827.2572137401,6289.033650213895,20454830.63810293,402.0286467529033,312.89161662872317
-0.03571428571428559,0.23,0.005,269.31526283263213,6.311961230134527,-0.6879675550287941,0.0,262827.25999935984,6289.033650248151,20454831.595372204,402.0286509875739,312.8916182766069
-0.03571428571428559,0.23,0.015,269.31526283263213,6.311953949152114,-0.6880090556581749,0.0,262827.2572137401,6289.033650213895,20454830.63810293,402.0286467529033,312.89161662872317
-0.03571428571428559,0.25,-0.005,269.30104906199296,6.2186953943110455,-0.7339455940754348,0.0,262822.72057532764,6289.0337086856,20453440.960629318,402.0225507021772,312.88924439677805
-0.03571428571428559,0.25,0.005,269.30104906199296,6.218704113035482,-0.7339014813150853,0.0,262822.7232876291,6289.033708720394,20453441.890798386,402.02255481789956,312.88924599838623
-0.03571428571428559,0.25,0.015,269.30104906199296,6.2186953943110455,-0.7339455940754348,0.0,262822.72057532764,6289.0337086856,20453440.960629318,402.0225507021772,312.88924439677805
-0.03571428571428559,0.27,-0.005,269.285940677201,6.117883509157637,-0.7764370622875207,0.0,262817.8949594965,6289.033771121685,20451963.84963248,402.0160708911988,312.886722807719
-0.03571428571428559,0.27,0.005,269.285940677201,6.117893713147535,-0.7763905638276055,0.0,262817.8975912266,6289.033771157057,20451964.750164308,402.01607487681247,312.88672435870876
-0.03571428571428559,0.27,0.015,269.285940677201,6.117883509157637,-0.7764370622875207,0.0,262817.8949594965,6289.033771121685,20451963.84963248,402.0160708911988,312.886722807719
-0.03571428571428559,0.29,-0.005,269.27000310482566,6.009567666335414,-0.8152192075513,0.0,262812.8006048471,6289.033837245604,20450405.70572701,402.0092353328886,312.884062759173
-0.03571428571428559,0.29,0.005,269.27000310482566,6.009579388278284,-0.8151705594788764,0.0,262812.80314860435,6289.033837281597,20450406.57405556,402.00923917710116,312.8840642551496
-0.03571428571428559,0.29,0.015,269.27000310482566,6.009567666335414,-0.8152192075513,0.0,262812.8006048471,6289.033837245604,20450405.70572701,402.0092353328886,312.884062759173
-0.03571428571428559,0.31,-0.005,269.2533052599833,5.893801633907191,-0.8500307487687933,0.0,262807.45889218734,6289.033906735185,20448773.269392893,402.00207351959,312.8812757246663
-0.03571428571428559,0.31,0.005,269.2533052599833,5.893814891378283,-0.8499801951927937,0.0,262807.46134045225,6289.033906771839,20448774.10293363,402.002077211023,312.8812771612015
-0.03571428571428559,0.31,0.015,269.2533052599833,5.893801633907191,-0.8500307487687933,0.0,262807.45889218734,6289.033906735185,20448773.269392893,402.00207351959,312.8812757246663
-0.03571428571428559,0.33,-0.005,269.23591922274915,5.770643346271897,-0.8806136164162067,0.0,262801.8922564975,6289.033979221466,20447073.58917507,401.994616283662,312.878373699447
-0.03571428571428559,0.33,0.005,269.23591922274915,5.770658141607987,-0.8805614078169814,0.0,262801.8946016703,6289.033979258823,20447074.385337528,401.99461981090656,312.8783750721004
-0.03571428571428559,0.33,0.015,269.23591922274915,5.770643346271897,-0.8806136164162067,0.0,262801.8922564975,6289.033979221466,20447073.58917507,401.994616283662,312.878373699447
-0.03571428571428559,0.35,-0.005,269.2179199058944,5.640155058273284,-0.906713317806869,0.0,262796.12409872026,6289.034054286976,20445313.989021208,401.98689565393556,312.8753691446925
-0.03571428571428559,0.35,0.005,269.2179199058944,5.640171378585878,-0.9066597093823193,0.0,262796.1263331645,6289.034054325075,20445314.745223295,401.9868990056152,312.8753704490359
-0.03571428571428559,0.35,0.015,269.2179199058944,5.640155058273284,-0.906713317806869,0.0,262796.12409872026,6289.034054286976,20445313.989021208,401.98689565393556,312.8753691446925
-0.03571428571428559,0.37,-0.005,269.1993847142467,5.502403641629465,-0.9280793719288519,0.0,262790.1786956163,6289.034131463206,20443502.034780614,401.97894470799315,312.87227493008663
-0.03571428571428559,0.37,0.005,269.1993847142467,5.502421458957148,-0.9280246219532574,0.0,262790.1808117084,6289.0341315020905,20443502.748464715,401.97894787283474,312.8722761617322
-0.03571428571428559,0.37,0.015,269.1993847142467,5.502403641629465,-0.9280793719288519,0.0,262790.1786956163,6289.034131463206,20443502.034780614,401.97894470799315,312.87227493008663
-0.03571428571428559,0.39,-0.005,269.1803931891121,5.357460779539949,-0.9444657417386668,0.0,262784.0811033377,6289.034210225059,20441645.499153756,401.97079741605876,312.86910427312586
-0.03571428571428559,0.39,0.005,269.1803931891121,5.357480051125554,-0.9444101099453279,0.0,262784.0830935212,6289.034210264769,20441646.167804275,401.9708003829704,312.86910542775576
-0.03571428571428559,0.39,0.015,269.1803931891121,5.357460779539949,-0.9444657417386668,0.0,262784.0811033377,6289.034210225059,20441645.499153756,401.97079741605876,312.86910427312586
-0.03571428571428559,0.41,-0.005,269.1610266430928,5.205402704852016,-0.9556311214119269,0.0,262777.8570568131,6289.034289988693,20439752.325817123,401.96248848274337,312.86587067758296
-0.03571428571428559,0.41,0.005,269.1610266430928,5.205423373548076,-0.955574867416326,0.0,262777.85891365755,6289.034290029271,20439752.94697929,401.9624912408971,312.86587175098185
-0.03571428571428559,0.41,0.015,269.1610266430928,5.205402704852016,-0.9556311214119269,0.0,262777.8570568131,6289.034289988693,20439752.325817123,401.96248848274337,312.86587067758296
-0.03571428571428559,0.43,-0.005,269.1413677922792,5.046310161594821,-0.9613393082704269,0.0,262771.53286905226,6289.034370108035,20437830.593259137,401.9540531867273,312.8625878711596
-0.03571428571428559,0.43,0.005,269.1413677922792,5.046332156381006,-0.9612826900427788,0.0,262771.5345853155,6289.03437014952,20437831.164558932,401.9540557256474,312.86258885924906
-0.03571428571428559,0.43,0.015,269.1413677922792,5.046310161594821,-0.9613393082704269,0.0,262771.53286905226,6289.034370108035,20437830.593259137,401.9540531867273,312.8625878711596
-0.03571428571428559,0.45,-0.005,269.1215003931845,4.880269743074314,-0.9613601623521411,0.0,262765.135337414,6289.034449867807,20435888.478982445,401.94552722023764,312.85926974305005
-0.03571428571428559,0.45,0.005,269.1215003931845,4.880292979672506,-0.9613034347475238,0.0,262765.1369061076,6289.034449910242,20435888.99814723,401.94552952989176,312.85927064192396
-0.03571428571428559,0.45,0.015,269.1215003931845,4.880269743074314,-0.9613601623521411,0.0,262765.135337414,6289.034449867807,20435888.478982445,401.94552722023764,312.85926974305005
-0.03571428571428559,0.47,-0.005,269.1015088510205,4.707373208330468,-0.9554697824541359,0.0,262758.69163554977,6289.034528491012,20433934.22136421,401.9369465249173,312.85593028009106
-0.03571428571428559,0.47,0.005,269.1015088510205,4.7073975899238,-0.9554131958159457,0.0,262758.693050006,6289.03452853444,20433934.68624394,401.93694859581046,312.85593108605235
-0.03571428571428559,0.47,0.015,269.1015088510205,4.707373208330468,-0.9554697824541359,0.0,262758.69163554977,6289.034528491012,20433934.22136421,401.9369465249173,312.85593028009106
-0.03571428571428559,0.49,-0.005,269.08147784588346,4.527717271272009,-0.9434508737390376,0.0,262752.2292082728,6289.034605135071,20431976.082926985,401.92834712832257,312.8525835031464
-0.03571428571428559,0.49,0.005,269.08147784588346,4.527742689302613,-0.9433946725772528,0.0,262752.230462213,6289.034605179533,20431976.491515584,401.928348951592,312.8525842127437
-0.03571428571428559,0.49,0.015,269.08147784588346,4.527717271272009,-0.9434508737390376,0.0,262752.2292082728,6289.034605135071,20431976.082926985,401.92834712832257,312.8525835031464
-0.03571428571428559,0.51,-0.005,269.06149197324214,4.341404158185007,-0.9250934652621834,0.0,262745.77567035897,6289.034678879587,20430022.314759973,401.9197649813149,312.84924340382867
-0.03571428571428559,0.51,0.005,269.06149197324214,4.341430493219293,-0.9250378870128753,0.0,262745.776757961,6289.034678925124,20430022.665216636,401.91976654882365,312.8492440138931
-0.03571428571428559,0.51,0.015,269.06149197324214,4.341404158185007,-0.9250934652621834,0.0,262745.77567035897,6289.034678879587,20430022.314759973,401.9197649813149,312.84924340382867
-0.03571428571428559,0.53,-0.005,269.0416353732084,4.148541747314529,-0.9001954528439187,0.0,262739.3587000952,6289.034748717084,20428081.11994754,401.9112357923077,312.8459238799874
-0.03571428571428559,0.53,0.005,269.0416353732084,4.148568869975088,-0.9001407267196742,0.0,262739.3596160621,6289.03474876374,20428081.410617776,401.91123709673883,312.84592438766913
-0.03571428571428559,0.53,0.015,269.0416353732084,4.148541747314529,-0.9001954528439187,0.0,262739.3587000952,6289.034748717084,20428081.11994754,401.9112357923077,312.8459238799874
-0.03571428571428559,0.55,-0.005,269.0219913489234,3.949243092691977,-0.8685628486548149,0.0,262733.00593547936,6289.034813567321,20426160.616681386,401.90279487117715,312.84263867494775
-0.03571428571428559,0.55,0.005,269.0219913489234,3.9492708646434536,-0.8685091945887505,0.0,262733.0066751043,6289.034813615135,20426160.846117362,401.90279590612346,312.8426390777508
-0.03571428571428559,0.55,0.015,269.0219913489234,3.949243092691977,-0.8685628486548149,0.0,262733.00593547936,6289.034813567321,20426160.616681386,401.90279487117715,312.84263867494775
-0.03571428571428559,0.57,-0.005,269.0026420201435,3.7436274540174783,-0.8300108227749822,0.0,262726.7448767274,6289.034872267824,20424268.80408657,401.8944769736227,312.83940131691435
-0.03571428571428559,0.57,0.005,269.0026420201435,3.7436557289812553,-0.8299584504534181,0.0,262726.74543595704,6289.034872316835,20424268.971066542,401.89447773367266,312.8394016127303
-0.03571428571428559,0.57,0.015,269.0026420201435,3.7436274540174783,-0.8300108227749822,0.0,262726.7448767274,6289.034872267824,20424268.80408657,401.8944769736227,312.83940131691435
-0.03571428571428559,0.59,-0.005,268.9836679665427,3.531819787655438,-0.784363945657629,0.0,262720.602780713,6289.034923572868,20422413.527316008,401.88631614615844,312.8362250586116
-0.03571428571428559,0.59,0.005,268.9836679665427,3.531848412463667,-0.7843130536538983,0.0,262720.6031562076,6289.034923623117,20422413.630862676,401.88631662697827,312.83622524575134
-0.03571428571428559,0.59,0.015,268.9836679665427,3.531819787655438,-0.784363945657629,0.0,262720.602780713,6289.034923572868,20422413.527316008,401.88631614615844,312.8362250586116
-0.03571428571428559,0.61,-0.005,268.9651478909174,3.313950901366272,-0.731456780098904,0.0,262714.6065610662,6289.034966147824,20420602.444458477,401.8783455767321,312.83312281910486
-0.03571428571428559,0.61,0.005,268.9651478909174,3.313979717036175,-0.731407555103652,0.0,262714.60675025504,6289.034966199344,20420602.48385584,401.8783457751396,312.8331228963278
-0.03571428571428559,0.61,0.015,268.9651478909174,3.313950901366272,-0.731456780098904,0.0,262714.6065610662,6289.034966147824,20420602.444458477,401.8783455767321,312.83312281910486
-0.03571428571428559,0.63,-0.005,268.9471582855436,3.0901568252479326,-0.6711340020582159,0.0,262708.7826889263,6289.034998573614,20418842.994080715,401.8705974528212,312.83010712852496
-0.03571428571428559,0.63,0.005,268.9471582855436,3.0901856680713804,-0.671086618208112,0.0,262708.78269005916,6289.034998626439,20418842.968889426,401.8705973668546,312.8301070950652
-0.03571428571428559,0.63,0.015,268.9471582855436,3.0901568252479326,-0.6711340020582159,0.0,262708.7826889263,6289.034998573614,20418842.994080715,401.8705974528212,312.83010712852496
-0.03571428571428559,0.65,-0.005,268.9297731281175,2.860580000300688,-0.6032515930046826,0.0,262703.15710129717,6289.035019335834,20417142.365193736,401.86310282277583,312.8271900740477
-0.03571428571428559,0.65,0.005,268.9297731281175,2.860608702928449,-0.6032062113008438,0.0,262703.15691348934,6289.035019389991,20417142.27526455,401.86310245175247,312.8271899296376
-0.03571428571428559,0.65,0.015,268.9297731281175,2.860580000300688,-0.6032515930046826,0.0,262703.15710129717,6289.035019335834,20417142.365193736,401.86310282277583,312.8271900740477
-0.03571428571428559,0.67,-0.005,268.9130635679547,2.6253692840506213,-0.5276773486575912,0.0,262697.75510395976,6289.035026824356,20415507.466600724,401.85589145932147,312.8243832467093
-0.03571428571428559,0.67,0.005,268.9130635679547,2.6253976765730527,-0.5276341164771363,0.0,262697.7547272319,6289.0350268798675,20415507.31208603,401.85589080388957,312.82438299159907
-0.03571428571428559,0.67,0.015,268.9130635679547,2.6253692840506213,-0.5276773486575912,0.0,262697.75510395976,6289.035026824356,20415507.466600724,401.85589145932147,312.8243832467093
-0.03571428571428559,0.69,-0.005,268.89709764933804,2.384679781592565,-0.4442912402647642,0.0,262692.60128854506,6289.0350193476015,20413944.900344435,401.8489917480547,312.8216976979438
-0.03571428571428559,0.69,0.005,268.89709764933804,2.384707692628024,-0.4442502909754063,0.0,262692.60072385665,6289.035019404485,20413944.68170769,401.8489908102348,312.8216973329182
-0.03571428571428559,0.69,0.015,268.89709764933804,2.384679781592565,-0.4442912402647642,0.0,262692.60128854506,6289.0350193476015,20413944.900344435,401.8489917480547,312.8216976979438
-0.03571428571428559,0.71,-0.005,268.88194001975813,2.138671434143522,-0.3529848856814375,0.0,262687.7194425314,6289.0349951509515,20412460.933809374,401.8424305718967,312.819143894544
-0.03571428571428559,0.71,0.005,268.88194001975813,2.1386986919134094,-0.35294633834673567,0.0,262687.7186918065,6289.034995209216,20412460.651832256,401.8424293551125,312.81914342093376
-0.03571428571428559,0.71,0.015,268.88194001975813,2.138671434143522,-0.3529848856814375,0.0,262687.7194425314,6289.0349951509515,20412460.933809374,401.8424305718967,312.819143894544
-0.03571428571428559,0.73,-0.005,268.8676517069888,1.887509760214027,-0.2536623791749692,0.0,262683.1324786356,6289.034952421944,20411061.478150744,401.8362332171204,312.81673168201655
-0.03571428571428559,0.73,0.005,268.8676517069888,1.8875361936044146,-0.2536263383502178,0.0,262683.13154478313,6289.034952481583,20411061.13393812,401.836231726221,312.8167311017076
-0.03571428571428559,0.73,0.015,268.8676517069888,1.887509760214027,-0.2536623791749692,0.0,262683.1324786356,6289.034952421944,20411061.478150744,401.8362332171204,312.81673168201655
-0.03571428571428559,0.75,-0.005,268.8542898914501,1.631366392370878,-0.14624095376257518,0.0,262678.8623604066,6289.034889297901,20409752.06633956,401.8304232788168,312.81447024771745
-0.03571428571428559,0.75,0.005,268.8542898914501,1.6313918319766396,-0.1462075093781327,0.0,262678.8612473322,6289.034889358903,20409751.661322046,401.8304215200874,312.814469563155
-0.03571428571428559,0.75,0.015,268.8542898914501,1.631366392370878,-0.14624095376257518,0.0,262678.8623604066,6289.034889297901,20409752.06633956,401.8304232788168,312.81447024771745
-0.03571428571428559,0.77,-0.005,268.841907600905,1.3704154301720435,-0.030648631023701897,0.0,262674.9300111493,6289.034803908305,20408537.824692793,401.8250225541579,312.812368079238
-0.03571428571428559,0.77,0.005,268.841907600905,1.3704397092906626,-0.030617858332435452,0.0,262674.92872375995,6289.034803970641,20408537.360626858,401.8250205353196,312.81236729342635
-0.03571428571428559,0.77,0.015,268.841907600905,1.3704154301720435,-0.030648631023701897,0.0,262674.9300111493,6289.034803908305,20408537.824692793,401.8250225541579,312.812368079238
-0.03571428571428559,0.79,-0.005,268.830553377051,1.1048299110705795,0.09317809505632704,0.0,262671.35521976184,6289.034694414312,20407423.4415638,401.82005092176473,312.8104329173824
-0.03571428571428559,0.79,0.005,268.830553377051,1.104852866550254,0.09320613553776831,0.0,262671.3537639622,6289.03469447794,20407422.920529068,401.82004865196285,312.81043203388026
-0.03571428571428559,0.79,0.015,268.830553377051,1.1048299110705795,0.09317809505632704,0.0,262671.35521976184,6289.034694414312,20407423.4415638,401.82005092176473,312.8104329173824
-0.03571428571428559,0.81,-0.005,268.8202710233551,0.8347809067208117,0.22529464822008566,0.0,262668.15656962263,6289.034559028206,20406413.143351465,401.8155262438463,312.80867171801003
-0.03571428571428559,0.81,0.005,268.8202710233551,0.8348023798423692,0.2253199106767109,0.0,262668.1549523111,6289.034559093067,20406412.56774814,401.81552373363843,312.8086707409264
-0.03571428571428559,0.81,0.015,268.8202710233551,0.8347809067208117,0.22529464822008566,0.0,262668.15656962263,6289.034559028206,20406413.143351465,401.8155262438463,312.80867171801003
-0.03571428571428559,0.83,-0.005,268.81109941467116,0.5604314628540684,0.3657529898000609,0.0,262665.35140918876,6289.034396093615,20405510.678445812,401.8114643324007,312.8070906388182
-0.03571428571428559,0.83,0.005,268.81109941467116,0.5604513004481549,0.36577544289111924,0.0,262665.34963825817,6289.034396159636,20405510.05099387,401.8114615937525,312.80708957281007
-0.03571428571428559,0.83,0.015,268.81109941467116,0.5604314628540684,0.3657529898000609,0.0,262665.35140918876,6289.034396093615,20405510.678445812,401.8114643324007,312.8070906388182
-0.03571428571428559,0.85,-0.005,268.80307317689153,0.28193978963948413,0.514599937556274,0.0,262662.9557937337,6289.0342034497335,20404719.363962773,401.8078788512873,312.8056950011657
-0.03571428571428559,0.85,0.005,268.80307317689153,0.28195784550694564,0.5146195637733149,0.0,262662.9538780372,6289.034203516818,20404718.68768961,401.8078758975165,312.8056938514168
-0.03571428571428559,0.85,0.015,268.80307317689153,0.28193978963948413,0.514599937556274,0.0,262662.9557937337,6289.0342034497335,20404719.363962773,401.8078788512873,312.8056950011657
-0.03571428571428559,0.87,-0.005,268.79624885676253,-0.0005564981762927575,0.6719190835028339,0.0,262660.9813908565,6289.033952265773,20404043.829907067,401.8047765389501,312.80448743046964
-0.03571428571428559,0.87,0.005,268.79624885676253,-0.0005403597784764046,0.6719358737099521,0.0,262660.97933950106,6289.033952333431,20404043.107943654,401.8047733836484,312.8044862022706
-0.03571428571428559,0.87,0.015,268.79624885676253,-0.0005564981762927575,0.6719190835028339,0.0,262660.9813908565,6289.033952265773,20404043.829907067,401.8047765389501,312.80448743046964
-0.03571428571428559,0.89,-0.005,268.79066208387883,-0.28675291622241245,0.8376145958760761,0.0,262659.45237182215,6289.033659632875,20403488.09293957,401.8021833192866,312.8034780198008
-0.03571428571428559,0.89,0.005,268.79066208387883,-0.28673883690603397,0.837628572979226,0.0,262659.45019547455,6289.033659700942,20403487.328889184,401.80217997828936,312.80347671931565
-0.03571428571428559,0.89,0.015,268.79066208387883,-0.28675291622241245,0.8376145958760761,0.0,262659.45237182215,6289.033659632875,20403488.09293957,401.8021833192866,312.8034780198008
-0.03571428571428559,0.91,-0.005,268.78629388602144,-0.5763627643987527,1.0116081414505442,0.0,262658.3881403627,6289.033369481901,20403051.665200096,401.8001180198098,312.8026740997172
-0.03571428571428559,0.91,0.005,268.78629388602144,-0.5763508631395099,1.0116193225429402,0.0,262658.3858511312,6289.033369550574,20403050.863101527,401.80011451105275,312.80267273392786
-0.03571428571428559,0.91,0.015,268.78629388602144,-0.5763627643987527,1.0116081414505442,0.0,262658.3881403627,6289.033369481901,20403051.665200096,401.8001180198098,312.8026740997172
-0.03571428571428559,0.93,-0.005,268.78314988214754,-0.86918642785748,1.193904196938974,0.0,262657.78844768123,6289.033059473564,20402734.39734986,401.798569354466,312.80207127868016
-0.03571428571428559,0.93,0.005,268.78314988214754,-0.8691768174305274,1.1939126174865002,0.0,262657.7860577939,6289.033059542764,20402733.561283544,401.7985656959397,312.8020698545903
-0.03571428571428559,0.93,0.015,268.78314988214754,-0.86918642785748,1.193904196938974,0.0,262657.78844768123,6289.033059473564,20402734.39734986,401.798569354466,312.80207127868016
-0.03571428571428559,0.95,-0.005,268.7812407216071,-1.1650057156311253,1.3844590542795832,0.0,262657.65944369935,6289.03271986611,20402537.025736373,401.7975359478038,312.8016690224542
-0.03571428571428559,0.95,0.005,268.7812407216071,-1.1649984995981104,1.3844647623741007,0.0,262657.6569661093,6289.032719935686,20402536.160013743,401.79753215848626,312.80166754745153
-0.03571428571428559,0.95,0.015,268.7812407216071,-1.1650057156311253,1.3844590542795832,0.0,262657.65944369935,6289.03271986611,20402537.025736373,401.7975359478038,312.8016690224542
-0.03571428571428559,0.97,-0.005,268.7805693995453,-1.4636063839202382,1.5832236645758782,0.0,262658.0077791242,6289.0323477031,20402459.750028573,401.797017283075,312.801467130667
-0.03571428571428559,0.97,0.005,268.7805693995453,-1.463601655695445,1.5832267201855628,0.0,262658.00522745907,6289.032347772851,20402458.859172054,401.79701338285594,312.8014656124947
-0.03571428571428559,0.97,0.015,268.7805693995453,-1.4636063839202382,1.5832236645758782,0.0,262658.0077791242,6289.0323477031,20402459.750028573,401.797017283075,312.801467130667
-0.03571428571428559,0.99,-0.005,268.7811916351612,-1.7666932861153295,1.7920839340649453,0.0,262658.85449958383,6289.031921901661,20402507.36499826,401.7970244818738,312.8014699328217
-0.03571428571428559,0.99,0.005,268.7811916351612,-1.7666911231023157,1.792084429950021,0.0,262658.8518834172,6289.031921971162,20402506.452114284,401.7970204842843,312.80146837674766
-0.03571428571428559,0.99,0.015,268.7811916351612,-1.7666932861153295,1.7920839340649453,0.0,262658.85449958383,6289.031921901661,20402507.36499826,401.7970244818738,312.8014699328217
-0.03571428571428559,1.01,-0.005,268.780368939954,-5.406838226345539e-06,5.4845444852697276e-06,0.0,262658.5361664793,6289.039588323648,20402666.154411796,401.8013812836782,312.80316582680706
-0.03571428571428559,1.01,0.005,268.7795462447468,1.7666932861153295,-1.7920839340649453,0.0,262658.21783142624,6289.031493700292,20402333.02989822,401.7960505400066,312.8010908227068
-0.03571428571428559,1.01,0.015,268.780368939954,-5.406838226345539e-06,5.4845444852697276e-06,0.0,262658.5361664793,6289.039588323648,20402666.154411796,401.8013812836782,312.80316582680706
0.03571428571428559,-0.01,-0.005,269.40229238234144,7.0506324484911,-3.296848176495823e-18,0.0,262856.9328669074,6289.034735774102,20463385.179113053,402.0668552754936,312.9064847761308
0.03571428571428559,-0.01,0.005,269.40229238234144,7.050632448491099,0.03499527861467571,0.0,262856.93286690733,6289.034734251135,20463385.13143834,402.0668543387756,312.90648441163285
0.03571428571428559,-0.01,0.015,269.40229238234144,7.0506324484911,-3.296848176495823e-18,0.0,262856.9328669074,6289.034735774102,20463385.179113053,402.0668552754936,312.9064847761308
0.03571428571428559,0.01,-0.005,269.40229238234144,7.050632448491099,-0.03499527861467571,0.0,262856.93286690733,6289.034734251135,20463385.131438345,402.0668543387756,312.9064844116328
0.03571428571428559,0.01,0.005,269.40229238234144,7.050630240862237,-0.03499324546634207,0.0,262856.9360040667,6289.034734289652,20463386.222104624,402.0668591617587,312.90648628836385
0.03571428571428559,0.01,0.015,269.40229238234144,7.050632448491099,-0.03499527861467571,0.0,262856.93286690733,6289.034734251135,20463385.131438345,402.0668543387756,312.9064844116328
0.03571428571428559,0.03,-0.005,269.4009912192623,7.042791925615582,-0.10485035999629942,0.0,262856.51846793876,6289.034741268378,20463257.95753964,402.0662974592042,312.90626771721077
0.03571428571428559,0.03,0.005,269.4009912192623,7.042789870088323,-0.10484433704777187,0.0,262856.5215946132,6289.034741306932,20463259.04437232,402.06630226533986,312.9062695873874
0.03571428571428559,0.03,0.015,269.4009912192623,7.042791925615582,-0.10485035999629942,0.0,262856.51846793876,6289.034741268378,20463257.95753964,402.0662974592042,312.90626771721077
0.03571428571428559,0.05,-0.005,269.39839563944827,7.027124151658377,-0.17429139146335165,0.0,262855.6917639787,6289.03475531718,20463004.26748598,402.0651865962966,312.9058354549089
0.03571428571428559,0.05,0.005,269.39839563944827,7.027122399752897,-0.17428138865849035,0.0,262855.69488052814,6289.034755355823,20463005.35041663,402.0651913853315,312.9058373184338
0.03571428571428559,0.05,0.015,269.39839563944827,7.027124151658377,-0.17429139146335165,0.0,262855.6917639787,6289.03475531718,20463004.26748598,402.0651865962966,312.9058354549089
0.03571428571428559,0.07,-0.005,269.3945164778729,7.003673510156036,-0.24304266844138733,0.0,262854.4561682306,6289.034775986684,20462625.112212513,402.06352616758613,312.9051893428025
0.03571428571428559,0.07,0.005,269.3945164778729,7.003672209945199,-0.24302873947879294,0.0,262854.459269507,6289.034776025457,20462626.18926715,402.0635309308664,312.9051911963095
0.03571428571428559,0.07,0.015,269.3945164778729,7.003673510156036,-0.24304266844138733,0.0,262854.4561682306,6289.034775986684,20462625.112212513,402.06352616758613,312.9051893428025
0.03571428571428559,0.09,-0.005,269.389370220952,6.972460202164609,-0.31082897767588513,0.0,262852.8167455122,6289.034803194444,20462122.104878884,402.0613232164513,312.90433212032235
0.03571428571428559,0.09,0.005,269.389370220952,6.9724594971170415,-0.31081119713323047,0.0,262852.81982627395,6289.03480323339,20462123.174059212,402.0613279452149,312.90433396040305
0.03571428571428559,0.09,0.015,269.389370220952,6.972460202164609,-0.31082897767588513,0.0,262852.8167455122,6289.034803194444,20462122.104878884,402.0613232164513,312.90433212032235
0.03571428571428559,0.11,-0.005,269.3829788047915,6.933502039913351,-0.3773756879789041,0.0,262850.7801948425,6289.0348368853565,20461497.393546987,402.05858714860034,312.90326744574327
0.03571428571428559,0.11,0.005,269.3829788047915,6.933502067431564,-0.37735415074749235,0.0,262850.7832497251,6289.034836924518,20461498.45282248,402.05859183394205,312.90326926893374
0.03571428571428559,0.11,0.015,269.3829788047915,6.933502039913351,-0.3773756879789041,0.0,262850.7801948425,6289.0348368853565,20461497.393546987,402.05858714860034,312.90326744574327
0.03571428571428559,0.13,-0.005,269.37536951058206,6.886817445694909,-0.4424087884056852,0.0,262848.3548255019,6289.0348769878,20460753.64952153,402.0553296604407,312.90199986834796
0.03571428571428559,0.13,0.005,269.37536951058206,6.88681833573806,-0.44238360896195,0.0,262848.35784899286,6289.034877027218,20460754.69682316,402.0553342932836,312.902001671117
0.03571428571428559,0.13,0.015,269.37536951058206,6.886817445694909,-0.4424087884056852,0.0,262848.3548255019,6289.0348769878,20460753.64952153,402.0553296604407,312.90199986834796
0.03571428571428559,0.15,-0.005,269.3665747928509,6.832428379636777,-0.5056552410211183,0.0,262845.55053517106,6289.034923422535,20459894.05075942,402.0515646710402,312.90053480199515
0.03571428571428559,0.15,0.005,269.3665747928509,6.832430253415291,-0.5056265525527863,0.0,262845.55352158996,6289.034923462249,20459895.08397485,402.0515692421146,312.90053658073674
0.03571428571428559,0.15,0.015,269.3665747928509,6.832428379636777,-0.5056552410211183,0.0,262845.55053517106,6289.034923422535,20459894.05075942,402.0515646710402,312.90053480199515
0.03571428571428559,0.17,-0.005,269.35663215873495,6.77036020614577,-0.5668431488717489,0.0,262842.37877074286,6289.034976085122,20458922.26943736,402.04730825989753,312.8988785009571
0.03571428571428559,0.17,0.005,269.35663215873495,6.770363174921921,-0.566811102271334,0.0,262842.38171422563,6289.034976125175,20458923.286407415,402.0473127597248,312.89888025198354
0.03571428571428559,0.17,0.015,269.35663215873495,6.77036020614577,-0.5668431488717489,0.0,262842.37877074286,6289.034976085122,20458922.26943736,402.04730825989753,312.8988785009571
0.03571428571428559,0.19,-0.005,269.3455840039781,6.700641254201521,-0.625701845583071,0.0,262838.85247921274,6289.035034838033,20457842.455578577,402.04257859209196,312.89703803085064
0.03571428571428559,0.19,0.005,269.3455840039781,6.700645418201212,-0.6256666083203681,0.0,262838.85537370224,6289.035034878464,20457843.454095453,402.04258301097633,312.8970397503897
0.03571428571428559,0.19,0.015,269.3455840039781,6.700641254201521,-0.625701845583071,0.0,262838.85247921274,6289.035034838033,20457842.455578577,402.04257859209196,312.89703803085064
0.03571428571428559,0.21,-0.005,269.3334774144822,6.623303132296472,-0.6819621093641578,0.0,262834.9860588591,6289.035099513537,20456659.217637777,402.0373958352582,312.8950212363931
0.03571428571428559,0.21,0.005,269.3334774144822,6.623308579742459,-0.6819238642507308,0.0,262834.9888981006,6289.035099554387,20456660.195444975,402.0374001632863,312.8950229205877
0.03571428571428559,0.21,0.015,269.3334774144822,6.623303132296472,-0.6819621093641578,0.0,262834.9860588591,6289.035099513537,20456659.217637777,402.0373958352582,312.8950212363931
0.03571428571428559,0.23,-0.005,269.32036396962206,6.53838070850289,-0.735356339283755,0.0,262830.79530321347,6289.035169902177,20455377.602803666,402.03178206852226,312.89283670603345
0.03571428571428559,0.23,0.005,269.32036396962206,6.538387514777597,-0.7353152831435932,0.0,262830.7980807573,6289.035169943486,20455378.5575978,402.0317862955708,312.8928383509447
0.03571428571428559,0.23,0.015,269.32036396962206,6.53838070850289,-0.735356339283755,0.0,262830.79530321347,6289.035169902177,20455377.602803666,402.03178206852226,312.89283670603345
0.03571428571428559,0.25,-0.005,269.30629951066675,6.445912217990581,-0.7856187594176584,0.0,262826.2973404825,6289.035245751347,20454003.074197803,402.02576118262874,312.890493733159
0.03571428571428559,0.25,0.005,269.30629951066675,6.445920444935259,-0.7855751016788953,0.0,262826.3000496923,6289.035245793155,20454004.003632344,402.0257652983806,312.8904953347723
0.03571428571428559,0.25,0.015,269.30629951066675,6.445912217990581,-0.7856187594176584,0.0,262826.2973404825,6289.035245751347,20454003.074197803,402.02576118262874,312.890493733159
0.03571428571428559,0.27,-0.005,269.2913438850595,6.345939724378566,-0.8324857397918515,0.0,262821.5105704578,6289.035326768016,20452541.48583772,402.0193587722191,312.88800227424855
0.03571428571428559,0.27,0.005,269.2913438850595,6.345949419728387,-0.8324397010133664,0.0,262821.51320452604,6289.035326810362,20452542.38752873,402.0193627661888,312.88800382848365
0.03571428571428559,0.27,0.015,269.2913438850595,6.345939724378566,-0.8324857397918515,0.0,262821.5105704578,6289.035326768016,20452541.48583772,402.0193587722191,312.88800227424855
0.03571428571428559,0.29,-0.005,269.2755606822553,6.238509038641299,-0.8756960250699978,0.0,262816.45459263824,6289.035412614014,20450999.05654127,402.0126020199103,312.8853729038356
0.03571428571428559,0.29,0.005,269.2755606822553,6.2385202356050184,-0.8756478354195992,0.0,262816.45714460814,6289.035412656937,20450999.9280751,402.0126058814775,312.8853744065595
0.03571428571428559,0.29,0.015,269.2755606822553,6.238509038641299,-0.8756960250699978,0.0,262816.45459263824,6289.035412614014,20450999.05654127,402.0126020199103,312.8853729038356
0.03571428571428559,0.31,-0.005,269.2590169568192,6.123670117052195,-0.9149911013357522,0.0,262811.1501332516,6289.035502899257,20449382.342519987,402.00551957358306,312.8826167668275
0.03571428571428559,0.31,0.005,269.2590169568192,6.123682834032314,-0.9149409990342451,0.0,262811.1525960453,6289.035502942798,20449383.181462888,402.00552329203475,312.8826182138709
0.03571428571428559,0.31,0.015,269.2590169568192,6.123670117052195,-0.9149911013357522,0.0,262811.1501332516,6289.035502899257,20449382.342519987,402.00551957358306,312.8826167668275
0.03571428571428559,0.33,-0.005,269.24178292694984,6.001476901690469,-0.9501154346951034,0.0,262805.6189637187,6289.035597179746,20447698.207719237,401.99814141598273,312.87974552783106
0.03571428571428559,0.33,0.005,269.24178292694984,6.0014911421479376,-0.9500636644427113,0.0,262805.6213301716,6289.035597223945,20447699.011628836,401.9981449805639,312.8797469150081
0.03571428571428559,0.33,0.015,269.24178292694984,6.001476901690469,-0.9501154346951034,0.0,262805.6189637187,6289.035597179746,20447698.207719237,401.99814141598273,312.87974552783106
0.03571428571428559,0.35,-0.005,269.22393166587955,5.871987478277952,-0.980816818134388,0.0,262799.88381819415,6289.035694952857,20445953.793380737,401.9904987295358,312.8767713186123
0.03571428571428559,0.35,0.005,269.22393166587955,5.872003230732252,-0.9807636295322064,0.0,262799.88608109555,6289.035694997755,20445954.559819262,401.9905021295077,312.87677264174334
0.03571428571428559,0.35,0.015,269.22393166587955,5.871987478277952,-0.980816818134388,0.0,262799.88381819415,6289.035694952857,20445953.793380737,401.9904987295358,312.8767713186123
0.03571428571428559,0.37,-0.005,269.2055387834866,5.735264345952064,-1.0068467768155862,0.0,262793.9683096509,6289.0357956542975,20444156.486704547,401.9826237579035,312.87370668428224
0.03571428571428559,0.37,0.005,269.2055387834866,5.735281584116065,-1.0067924227971063,0.0,262793.97046178964,6289.035795699935,20444157.21325364,401.9826269826091,312.87370793921906
0.03571428571428559,0.37,0.015,269.2055387834866,5.735264345952064,-1.0068467768155862,0.0,262793.9683096509,6289.0357956542975,20444156.486704547,401.9826237579035,312.87370668428224
0.03571428571428559,0.39,-0.005,269.1866820948773,5.5913746283807475,-1.0279609817783972,0.0,262787.89684072504,6289.035898652555,20442313.888164427,401.97454966030256,312.87056452666104
0.03571428571428559,0.39,0.005,269.1866820948773,5.591393311417837,-1.0279057170619565,0.0,262787.8988749401,6289.035898698973,20442314.57244136,401.97455269923813,312.87056570931486
0.03571428571428559,0.39,0.015,269.1866820948773,5.5913746283807475,-1.0279609817783972,0.0,262787.89684072504,6289.035898652555,20442313.888164427,401.97454966030256,312.87056452666104
0.03571428571428559,0.41,-0.005,269.16744127701077,5.440389870345418,-1.0439195338157503,0.0,262781.694509457,6289.0360032457365,20440433.77773556,401.9663103620449,312.86735804616495
0.03571428571428559,0.41,0.005,269.16744127701077,5.440409943250776,-1.0438636133932024,0.0,262781.6964186921,6289.0360032929775,20440434.417410687,401.9663132049369,312.86735915253644
0.03571428571428559,0.41,0.015,269.16744127701077,5.440389870345418,-1.0439195338157503,0.0,262781.694509457,6289.0360032457365,20440433.77773556,401.9663103620449,312.86735804616495
0.03571428571428559,0.43,-0.005,269.14789752297474,5.2823860144662795,-1.0544873182482155,0.0,262775.3870149166,6289.036108657262,20438524.080866,401.9579404032641,312.864100682979
0.03571428571428559,0.43,0.005,269.14789752297474,5.28240740855715,-1.0544309959182587,0.0,262775.38879227836,6289.036108705368,20438524.67368122,401.95794304015095,312.86410170918987
0.03571428571428559,0.43,0.015,269.14789752297474,5.2823860144662795,-1.0544873182482155,0.0,262775.3870149166,6289.036108657262,20438524.080866,401.9579404032641,312.864100682979
0.03571428571428559,0.45,-0.005,269.1281332000017,5.117444610769294,-1.059434885972593,0.0,262769.00056824024,6289.03621402589,20436592.83464713,401.94947478566087,312.86080605745036
0.03571428571428559,0.45,0.005,269.1281332000017,5.117467244271213,-1.05937841292674,0.0,262769.0022070593,6289.036214074906,20436593.37843508,401.9494772069782,312.86080699977686
0.03571428571428559,0.45,0.015,269.1281332000017,5.117444610769294,-1.059434885972593,0.0,262769.00056824024,6289.03621402589,20436592.83464713,401.94947478566087,312.86080605745036
0.03571428571428559,0.47,-0.005,269.1082314794478,4.9456523002590655,-1.058538671302009,0.0,262762.5617910519,6289.036318410934,20434648.151725516,401.94094881637363,312.85748790935435
0.03571428571428559,0.47,0.005,269.1082314794478,4.945676078991484,-1.0584822947769985,0.0,262762.56328494515,6289.036318460904,20434648.6444293,401.94095101304094,312.8574887642608
0.03571428571428559,0.47,0.015,269.1082314794478,4.9456523002590655,-1.058538671302009,0.0,262762.5617910519,6289.036318410934,20434648.151725516,401.94094881637363,312.85748790935435
0.03571428571428559,0.49,-0.005,269.0882759818247,4.767100619936199,-1.0515813400297984,0.0,262756.0976162806,6289.036420788754,20432698.1854269,401.93239795285723,312.85416003754233
0.03571428571428559,0.49,0.005,269.0882759818247,4.767125438076407,-1.0515253020291184,0.0,262756.09895921557,6289.036420839723,20432698.625120055,401.9323999163669,312.85416080171575
0.03571428571428559,0.49,0.015,269.0882759818247,4.767100619936199,-1.0515813400297984,0.0,262756.0976162806,6289.036420788754,20432698.1854269,401.93239795285723,312.85416003754233
0.03571428571428559,0.51,-0.005,269.0683504339396,4.581886445016508,-1.0383524218207656,0.0,262749.63519277814,6289.036520043105,20430751.095885135,401.9238576490903,312.8508362400974
0.03571428571428559,0.51,0.005,269.0683504339396,4.581912185932483,-1.0382969579120755,0.0,262749.6363791365,6289.036520095119,20430751.480791535,401.9238593715952,312.8508369104819
0.03571428571428559,0.51,0.015,269.0683504339396,4.581886445016508,-1.0383524218207656,0.0,262749.63519277814,6289.036520043105,20430751.095885135,401.9238576490903,312.8508362400974
0.03571428571428559,0.53,-0.005,269.0485383142319,4.390112154177577,-1.0186488291044409,0.0,262743.2017833749,6289.03661495371,20428815.0149719,401.9153631954623,312.84753025202065
0.03571428571428559,0.53,0.005,269.0485383142319,4.390138691323616,-1.018594167299593,0.0,262743.202808016,6289.036615006816,20428815.343485355,401.91536466986315,312.84753082585127
0.03571428571428559,0.53,0.015,269.0485383142319,4.390112154177577,-1.0186488291044409,0.0,262743.2017833749,6289.03661495371,20428815.0149719,401.9153631954623,312.84753025202065
0.03571428571428559,0.55,-0.005,269.02892248574454,4.191885280043782,-0.9922751363625756,0.0,262736.824665298,6289.036704207866,20426898.010747917,401.9069495673609,312.84425568629297
0.03571428571428559,0.55,0.005,269.02892248574454,4.191912477908924,-0.992221496083705,0.0,262736.82552362035,6289.036704262107,20426898.28145127,401.9069507873903,312.8442561611282
0.03571428571428559,0.55,0.015,269.02892248574454,4.191885280043782,-0.9922751363625756,0.0,262736.824665298,6289.036704207866,20426898.010747917,401.9069495673609,312.84425568629297
0.03571428571428559,0.57,-0.005,269.00958486193,3.9873194017100873,-0.9590445141125438,0.0,262730.53103631287,6289.03678639049,20425008.054465793,401.89865127455465,312.84102597523685
0.03571428571428559,0.57,0.005,269.00958486193,3.9873471167983774,-0.9589921052411133,0.0,262730.5317243141,6289.036786445914,20425008.2661492,401.89865223485856,312.8410263489909
0.03571428571428559,0.57,0.015,269.00958486193,3.9873194017100873,-0.9590445141125438,0.0,262730.53103631287,6289.03678639049,20425008.054465793,401.89865127455465,312.84102597523685
0.03571428571428559,0.59,-0.005,268.9906060612282,3.776533710105539,-0.9187789689619488,0.0,262724.3479133296,6289.036859982869,20423152.986756373,401.89050221095044,312.8378543120157
0.03571428571428559,0.59,0.005,268.9906060612282,3.7765617919545313,-0.9187279909807864,0.0,262724.3484276624,6289.036860039518,20423153.13843444,401.8905029071641,312.83785458298746
0.03571428571428559,0.59,0.015,268.9906060612282,3.776533710105539,-0.9187789689619488,0.0,262724.3479133296,6289.036859982869,20423152.986756373,401.89050221095044,312.8378543120157
0.03571428571428559,0.61,-0.005,268.9720650753005,3.559653136018131,-0.8713098773524537,0.0,262718.30203598697,6289.036923359982,20421340.485117804,401.88253550926316,312.8347535940348
0.03571428571428559,0.61,0.005,268.9720650753005,3.5596814282384135,-0.87126051857685,0.0,262718.30237401195,6289.036923417897,20421340.57604557,401.8825359380816,312.83475376093594
0.03571428571428559,0.61,0.015,268.9720650753005,3.559653136018131,-0.8713098773524537,0.0,262718.30203598697,6289.036923359982,20421340.485117804,401.88253550926316,312.8347535940348
0.03571428571428559,0.63,-0.005,268.95403894039987,3.3368077636741282,-0.8164780859583747,0.0,262712.41977118055,6289.036974798324,20419578.032049038,401.87478340338515,312.8317363693324
0.03571428571428559,0.63,0.005,268.95403894039987,3.336836105005577,-0.8164305228583469,0.0,262712.4199310142,6289.036974857548,20419578.061736364,401.874783562627,312.8317364313118
0.03571428571428559,0.63,0.015,268.95403894039987,3.3368077636741282,-0.8164780859583747,0.0,262712.41977118055,6289.036974798324,20419578.032049038,401.87478340338515,312.8317363693324
0.03571428571428559,0.65,-0.005,268.936602434519,3.108133865311365,-0.7541349613299937,0.0,262706.72702238534,6289.03701246424,20417872.88510559,401.8672770898043,312.8288147825927
0.03571428571428559,0.65,0.005,268.936602434519,3.1081620906763874,-0.7540893579353735,0.0,262706.7270029431,6289.037012524805,20417872.85332997,401.86727697846806,312.8288147392585
0.03571428571428559,0.65,0.015,268.936602434519,3.108133865311365,-0.7541349613299937,0.0,262706.72702238534,6289.03701246424,20417872.88510559,401.8672770898043,312.8288147825927
0.03571428571428559,0.67,-0.005,268.9198277667016,2.8737739552769233,-0.6841428692326542,0.0,262701.2491349156,6289.037034413198,20416232.04653788,401.8600465922826,312.82600052242117
0.03571428571428559,0.67,0.005,268.9198277667016,2.873801896832595,-0.6840993766244786,0.0,262701.24893594993,6289.037034475132,20416231.953355376,401.8600462105959,312.8260003738601
0.03571428571428559,0.67,0.015,268.9198277667016,2.8737739552769233,-0.6841428692326542,0.0,262701.2491349156,6289.037034413198,20416232.04653788,401.8600465922826,312.82600052242117
0.03571428571428559,0.69,-0.005,268.9037842908335,2.633876499633977,-0.6063753970323116,0.0,262696.01081319805,6289.037038608576,20414662.23594095,401.8531206490291,312.8233047773707
0.03571428571428559,0.69,0.005,268.9037842908335,2.6339039878340067,-0.6063341529299926,0.0,262696.0104353296,6289.037038671904,20414662.0816952,401.8531199984871,312.8233045241629
0.03571428571428559,0.69,0.015,268.9037842908335,2.633876499633977,-0.6063753970323116,0.0,262696.01081319805,6289.037038608576,20414662.23594095,401.8531206490291,312.8233047773707
0.03571428571428559,0.71,-0.005,268.88853820886607,2.38859466793674,-0.5207168745255857,0.0,262691.0360314354,6289.037022940864,20413169.861887254,401.8465265954912,312.8207381902575
0.03571428571428559,0.71,0.005,268.88853820886607,2.388621532579676,-0.5206780029557193,0.0,262691.03547617875,6289.037023005598,20413169.647216454,401.8465256788884,312.820737833489
0.03571428571428559,0.71,0.015,268.88853820886607,2.38859466793674,-0.5207168745255857,0.0,262691.0360314354,6289.037022940864,20413169.861887254,401.8465265954912,312.8207381902575
0.03571428571428559,0.73,-0.005,268.8741523282756,2.1380867852753735,-0.427062952838343,0.0,262686.3479609829,6289.036985238443,20411760.99860824,401.8402902653623,312.81831081956443
0.03571428571428559,0.73,0.005,268.8741523282756,2.138112856540699,-0.4270265638861164,0.0,262686.3472307654,6289.036985304589,20411760.724450003,401.84028908681273,312.8183103608351
0.03571428571428559,0.73,0.015,268.8741523282756,2.1380867852753735,-0.427062952838343,0.0,262686.3479609829,6289.036985238443,20411760.99860824,401.8402902653623,312.81831081956443
0.03571428571428559,0.7499999999999999,-0.005,268.8606858157764,1.8825167767107664,-0.3253211477644871,0.0,262681.9688953213,6289.036923280964,20410441.36239161,401.8344358915215,312.8160321008167
0.03571428571428559,0.7499999999999999,0.005,268.8606858157764,1.8825418861787835,-0.3252873374044862,0.0,262681.96799349546,6289.036923348513,20410441.02998568,401.8344344564702,312.8160315422446
0.03571428571428559,0.7499999999999999,0.015,268.8606858157764,1.8825167767107664,-0.3253211477644871,0.0,262681.9688953213,6289.036923280964,20410441.36239161,401.8344358915215,312.8160321008167
0.03571428571428559,0.77,-0.005,268.8481938891475,1.6220512201298407,-0.21540893727514906,0.0,262677.920160585,6289.036834841388,20409216.28281922,401.82898599785545,312.81391080440693
0.03571428571428559,0.77,0.005,268.8481938891475,1.6220752017598705,-0.21537778726282822,0.0,262677.9190914341,6289.036834910318,20409215.893707983,401.828984313081,312.8139101486293
0.03571428571428559,0.77,0.015,268.8481938891475,1.6220512201298407,-0.21540893727514906,0.0,262677.920160585,6289.036834841388,20409216.28281922,401.82898599785545,312.81391080440693
0.03571428571428559,0.79,-0.005,268.83672750213674,1.3568565946621252,-0.09725193516347734,0.0,262674.2220283604,6289.03671772661,20408090.67328335,401.8239612872126,312.8119549919154
0.03571428571428559,0.79,0.005,268.83672750213674,1.3568792856652272,-0.09722351294195,0.0,262674.220797096,6289.036717796884,20408090.229309756,401.82395936081707,312.81195424208505
0.03571428571428559,0.79,0.015,268.83672750213674,1.3568565946621252,-0.09725193516347734,0.0,262674.2220283604,6289.03671772661,20408090.67328335,401.8239612872126,312.8119549919154
0.03571428571428559,0.81,-0.005,268.8263330572641,1.0870987534363767,0.02921627099978436,0.0,262670.8936377921,6289.036569803889,20407069.003786568,401.8193805326777,312.8101719737242
0.03571428571428559,0.81,0.005,268.8263330572641,1.0871199950862882,0.029241912362643157,0.0,262670.8922505478,6289.036569875452,20407068.50709089,401.8193783740721,312.8101711335037
0.03571428571428559,0.81,0.015,268.8263330572641,1.0870987534363767,0.02921627099978436,0.0,262670.8936377921,6289.036569803889,20407069.003786568,401.8193805326777,312.8101719737242
0.03571428571428559,0.83,-0.005,268.81705210383205,0.8129374461162032,0.16405822195065614,0.0,262667.9529393075,6289.036389099014,20406155.274529956,401.81526050658636,312.8085682813238
0.03571428571428559,0.83,0.005,268.81705210383205,0.8129570846432145,0.16408104371331736,0.0,262667.95140313334,6289.036389171796,20406154.727546655,401.8152581264764,312.80856735487964
0.03571428571428559,0.83,0.015,268.81705210383205,0.8129374461162032,0.16405822195065614,0.0,262667.9529393075,6289.036389099014,20406155.274529956,401.81526050658636,312.8085682813238
0.03571428571428559,0.85,-0.005,268.8089215272188,0.5345260075891772,0.307333370400586,0.0,262665.4167631145,6289.0361738253605,20405353.035412464,401.8116160793313,312.80714970571347
0.03571428571428559,0.85,0.005,268.8089215272188,0.534543895507351,0.30735334768559275,0.0,262665.41508596344,6289.0361738992715,20405352.440864846,401.8116134896933,312.8071486977072
0.03571428571428559,0.85,0.015,268.8089215272188,0.5345260075891772,0.307333370400586,0.0,262665.4167631145,6289.0361738253605,20405353.035412464,401.8116160793313,312.80714970571347
0.03571428571428559,0.87,-0.005,268.80197390525274,0.25201529931890576,0.45909579331561373,0.0,262663.3005740702,6289.035921512073,20404665.39375309,401.80845983670923,312.80592114840243
0.03571428571428559,0.87,0.005,268.80197390525274,0.2520312966103925,0.45911291469404175,0.0,262663.2987647725,6289.0359215869985,20404664.7546443,401.8084570507476,312.80592006397364
0.03571428571428559,0.87,0.015,268.80197390525274,0.25201529931890576,0.45909579331561373,0.0,262663.3005740702,6289.035921512073,20404665.39375309,401.80845983670923,312.80592114840243
0.03571428571428559,0.89,-0.005,268.7962750293541,-0.03447450134323093,0.6194604132557378,0.0,262661.61505347124,6289.035594026193,20404097.59409388,401.80579678994957,312.8048845622448
0.03571428571428559,0.89,0.005,268.7962750293541,-0.03446052393519003,0.6194746752455138,0.0,262661.6131209445,6289.035594101443,20404096.913493607,401.8057938208924,312.80488340654273
0.03571428571428559,0.89,0.015,268.7962750293541,-0.03447450134323093,0.6194604132557378,0.0,262661.61505347124,6289.035594026193,20404097.59409388,401.80579678994957,312.8048845622448
0.03571428571428559,0.91,-0.005,268.79185156772456,-0.32459272488452623,0.7882753335189524,0.0,262660.38799070875,6289.035223519152,20403653.246691503,401.80365824481504,312.8040521349138
0.03571428571428559,0.91,0.005,268.79185156772456,-0.3245809021408659,0.7882867647235265,0.0,262660.38594547374,6289.035223594774,20403652.528113637,401.80365510820667,312.80405091398933
0.03571428571428559,0.91,0.015,268.79185156772456,-0.32459272488452623,0.7882753335189524,0.0,262660.38799070875,6289.035223519152,20403653.246691503,401.80365824481504,312.8040521349138
0.03571428571428559,0.93,-0.005,268.78867495800245,-0.6180834357137678,0.9655074973967306,0.0,262659.636302557,6289.03485410326,20403330.931360167,401.80205899288086,312.80342962566965
0.03571428571428559,0.93,0.005,268.78867495800245,-0.618073879354169,0.9655161201875888,0.0,262659.6341563776,6289.034854179354,20403330.17872016,401.8020557060669,312.80342834627515
0.03571428571428559,0.93,0.015,268.78867495800245,-0.6180834357137678,0.9655074973967306,0.0,262659.636302557,6289.03485410326,20403330.931360167,401.80205899288086,312.80342962566965
0.03571428571428559,0.95,-0.005,268.7867522312613,-0.914754506330586,1.1511706936873207,0.0,262659.35820446064,6289.034458244258,20403130.475180995,401.8009851601574,312.8030116352989
0.03571428571428559,0.95,0.005,268.7867522312613,-0.9147473217122408,1.1511765486664856,0.0,262659.3559691963,6289.034458320737,20403129.692419726,401.80098174050926,312.8030103041969
0.03571428571428559,0.95,0.015,268.7867522312613,-0.914754506330586,1.1511706936873207,0.0,262659.35820446064,6289.034458244258,20403130.475180995,401.8009851601574,312.8030116352989
0.03571428571428559,0.97,-0.005,268.78609117863977,-1.2144017157698543,1.3452414090695881,0.0,262659.5595173201,6289.034026906467,20403052.357295275,401.8004345652233,312.80279731550013
0.03571428571428559,0.97,0.005,268.78609117863977,-1.214396998819117,1.34524454939019,0.0,262659.55720547936,6289.034026983157,20403051.54856138,401.8004310309898,312.80279593979463
0.03571428571428559,0.97,0.015,268.78609117863977,-1.2144017157698543,1.3452414090695881,0.0,262659.5595173201,6289.034026906467,20403052.357295275,401.8004345652233,312.80279731550013
0.03571428571428559,0.99,-0.005,268.7867596738209,-1.5191106157265208,1.5500027792107127,0.0,262660.26122582715,6289.03352907712,20403102.251632024,401.80041747588143,312.8027906634491
0.03571428571428559,0.99,0.005,268.7867596738209,-1.519108447556596,1.5500032892574227,0.0,262660.2588463201,6289.033529153574,20403101.419823796,401.80041383966426,312.80278924804634
0.03571428571428559,0.99,0.015,268.7867596738209,-1.5191106157265208,1.5500027792107127,0.0,262660.26122582715,6289.03352907712,20403102.251632024,401.80041747588143,312.8027906634491
0.03571428571428559,1.01,-0.005,268.7860324985488,-4.109159230527897e-06,4.192721821280454e-06,0.0,262659.96306808095,6289.039159401081,20403206.8436387,401.8035640836089,312.8040154826734
0.03571428571428559,1.01,0.005,268.7853053232768,1.5191106157265206,-1.5500027792107127,0.0,262659.66490872164,6289.033067011226,20402945.550797112,401.7995052609571,312.80243558226505
0.03571428571428559,1.01,0.015,268.7860324985488,-4.109159230527897e-06,4.192721821280454e-06,0.0,262659.96306808095,6289.039159401081,20403206.8436387,401.8035640836089,312.8040154826734
0.1071428571428572,-0.009999999999999998,-0.005,269.40609587287867,7.286583285737644,0.0,0.0,262860.2296965639,6289.036061328589,20463799.08775801,402.0693111186632,312.9074403983985
0.1071428571428572,-0.009999999999999998,0.005,269.40609587287867,7.286583285737644,0.03686004998962276,0.0,262860.2296965639,6289.036059639002,20463799.03486636,402.06931007945695,312.90743999402116
0.1071428571428572,-0.009999999999999998,0.015,269.40609587287867,7.286583285737644,0.0,0.0,262860.2296965639,6289.036061328589,20463799.08775801,402.0693111186632,312.9074403983985
0.1071428571428572,0.009999999999999998,-0.005,269.40609587287867,7.286583285737644,-0.03686004998962276,0.0,262860.2296965639,6289.036059639002,20463799.03486636,402.06931007945695,312.90743999402116
0.1071428571428572,0.009999999999999998,0.005,269.40609587287867,7.286580575994334,-0.03685804425406404,0.0,262860.232802137,6289.036059685521,20463800.115164753,402.06931486051883,312.90744185443407
0.1071428571428572,0.009999999999999998,0.015,269.40609587287867,7.286583285737644,-0.03686004998962276,0.0,262860.2296965639,6289.036059639002,20463799.03486636,402.06931007945695,312.90743999402116
0.1071428571428572,0.03,-0.005,269.4048112050579,7.278823168303317,-0.11044799561171188,0.0,262859.8198225424,6289.036068150002,20463673.52191361,402.06876123731524,312.90722642779787
0.1071428571428572,0.03,0.005,269.4048112050579,7.278820607230606,-0.11044205395808826,0.0,262859.82291793084,6289.036068196554,20463674.59848579,402.0687660020004,312.9072282818395
0.1071428571428572,0.03,0.015,269.4048112050579,7.278823168303317,-0.11044799561171188,0.0,262859.8198225424,6289.036068150002,20463673.52191361,402.06876123731524,312.90722642779787
0.1071428571428572,0.05,-0.005,269.4022485225474,7.263303149607484,-0.1836314321143,0.0,262859.00206460315,6289.036085235906,20463423.146199234,402.0676664398195,312.90680041822674
0.1071428571428572,0.05,0.005,269.4022485225474,7.263300885340076,-0.18362156360522205,0.0,262859.00515037356,6289.036085282539,20463424.219051436,402.0676711882012,312.9068022659268
0.1071428571428572,0.05,0.015,269.4022485225474,7.263303149607484,-0.1836314321143,0.0,262859.00206460315,6289.036085235906,20463423.146199234,402.0676664398195,312.90680041822674
0.1071428571428572,0.07,-0.005,269.39841832143617,7.240067421272051,-0.2561408315313475,0.0,262857.7797361842,6289.036110480306,20463048.92526209,402.06602995507546,312.90616362525753
0.1071428571428572,0.07,0.005,269.39841832143617,7.240065598584184,-0.2561270880578329,0.0,262857.7828074489,6289.036110527058,20463049.992513705,402.06603467890864,312.90616546340897
0.1071428571428572,0.07,0.015,269.39841832143617,7.240067421272051,-0.2561408315313475,0.0,262857.7797361842,6289.036110480306,20463048.92526209,402.06602995507546,312.90616362525753
0.1071428571428572,0.09,-0.005,269.3933365652545,7.209135470371241,-0.3277071077527515,0.0,262856.1577282491,6289.036143776928,20462552.420284092,402.0638585866036,312.9053186950159
0.1071428571428572,0.09,0.005,269.3933365652545,7.209134229601849,-0.3276895613958733,0.0,262856.160780034,6289.036143823835,20462553.480032384,402.063863277545,312.9053205203734
0.1071428571428572,0.09,0.015,269.3933365652545,7.209135470371241,-0.3277071077527515,0.0,262856.1577282491,6289.036143776928,20462552.420284092,402.0638585866036,312.9053186950159
0.1071428571428572,0.11,-0.005,269.3870244965806,7.170524087704669,-0.39806171218899716,0.0,262854.1425130446,6289.036185055322,20461935.71089778,402.06116143195806,312.9042691659035
0.1071428571428572,0.11,0.005,269.3870244965806,7.170523563333352,-0.3980404546886039,0.0,262854.1455402617,6289.036185102422,20461936.761210624,402.06116608153354,312.9042709751705
0.1071428571428572,0.11,0.015,269.3870244965806,7.170524087704669,-0.39806171218899716,0.0,262854.1425130446,6289.036185055322,20461935.71089778,402.06116143195806,312.9042691659035
0.1071428571428572,0.13,-0.005,269.37950854022165,7.1242503350298465,-0.46693665243975974,0.0,262851.7421193293,6289.036234228325,20461201.38401963,402.05794980909815,312.9030194399823
0.1071428571428572,0.13,0.005,269.37950854022165,7.124250654344818,-0.4669117945087489,0.0,262851.74511675374,6289.036234275656,20461202.422929965,402.0579544086778,312.9030212298019
0.1071428571428572,0.13,0.015,269.37950854022165,7.1242503350298465,-0.46693665243975974,0.0,262851.7421193293,6289.036234228325,20461201.38401963,402.05794980909815,312.9030194399823
0.1071428571428572,0.15,-0.005,269.370820138863,7.070334661460605,-0.5340648511971652,0.0,262848.96611463313,6289.03629120097,20460352.517986115,402.0542371915182,312.90157475777534
0.1071428571428572,0.15,0.005,269.370820138863,7.070335943292665,-0.534036521698216,0.0,262848.9690768847,6289.036291248568,20460353.543487515,402.05424173229676,312.9015765247219
0.1071428571428572,0.15,0.015,269.370820138863,7.070334661460605,-0.5340648511971652,0.0,262848.96611463313,6289.03629120097,20460352.517986115,402.0542371915182,312.90157475777534
0.1071428571428572,0.17,-0.005,269.36099564357994,7.00880063226422,-0.5991802876125532,0.0,262845.82556795684,6289.036355852318,20459392.671206344,402.05003915048593,312.8999411758387
0.1071428571428572,0.17,0.005,269.36099564357994,7.008802985824812,-0.5991486326098001,0.0,262845.82848948566,6289.03635590022,20459393.681249954,402.0500436234688,312.8999429164132
0.1071428571428572,0.17,0.015,269.36099564357994,7.00880063226422,-0.5991802876125532,0.0,262845.82556795684,6289.036355852318,20459392.671206344,402.05003915048593,312.8999411758387
0.1071428571428572,0.19,-0.005,269.35007616204524,6.939674518836687,-0.6620180754028857,0.0,262842.33300320973,6289.036428025146,20458325.866911046,402.04537328393315,312.8981255391474
0.1071428571428572,0.19,0.005,269.35007616204524,6.9396780426608276,-0.6619832570989358,0.0,262842.3358782875,6289.036428073388,20458326.859403983,402.0453776799293,312.8981272497739
0.1071428571428572,0.19,0.015,269.35007616204524,6.939674518836687,-0.6620180754028857,0.0,262842.33300320973,6289.036428025146,20458325.866911046,402.04537328393315,312.8981255391474
0.1071428571428572,0.21,-0.005,269.33810737121604,6.862985675120132,-0.7223146732654753,0.0,262838.5023536935,6289.036507528029,20457156.574806087,402.0402591377172,312.8961354505157
0.1071428571428572,0.21,0.005,269.33810737121604,6.86299045612487,-0.7222768688357244,0.0,262838.5051764095,6289.036507576648,20457157.5476115,402.04026344733876,312.89613712754175
0.1071428571428572,0.21,0.015,269.33810737121604,6.862985675120132,-0.7223146732654753,0.0,262838.5023536935,6289.036507528029,20457156.574806087,402.0402591377172,312.8961354505157
0.1071428571428572,0.23,-0.005,269.3251393354891,6.778766447120463,-0.7798080351225471,0.0,262834.34890980285,6289.036594124023,20455889.69283743,402.0347181210497,312.8939792377533
0.1071428571428572,0.23,0.005,269.3251393354891,6.778772559788378,-0.7797674354602664,0.0,262834.3516740664,6289.036594173054,20455890.643776234,402.03472233471973,312.8939808774524
0.1071428571428572,0.23,0.015,269.3251393354891,6.778766447120463,-0.7798080351225471,0.0,262834.34890980285,6289.036594124023,20455889.69283743,402.0347181210497,312.8939792377533
0.1071428571428572,0.25,-0.005,269.31122628993245,6.687052303431619,-0.8342378019488238,0.0,262829.8892624111,6289.036687528297,20454530.525813464,402.0287734124002,312.89166591711586
0.1071428571428572,0.25,0.005,269.31122628993245,6.687059809123683,-0.8341946103344549,0.0,262829.89196195966,6289.036687577776,20454531.45266795,402.02877752036835,312.8916675156942
0.1071428571428572,0.25,0.015,269.31122628993245,6.687052303431619,-0.8342378019488238,0.0,262829.8892624111,6289.036687528297,20454530.525813464,402.0287734124002,312.89166591711586
0.1071428571428572,0.27,-0.005,269.2964264011763,6.587882326719032,-0.8853456122911657,0.0,262825.1412442832,6289.036787409627,20453084.76195959,402.0224498581647,312.8892051539435
0.1071428571428572,0.27,0.005,269.2964264011763,6.587891273117161,-0.8853000429987121,0.0,262825.14387269644,6289.036787459592,20453085.662478738,402.0224538505301,312.88920670754834
0.1071428571428572,0.27,0.015,269.2964264011763,6.587882326719032,-0.8853456122911657,0.0,262825.1412442832,6289.036787409627,20453084.76195959,402.0224498581647,312.8892051539435
0.1071428571428572,0.29,-0.005,269.2808015204467,6.481299144470714,-0.9328753174321196,0.0,262820.1238632712,6289.036893386148,20451558.44852281,402.0157738644079,312.88660722060314
0.1071428571428572,0.29,0.005,269.2808015204467,6.481309565158983,-0.9328275942883372,0.0,262820.1264139919,6289.036893436634,20451559.32042952,402.01577773115145,312.88660872533546
0.1071428571428572,0.29,0.015,269.2808015204467,6.481299144470714,-0.9328753174321196,0.0,262820.1238632712,6289.036893386148,20451558.44852281,402.0157738644079,312.88660722060314
0.1071428571428572,0.31,-0.005,269.2644169246962,6.367349285164363,-0.9765733171154776,0.0,262814.857234257,6289.0370050186075,20449957.966134693,402.00877328193843,312.8838829518361
0.1071428571428572,0.31,0.005,269.2644169246962,6.367361199345539,-0.9765236720253178,0.0,262814.85970061703,6289.037005069651,20449958.807134733,402.00877701296184,312.88388440376593
0.1071428571428572,0.31,0.015,269.2644169246962,6.367349285164363,-0.9765733171154776,0.0,262814.857234257,6289.0370050186075,20449957.966134693,402.00877328193843,312.8838829518361
0.1071428571428572,0.33,-0.005,269.24734103377654,6.2460830827873925,-1.0161887965421763,0.0,262809.3625029095,6289.037121807444,20448290.000950497,402.00147728336464,312.88104369698254
0.1071428571428572,0.33,0.005,269.24734103377654,6.246096495137103,-1.0161374679954054,0.0,262809.3648781624,6289.037121859084,20448290.808743197,402.0014808685378,312.88104509216737
0.1071428571428572,0.33,0.015,269.24734103377654,6.2460830827873925,-1.0161887965421763,0.0,262809.3625029095,6289.037121807444,20448290.000950497,402.00147728336464,312.88104369698254
0.1071428571428572,0.35,-0.005,269.2296451222874,6.1175548326251645,-1.0514740528076019,0.0,262803.6617678263,6289.03724318507,20446561.516121272,401.9939162348676,312.8781012701472
0.1071428571428572,0.35,0.005,269.2296451222874,6.117569733276301,-1.0514212843787167,0.0,262803.66404518427,6289.0372432373415,20446562.288411744,401.99391966408166,312.8781026046525
0.1071428571428572,0.35,0.015,269.2296451222874,6.1175548326251645,-1.0514740528076019,0.0,262803.6617678263,6289.03724318507,20446561.516121272,401.9939162348676,312.8781012701472
0.1071428571428572,0.37,-0.005,269.2114030208131,5.981823035611711,-1.0821848696159737,0.0,262797.7780016251,6289.037368511637,20444779.722341422,401.9861215654854,312.87506789939215
0.1071428571428572,0.37,0.005,269.2114030208131,5.981839400268218,-1.082130908471391,0.0,262797.78017430234,6289.037368564582,20444780.45685439,401.986124828715,312.8750691693156
0.1071428571428572,0.37,0.015,269.2114030208131,5.981823035611711,-1.0821848696159737,0.0,262797.7780016251,6289.037368511637,20444779.722341422,401.9861215654854,312.87506789939215
0.1071428571428572,0.39,-0.005,269.192690805764,5.838950608703233,-1.108080904415037,0.0,262791.73496794916,6289.037497069576,20442952.04724875,401.9781256306548,312.8719561736889
0.1071428571428572,0.39,0.005,269.192690805764,5.83896839887276,-1.1080259998381912,0.0,262791.7370292085,6289.037497123233,20442952.741743557,401.97812871802364,312.871957375186
0.1071428571428572,0.39,0.015,269.192690805764,5.838950608703233,-1.108080904415037,0.0,262791.73496794916,6289.037497069576,20442952.04724875,401.9781256306548,312.8719561736889
0.1071428571428572,0.41,-0.005,269.1735864757253,5.689004737515463,-1.1289259665208449,0.0,262785.55713276594,6289.037628059424,20441086.10355181,401.96996157064484,312.8687789878768
0.1071428571428572,0.41,0.005,269.1735864757253,5.689023900861206,-1.128870368469049,0.0,262785.55907596985,6289.037628113835,20441086.75583858,401.9699644724972,312.8687801171888
0.1071428571428572,0.41,0.015,269.1735864757253,5.689004737515463,-1.1289259665208449,0.0,262785.55713276594,6289.037628059424,20441086.10355181,401.96996157064484,312.8687789878768
0.1071428571428572,0.43000000000000005,-0.005,269.15416962617576,5.532056861023619,-1.144488349171565,0.0,262779.2695757503,6289.037760595128,20439189.656989988,401.96166316787213,312.8655494871787
0.1071428571428572,0.43000000000000005,0.005,269.15416962617576,5.532077331821625,-1.1444323068727702,0.0,262779.2713944149,6289.037760650336,20439190.264946725,401.9616658748484,312.8655505406618
0.1071428571428572,0.43000000000000005,0.015,269.15416962617576,5.532056861023619,-1.144488349171565,0.0,262779.2695757503,6289.037760595128,20439189.656989988,401.96166316787213,312.8655494871787
0.1071428571428572,0.45,-0.005,269.13452112745455,5.368183761747984,-1.1545416275067208,0.0,262772.89790571644,6289.037893691546,20437270.594377045,401.95326470071774,312.86228101034743
0.1071428571428572,0.45,0.005,269.13452112745455,5.368205461438082,-1.1544853881039376,0.0,262772.89959356823,6289.0378937475925,20437271.155967418,401.95326720383343,312.86228198450357
0.1071428571428572,0.45,0.015,269.13452112745455,5.368183761747984,-1.1545416275067208,0.0,262772.89790571644,6289.037893691546,20437270.594377045,401.95326470071774,312.86228101034743
0.1071428571428572,0.47,-0.005,269.114722776228,5.197467190927885,-1.1588649039458416,0.0,262766.4681648747,6289.038026266728,20435336.889523316,401.9448007948904,312.85898703184796
0.1071428571428572,0.47,0.005,269.114722776228,5.197490028759429,-1.1588087112013428,0.0,262766.46971590864,6289.038026323658,20435337.402814887,401.9448030856162,312.8589879233561
0.1071428571428572,0.47,0.015,269.114722776228,5.197467190927885,-1.1588649039458416,0.0,262766.4681648747,6289.038026266728,20435336.889523316,401.9448007948904,312.85898703184796
0.1071428571428572,0.49,-0.005,269.09485695965753,5.019993680661864,-1.1572431272026535,0.0,262760.0067352752,6289.038157138449,20433396.57023213,401.93630627661594,312.8556811047423
0.1071428571428572,0.49,0.005,269.09485695965753,5.020017554417024,-1.157187220265694,0.0,262760.00814381446,6289.038157196311,20433397.033414796,401.9363083469604,312.8556819104906
0.1071428571428572,0.49,0.015,269.09485695965753,5.019993680661864,-1.1572431272026535,0.0,262760.0067352752,6289.038157138449,20433396.57023213,401.93630627661594,312.8556811047423
0.1071428571428572,0.51,-0.005,269.0750063295584,4.835854873976605,-1.149467632959212,0.0,262753.5402490602,6289.038285017143,20431457.686172623,401.9278160278069,312.8523768043349
0.1071428571428572,0.51,0.005,269.0750063295584,4.835879670763237,-1.1494122452042221,0.0,262753.54150981474,6289.038285075983,20431458.09757699,401.92781787039684,312.852377521452
0.1071428571428572,0.51,0.015,269.0750063295584,4.835854873976605,-1.149467632959212,0.0,262753.5402490602,6289.038285017143,20431457.686172623,401.9278160278069,312.8523768043349
0.1071428571428572,0.53,-0.005,269.0552534651088,4.645147709134089,-1.1353366274534833,0.0,262747.09549193527,6289.038408494283,20429528.275501058,401.9193648333709,312.84908766874963
0.1071428571428572,0.53,0.005,269.0552534651088,4.645173306238106,-1.1352819853931047,0.0,262747.09660006093,6289.038408554151,20429528.63361653,401.91936644153174,312.849088294636
0.1071428571428572,0.53,0.015,269.0552534651088,4.645147709134089,-1.1353366274534833,0.0,262747.09549193527,6289.038408494283,20429528.275501058,401.9193648333709,312.84908766874963
0.1071428571428572,0.55,-0.005,269.03568052276324,4.447974184281028,-1.1146554827320803,0.0,262740.6993079787,6289.038526050604,20427616.3308611,401.9109872350677,312.84582714204566
0.1071428571428572,0.55,0.005,269.03568052276324,4.4480004500703,-1.1146018050090158,0.0,262740.7002591342,6289.038526111545,20427616.63435342,401.91098860290157,312.8458276744038
0.1071428571428572,0.55,0.015,269.03568052276324,4.447974184281028,-1.1146554827320803,0.0,262740.6993079787,6289.038526050604,20427616.3308611,401.9109872350677,312.84582714204566
0.1071428571428572,0.57,-0.005,269.01636891711763,4.244442115253332,-1.0872375512840948,0.0,262734.3785097465,6289.038636045176,20425729.767826386,401.9027173868375,312.8426085178964
0.1071428571428572,0.57,0.005,269.01636891711763,4.244468910116061,-1.0871850477403793,0.0,262734.37930014834,6289.03863610724,20425730.015554428,401.90271850929724,312.8426089547599
0.1071428571428572,0.57,0.015,269.01636891711763,4.244442115253332,-1.0872375512840948,0.0,262734.3785097465,6289.038636045176,20425729.767826386,401.9027173868375,312.8426085178964
0.1071428571428572,0.59,-0.005,268.9973989898954,4.0346647542147425,-1.0529043845664512,0.0,262728.15978201374,6289.038736714762,20423876.3925123,401.89458891120023,312.83944488367666
0.1071428571428572,0.59,0.005,268.9973989898954,4.034691931535326,-1.0528532553980448,0.0,262728.160408488,6289.038736777998,20423876.5835438,401.8945897841591,312.83944522343734
0.1071428571428572,0.59,0.015,268.9973989898954,4.0346647542147425,-1.0529043845664512,0.0,262728.15978201374,6289.038736714762,20423876.3925123,401.89458891120023,312.83944488367666
0.1071428571428572,0.61,-0.005,268.9788496876397,3.8187608980880507,-1.0114862014016295,0.0,262722.06958986755,6289.03882617396,20422063.8700743,401.8866347597771,312.83634906614543
0.1071428571428572,0.61,0.005,268.9788496876397,3.8187883052446643,-1.011436636394951,0.0,262722.0700498984,6289.038826238411,20422064.003700413,401.88663538009325,312.83634930757853
0.1071428571428572,0.61,0.015,268.9788496876397,3.8187608980880507,-1.0114862014016295,0.0,262722.06958986755,6289.03882617396,20422063.8700743,401.8866347597771,312.83634906614543
0.1071428571428572,0.63,-0.005,268.96079824301535,3.5968543289565704,-0.962821951441417,0.0,262716.1340877368,6289.038902425227,20420299.693878375,401.8788870813534,312.8333335800559
0.1071428571428572,0.63,0.005,268.96079824301535,3.5968818083369425,-0.9627741292940771,0.0,262716.13437951036,6289.038902490937,20420299.769626804,401.878887446928,312.83333372234245
0.1071428571428572,0.63,0.015,268.96079824301535,3.5968543289565704,-0.962821951441417,0.0,262716.1340877368,6289.038902425227,20420299.693878375,401.8788870813534,312.8333335800559
0.1071428571428572,0.65,-0.005,268.94331987837154,3.369074708768517,-0.9067602143358326,0.0,262710.3790314789,6289.038963347648,20418591.15619382,401.8713770863704,312.83041057536826
0.1071428571428572,0.65,0.005,268.94331987837154,3.36910209878508,-0.9067143020536904,0.0,262710.37915392296,6289.038963414658,20418591.173840385,401.87137719619875,312.8304106181153
0.1071428571428572,0.65,0.015,268.94331987837154,3.369074708768517,-0.9067602143358326,0.0,262710.3790314789,6289.038963347648,20418591.15619382,401.8713770863704,312.83041057536826
0.1071428571428572,0.67,-0.005,268.9264875029288,3.1355576502971503,-0.8431596187486682,0.0,262704.82968775096,6289.039006697427,20416945.318636376,401.86413491579196,312.82759178615885
0.1071428571428572,0.67,0.005,268.9264875029288,3.1355847864035535,-0.843115771122577,0.0,262704.8296405683,6289.039006765771,20416945.278214812,401.8641347700066,312.82759172941616
0.1071428571428572,0.67,0.015,268.9264875029288,3.1355576502971503,-0.8431596187486682,0.0,262704.82968775096,6289.039006697427,20416945.318636376,401.86413491579196,312.82759178615885
0.1071428571428572,0.69,-0.005,268.9103714239864,2.896444347069008,-0.7718889451478123,0.0,262699.51075296826,6289.039030129977,20415368.984664463,401.8571895292246,312.8248884870176
0.1071428571428572,0.69,0.005,268.9103714239864,2.89647106278796,-0.7718473043185434,0.0,262699.5105366654,6289.039030199682,20415368.88647442,401.8571891291304,312.8248883312913
0.1071428571428572,0.69,0.015,268.9103714239864,2.896444347069008,-0.7718889451478123,0.0,262699.51075296826,6289.039030129977,20415368.984664463,401.8571895292246,312.8248884870176
0.1071428571428572,0.71,-0.005,268.8950390521319,2.6518804601627375,-0.6928266757249936,0.0,262694.4462666123,6289.039031220067,20413868.671432618,401.85056858917847,312.82231144793894
0.1071428571428572,0.71,0.005,268.8950390521319,2.6519065881006294,-0.692787370821476,0.0,262694.44588252215,6289.039031291156,20413868.516045757,401.8505679372794,312.82231119420214
0.1071428571428572,0.71,0.015,268.8950390521319,2.6518804601627375,-0.6928266757249936,0.0,262694.4462666123,6289.039031220067,20413868.671432618,401.85056858917847,312.82231144793894
0.1071428571428572,0.73,-0.005,268.8805546484445,2.4020163472358433,-0.6058613553093251,0.0,262689.6595385993,6289.039007476707,20412450.585594356,401.8442983601836,312.8198708949918
0.1071428571428572,0.73,0.005,268.8805546484445,2.4020417200862156,-0.6058245021611905,0.0,262689.65898889716,6289.039007549189,20412450.373858415,401.8442974602003,312.8198705446912
0.1071428571428572,0.73,0.015,268.8805546484445,2.4020163472358433,-0.6058613553093251,0.0,262689.6595385993,6289.039007476707,20412450.585594356,401.8442983601836,312.8198708949918
0.1071428571428572,0.7500000000000001,-0.005,268.86697906757314,2.14700743489241,-0.5108920171308521,0.0,262685.1730752359,6289.038956360861,20411120.59879214,401.8384036078237,312.8175764709547
0.1071428571428572,0.7500000000000001,0.005,268.86697906757314,2.1470318864250557,-0.5108577180525036,0.0,262685.17236295005,6289.038956434732,20411120.331833035,401.83840246470226,312.81757602601397
0.1071428571428572,0.7500000000000001,0.015,268.86697906757314,2.14700743489241,-0.5108920171308521,0.0,262685.1730752359,6289.038956360861,20411120.59879214,401.8384036078237,312.8175764709547
0.1071428571428572,0.77,-0.005,268.8543694516894,1.88701183410367,-0.4078266379509026,0.0,262681.0084923898,6289.038875325988,20409884.21905425,401.8329074905547,312.81543719314107
0.1071428571428572,0.77,0.005,268.8543694516894,1.887035200118005,-0.4077949815810483,0.0,262681.0076214048,6289.038875401233,20409883.8982761,401.8329061104659,312.81543665596126
0.1071428571428572,0.77,0.015,268.8543694516894,1.88701183410367,-0.4078266379509026,0.0,262681.0084923898,6289.038875325988,20409884.21905425,401.8329074905547,312.81543719314107
0.1071428571428572,0.79,-0.005,268.84277892780204,1.622188130573964,-0.2965806484462625,0.0,262677.1864330466,6289.038761857662,20408746.562492814,401.82783145240273,312.8134614115678
0.1071428571428572,0.79,0.005,268.84277892780204,1.6222102497777071,-0.2965517096154857,0.0,262677.1854081004,6289.038761934251,20408746.189575646,401.82782984273206,312.8134607850225
0.1071428571428572,0.79,0.015,268.84277892780204,1.622188130573964,-0.2965806484462625,0.0,262677.1864330466,6289.038761857662,20408746.562492814,401.82783145240273,312.8134614115678
0.1071428571428572,0.81,-0.005,268.83225632249867,1.3526951483113239,-0.17707689794308948,0.0,262673.7264928121,6289.038613504277,20407712.32642685,401.82319511770083,312.8116567679166
0.1071428571428572,0.81,0.005,268.83225632249867,1.3527158631179055,-0.17705073755816397,0.0,262673.72531948716,6289.038613582162,20407711.903322525,401.82319328703,312.81165605534545
0.1071428571428572,0.81,0.015,268.83225632249867,1.3526951483113239,-0.17707689794308948,0.0,262673.7264928121,6289.038613504277,20407712.32642685,401.82319511770083,312.8116567679166
0.1071428571428572,0.83,-0.005,268.8228458259632,1.0786872359130324,-0.04924212877304942,0.0,262670.6471514128,6289.038427971271,20406785.759522006,401.81901620298237,312.8100301611761
0.1071428571428572,0.83,0.005,268.8228458259632,1.0787063932347403,-0.04921879375955038,0.0,262670.64583612414,6289.038428050387,20406785.28844935,401.81901416106734,312.8100293663761
0.1071428571428572,0.83,0.015,268.8228458259632,1.0786872359130324,-0.04924212877304942,0.0,262670.6471514128,6289.038427971271,20406785.759522006,401.81901620298237,312.8100301611761
0.1071428571428572,0.85,-0.005,268.81458692885235,0.8003122590487943,0.08699492500463844,0.0,262667.96578618564,6289.038203197356,20405970.65806282,401.8153105357101,312.8085877548725
0.1071428571428572,0.85,0.005,268.81458692885235,0.8003297113965061,0.08701540147613154,0.0,262667.96433617023,6289.038203277618,20405970.141502973,401.81530829345985,312.80858688208957
0.1071428571428572,0.85,0.015,268.81458692885235,0.8003122590487943,0.08699492500463844,0.0,262667.96578618564,6289.038203197356,20405970.65806282,401.8153105357101,312.8085877548725
0.1071428571428572,0.87,-0.005,268.8075144413047,0.5177142976129718,0.23170199129573216,0.0,262665.6986763301,6289.037937333009,20405270.367207553,401.81209204848545,312.80733497476047
0.1071428571428572,0.87,0.005,268.8075144413047,0.5177299041974026,0.2317195895335103,0.0,262665.6970996266,6289.037937414315,20405269.807896517,401.8120896179283,312.80733402867634
0.1071428571428572,0.87,0.015,268.8075144413047,0.5177142976129718,0.23170199129573216,0.0,262665.6986763301,6289.037937333009,20405270.367207553,401.81209204848545,312.80733497476047
0.1071428571428572,0.89,-0.005,268.8016588579644,0.23103447061165694,0.3849435825007615,0.0,262663.8607624579,6289.037627879925,20404687.789905295,401.809372407097,312.80627636399294
0.1071428571428572,0.89,0.005,268.8016588579644,0.23104809847880706,0.38495829588345554,0.0,262663.8590678722,6289.037627962148,20404687.190822236,401.8093698013269,312.8062753497045
0.1071428571428572,0.89,0.015,268.8016588579644,0.23103447061165694,0.3849435825007615,0.0,262663.8607624579,6289.037627879925,20404687.789905295,401.809372407097,312.80627636399294
0.1071428571428572,0.91,-0.005,268.7970948785311,-0.059622984231744856,0.546865037014311,0.0,262662.46129669814,6289.037226639904,20404228.728526607,401.8071542806208,312.8054129634743
0.1071428571428572,0.91,0.005,268.7970948785311,-0.05961145735116794,0.5468768669537362,0.0,262662.4594929893,6289.037226722185,20404228.09268837,401.8071515125554,312.80541188600984
0.1071428571428572,0.91,0.015,268.7970948785311,-0.059622984231744856,0.546865037014311,0.0,262662.46129669814,6289.037226639904,20404228.728526607,401.8071542806208,312.8054129634743
0.1071428571428572,0.93,-0.005,268.79383977792725,-0.3538695703957451,0.7172685549860022,0.0,262661.53223133885,6289.0367825329895,20403896.39803675,401.8054752197607,312.8047593913952
0.1071428571428572,0.93,0.005,268.79383977792725,-0.35386027094970535,0.7172775334490186,0.0,262661.5303288252,6289.0367826155325,20403895.728856742,401.80547230457654,312.8047582566627
0.1071428571428572,0.93,0.015,268.79383977792725,-0.3538695703957451,0.7172685549860022,0.0,262661.53223133885,6289.0367825329895,20403896.39803675,401.8054752197607,312.8047593913952
0.1071428571428572,0.95,-0.005,268.791858262072,-0.6514812025214998,0.8961675790539297,0.0,262661.0873118882,6289.036336211825,20403688.61201075,401.80434497678965,312.80431944513884
0.1071428571428572,0.95,0.005,268.791858262072,-0.6514742346783384,0.8961737330572761,0.0,262661.08532190154,6289.036336294672,20403687.91324908,401.80434193111904,312.8043182596129
0.1071428571428572,0.95,0.015,268.791858262072,-0.6514812025214998,0.8961675790539297,0.0,262661.0873118882,6289.036336211825,20403688.61201075,401.80434497678965,312.80431944513884
0.1071428571428572,0.97,-0.005,268.79115778872176,-0.9522799859357297,1.0835939756720727,0.0,262661.1240125832,6289.035857647313,20403605.161811627,401.803748323349,312.80408719797043
0.1071428571428572,0.97,0.005,268.79115778872176,-0.9522754472243867,1.0835973499054596,0.0,262661.12194653595,6289.035857730358,20403604.43724632,401.8037451638358,312.80408596813044
0.1071428571428572,0.97,0.015,268.79115778872176,-0.9522799859357297,1.0835939756720727,0.0,262661.1240125832,6289.035857647313,20403605.161811627,401.803748323349,312.80408719797043
0.1071428571428572,0.99,-0.005,268.7918214562058,-1.2587702151848488,1.2822364461699731,0.0,262661.66090911673,6289.035299153875,20403652.690461494,401.8036918552886,312.80406521778633
0.1071428571428572,0.99,0.005,268.7918214562058,-1.2587681895309901,1.2822371145693081,0.0,262661.6587752527,6289.035299236678,20403651.942779515,401.80368859360385,312.804063948176
0.1071428571428572,0.99,0.015,268.7918214562058,-1.2587702151848488,1.2822364461699731,0.0,262661.66090911673,6289.035299153875,20403652.690461494,401.8036918552886,312.80406521778633
0.1071428571428572,1.01,-0.005,268.7911866072326,-2.972522964170436e-06,3.0279372960730833e-06,0.0,262661.3852331871,6289.039076848271,20403708.494836163,401.8057396378947,312.8048623158727
0.1071428571428572,1.01,0.005,268.7905517582594,1.2587702151848488,-1.2822364461699731,0.0,262661.10955595545,6289.034819207355,20403513.496902816,401.80284842387,312.80373691204863
0.1071428571428572,1.01,0.015,268.7911866072326,-2.972522964170436e-06,3.0279372960730833e-06,0.0,262661.3852331871,6289.039076848271,20403708.494836163,401.8057396378947,312.8048623158727
0.17857142857142838,-0.01,-0.005,269.4096186757165,7.535470145589927,0.0,0.0,262863.5417398173,6289.037240877841,20464180.94432061,402.07155607911636,312.90831395903734
0.17857142857142838,-0.01,0.005,269.4096186757165,7.535470145589927,0.03853335783008473,0.0,262863.5417398173,6289.03723903138,20464180.886517044,402.07155494341634,312.9083135171136
0.17857142857142838,-0.01,0.015,269.4096186757165,7.535470145589927,0.0,0.0,262863.5417398173,6289.037240877841,20464180.94432061,402.07155607911636,312.90831395903734
0.17857142857142838,0.01,-0.005,269.40961867571644,7.535470145589927,-0.03853335783008473,0.0,262863.5417398173,6289.03723903138,20464180.886517044,402.07155494341634,312.9083135171136
0.17857142857142838,0.01,0.005,269.40961867571644,7.535466803781252,-0.03853137977014656,0.0,262863.54481822596,6289.037239086412,20464181.958363168,402.07155969124483,312.9083153645895
0.17857142857142838,0.01,0.015,269.40961867571644,7.535470145589927,-0.03853335783008473,0.0,262863.5417398173,6289.03723903138,20464180.886517044,402.07155494341634,312.9083135171136
0.17857142857142838,0.03,-0.005,269.40834984980887,7.527785790758466,-0.11547197260167882,0.0,262863.13603431993,6289.037248925169,20464056.96720761,402.07101378850854,312.9081029427464
0.17857142857142838,0.03,0.005,269.40834984980887,7.52778259320555,-0.11546611315401326,0.0,262863.1391026836,6289.037248980228,20464058.035379913,402.0710185201886,312.90810478393973
0.17857142857142838,0.03,0.015,269.40834984980887,7.527785790758466,-0.11547197260167882,0.0,262863.13603431993,6289.037248925169,20464056.96720761,402.07101378850854,312.9081029427464
0.17857142857142838,0.05,-0.005,269.40581871930124,7.512404569231672,-0.1920178860103149,0.0,262862.3265058768,6289.037268850593,20463809.7682026,402.06993435432656,312.9076829125561
0.17857142857142838,0.05,0.005,269.40581871930124,7.512401659569501,-0.1920081532762147,0.0,262862.32956482767,6289.037268905723,20463810.83273429,402.06993907004755,312.907684747542
0.17857142857142838,0.05,0.015,269.40581871930124,7.512404569231672,-0.1920178860103149,0.0,262862.3265058768,6289.037268850593,20463809.7682026,402.06993435432656,312.9076829125561
0.17857142857142838,0.07,-0.005,269.4020355154679,7.489370379568649,-0.2679092896265649,0.0,262861.1163931347,6289.037298390154,20463440.281040113,402.06832079424004,312.90705504186576
0.17857142857142838,0.07,0.005,269.4020355154679,7.489367898239384,-0.26789573364077396,0.0,262861.1194378965,6289.03729844539,20463441.34009323,402.0683254859422,312.90705686750914
0.17857142857142838,0.07,0.015,269.4020355154679,7.489370379568649,-0.2679092896265649,0.0,262861.1163931347,6289.037298390154,20463440.281040113,402.06832079424004,312.90705504186576
0.17857142857142838,0.09,-0.005,269.3970157479449,7.4587021372426605,-0.3428847636098059,0.0,262859.51043985743,6289.03733741972,20462950.021866307,402.06617970532625,312.90622189649736
0.17857142857142838,0.09,0.005,269.3970157479449,7.458700220462648,-0.3428674538885938,0.0,262859.5134655773,6289.037337475092,20462951.073583804,402.06618436486485,312.90622370963
0.17857142857142838,0.09,0.015,269.3970157479449,7.4587021372426605,-0.3428847636098059,0.0,262859.51043985743,6289.03733741972,20462950.021866307,402.06617970532625,312.90622189649736
0.17857142857142838,0.11,-0.005,269.39078005905634,7.420415771211476,-0.4166833996433837,0.0,262857.514927577,6289.037385862925,20462341.011311814,402.0635199229979,312.9051869128829
0.17857142857142838,0.11,0.005,269.39078005905634,7.420414549592379,-0.4166624246879664,0.0,262857.51792930096,6289.037385918466,20462342.05381141,402.06352454211583,312.90518871029286
0.17857142857142838,0.11,0.015,269.39078005905634,7.420415771211476,-0.4166833996433837,0.0,262857.514927577,6289.037385862925,20462341.011311814,402.0635199229979,312.9051869128829
0.17857142857142838,0.13,-0.005,269.3833541304833,7.374527187901399,-0.4890448026250951,0.0,262855.13764754334,6289.037443626415,20461615.763285685,402.06035244134426,312.9039543671012
0.17857142857142838,0.13,0.005,269.3833541304833,7.3745267851729706,-0.48902026927978953,0.0,262855.1406201961,6289.037443682156,20461616.794655148,402.0603570116506,312.90395614552443
0.17857142857142838,0.13,0.015,269.3833541304833,7.374527187901399,-0.4890448026250951,0.0,262855.13764754334,6289.037443626415,20461615.763285685,402.06035244134426,312.9039543671012
0.17857142857142838,0.15,-0.005,269.3747685236628,7.321055568627361,-0.5597094561027268,0.0,262852.3878872443,6289.037510610904,20460777.26964618,402.05669035161804,312.9025293509825
0.17857142857142838,0.15,0.005,269.3747685236628,7.321056100419346,-0.5596814887832624,0.0,262852.3908256135,6289.037510666879,20460778.28793975,402.05669486457236,312.90253110709654
0.17857142857142838,0.15,0.015,269.3747685236628,7.321055568627361,-0.5597094561027268,0.0,262852.3878872443,6289.037510610904,20460777.26964618,402.05669035161804,312.9025293509825
0.17857142857142838,0.17,-0.005,269.3650585785413,7.260022957890616,-0.6284188411291624,0.0,262849.2763932784,6289.03758669069,20459828.98958974,402.0525487865701,312.9009177504951
0.17857142857142838,0.17,0.005,269.3650585785413,7.260024530617233,-0.6283875809336574,0.0,262849.2792920024,6289.037586746929,20459829.992825694,402.0525532334712,312.900919480915
0.17857142857142838,0.17,0.015,269.3650585785413,7.260022957890616,-0.6284188411291624,0.0,262849.2763932784,6289.03758669069,20459828.98958974,402.0525487865701,312.9009177504951
0.17857142857142838,0.19,-0.005,269.3542642707655,7.191453874653564,-0.6949155062228589,0.0,262845.81532659585,6289.037671701629,20458774.835228994,402.0479448521466,312.8991262192204
0.17857142857142838,0.19,0.005,269.3542642707655,7.191456584494726,-0.6948811099344334,0.0,262845.8181801562,6289.037671758165,20458775.821388617,402.0479492241276,312.89912792049637
0.17857142857142838,0.19,0.015,269.3542642707655,7.191453874653564,-0.6949155062228589,0.0,262845.81532659585,6289.037671701629,20458774.835228994,402.0479448521466,312.8991262192204
0.17857142857142838,0.21,-0.005,269.3424300322314,7.11537575676549,-0.7589432779673942,0.0,262842.0182188848,6289.037765441273,20457619.153957598,402.0428975509086,312.8971621486114
0.17857142857142838,0.21,0.005,269.3424300322314,7.11537968875642,-0.7589059169592922,0.0,262842.0210216042,6289.037765498135,20457620.120985657,402.0429018389392,312.8971638172301
0.17857142857142838,0.21,0.015,269.3424300322314,7.11537575676549,-0.7589432779673942,0.0,262842.0182188848,6289.037765441273,20457619.153957598,402.0428975509086,312.8971621486114
0.17857142857142838,0.23,-0.005,269.3296045795261,7.031818793061607,-0.820247388297881,0.0,262837.8999232434,6289.037867659516,20456366.711287018,402.03742770308656,312.89503363733485
0.17857142857142838,0.23,0.005,269.3296045795261,7.031824020301854,-0.820207247353879,0.0,262837.9026692888,6289.037867716737,20456367.6570938,402.0374318979816,312.8950352697224
0.17857142857142838,0.23,0.015,269.3296045795261,7.031818793061607,-0.820247388297881,0.0,262837.8999232434,6289.037867659516,20456366.711287018,402.03742770308656,312.89503363733485
0.17857142857142838,0.25,-0.005,269.315840708222,6.940816075521087,-0.8785746568575582,0.0,262833.4765601558,6289.03797805478,20455022.67050951,402.03155785633317,312.8927494562179
0.17857142857142838,0.25,0.005,269.315840708222,6.940822658504755,-0.8785319329196359,0.0,262833.4792435466,6289.037978112391,20455023.59297444,402.0315619487683,312.8927510487462
0.17857142857142838,0.25,0.015,269.315840708222,6.940816075521087,-0.8785746568575582,0.0,262833.4765601558,6289.03797805478,20455022.67050951,402.03155785633317,312.8927494562179
0.17857142857142838,0.27,-0.005,269.3011950663007,6.842404114278907,-0.9336737911780119,0.0,262828.765462125,6289.03809627435,20453592.57044629,402.0253121890581,312.89031901069995
0.17857142857142838,0.27,0.005,269.3011950663007,6.8424121003471745,-0.9336286920332365,0.0,262828.7680767478,6289.038096332383,20453593.46742331,402.0253161695937,312.89032055969574
0.17857142857142838,0.27,0.015,269.3011950663007,6.842404114278907,-0.9336737911780119,0.0,262828.765462125,6289.03809627435,20453592.57044629,402.0253121890581,312.89031901069995
0.17857142857142838,0.29,-0.005,269.2857279202157,6.736622773300169,-0.9852955887730018,0.0,262823.785110578,6289.038221910545,20452082.302343994,402.01871640802887,312.8877523010519
0.17857142857142838,0.29,0.005,269.2857279202157,6.736632196225398,-0.9852483316942793,0.0,262823.7876502058,6289.038221969031,20452083.171668492,402.01872026713977,312.8877538028085
0.17857142857142838,0.29,0.015,269.2857279202157,6.736622773300169,-0.9852955887730018,0.0,262823.785110578,6289.038221910545,20452082.302343994,402.01871640802887,312.8877523010519
0.17857142857142838,0.30999999999999994,-0.005,269.2695029099569,6.623515583327943,-1.0331932425343804,0.0,262818.5550712186,6289.038354493594,20450498.085592188,402.0117976391943,312.8850598799591
0.17857142857142838,0.30999999999999994,0.005,269.2695029099569,6.623526463026833,-1.033144052887718,0.0,262818.5575295368,6289.038354552567,20450498.92508963,402.01180136730875,312.88506133075145
0.17857142857142838,0.30999999999999994,0.015,269.2695029099569,6.623515583327943,-1.0331932425343804,0.0,262818.5550712186,6289.038354493594,20450498.085592188,402.0117976391943,312.8850598799591
0.17857142857142838,0.33,-0.005,269.2525867809465,6.503129703885164,-1.07712257520139,0.0,262813.0959218331,6289.038493487874,20448846.441280276,402.0045843105604,312.8822528070087
0.17857142857142838,0.33,0.005,269.2525867809465,6.503142046261495,-1.0770716850330073,0.0,262813.09829246934,6289.038493547366,20448847.248776298,402.0045878981036,312.8822542031104
0.17857142857142838,0.33,0.015,269.2525867809465,6.503129703885164,-1.07712257520139,0.0,262813.0959218331,6289.038493487874,20448846.441280276,402.0045843105604,312.8822528070087
0.17857142857142838,0.35,-0.005,269.2350491123582,6.375516070469158,-1.116842343223473,0.0,262807.4291779315,6289.038638281778,20447134.165208306,401.99710602956515,312.8793426010335
0.17857142857142838,0.35,0.005,269.2350491123582,6.375529867380775,-1.1167899898384084,0.0,262807.43145449203,6289.0386383418245,20447134.938540407,401.9971094670117,312.8793439387372
0.17857142857142838,0.35,0.015,269.2350491123582,6.375516070469158,-1.116842343223473,0.0,262807.4291779315,6289.038638281778,20447134.165208306,401.99710602956515,312.8793426010335
0.17857142857142838,0.37,-0.005,269.21696203455616,6.240729612973826,-1.1521145795772574,0.0,262801.57721761736,6289.03878818214,20445368.299980525,401.98939345851676,312.87634119169803
0.17857142857142838,0.37,0.005,269.21696203455616,6.240744842322836,-1.1520610041224122,0.0,262801.5793937266,6289.038788242776,20445369.037010845,401.9893967364463,312.8763424673369
0.17857142857142838,0.37,0.015,269.21696203455616,6.240729612973826,-1.1521145795772574,0.0,262801.57721761736,6289.03878818214,20445368.299980525,401.98939345851676,312.87634119169803
0.17857142857142838,0.39,-0.005,269.1983999368963,6.098829451031521,-1.1827049476581217,0.0,262795.5632031564,6289.038942407913,20443556.106137928,401.98147818535074,312.8732608692581
0.17857142857142838,0.39,0.005,269.1983999368963,6.098846076969138,-1.1826503937201658,0.0,262795.5652725013,6289.038942469176,20443556.804767456,401.98148129451124,312.8732620792307
0.17857142857142838,0.39,0.015,269.1983999368963,6.098829451031521,-1.1827049476581217,0.0,262795.5632031564,6289.038942407913,20443556.106137928,401.98147818535074,312.8732608692581
0.17857142857142838,0.41,-0.005,269.1794391607181,5.949878799495612,-1.2083830105630373,0.0,262789.41099696985,6289.039100085486,20441705.031899504,401.9733925889249,312.87011423218854
0.17857142857142838,0.41,0.005,269.1794391607181,5.94989677274056,-1.2083277227936278,0.0,262789.41295334743,6289.039100147413,20441705.690083086,401.9733955202986,312.87011537298446
0.17857142857142838,0.41,0.015,269.1794391607181,5.949878799495612,-1.2083830105630373,0.0,262789.41099696985,6289.039100085486,20441705.031899504,401.9733925889249,312.87011423218854
0.17857142857142838,0.43,-0.005,269.1601576919896,5.793944952797987,-1.2289225345683443,0.0,262783.14507792535,6289.039260243879,20439822.68287408,401.96516970400984,312.86691413468554
0.17857142857142838,0.43,0.005,269.1601576919896,5.793964211056429,-1.2288667573446237,0.0,262783.1469152934,6289.03926030651,20439823.298636314,401.965172448884,312.8669152029128
0.17857142857142838,0.43,0.015,269.1601576919896,5.793944952797987,-1.2289225345683443,0.0,262783.14507792535,6289.039260243879,20439822.68287408,401.96516970400984,312.86691413468554
0.17857142857142838,0.45,-0.005,269.1406348569919,5.631100263357432,-1.2441022005805675,0.0,262776.7904606381,6289.039421800544,20437916.791784808,401.95684308171565,312.8636736323858
0.17857142857142838,0.45,0.005,269.1406348569919,5.631120731833669,-1.244046176708479,0.0,262776.7921731678,6289.039421863922,20437917.36323655,401.95684563175564,312.86367462479944
0.17857142857142838,0.45,0.015,269.1406348569919,5.631100263357432,-1.2441022005805675,0.0,262776.7904606381,6289.039421800544,20437916.791784808,401.95684308171565,312.8636736323858
0.17857142857142838,0.47,-0.005,269.12095099369736,5.4614218837710915,-1.2537058619703934,0.0,262770.3726048367,6289.039583560767,20435995.186249375,401.94844664768823,312.86040592720923
0.17857142857142838,0.47,0.005,269.12095099369736,5.461443475768536,-1.2536498314415134,0.0,262770.3741869663,6289.039583624933,20435995.711604513,401.948448995011,312.86040684073976
0.17857142857142838,0.47,0.015,269.12095099369736,5.4614218837710915,-1.2537058619703934,0.0,262770.3726048367,6289.039583560767,20435995.186249375,401.94844664768823,312.86040592720923
0.17857142857142838,0.49,-0.005,269.1011871341684,5.284991577327819,-1.2575228254361583,0.0,262763.91732680914,6289.039744213967,20434065.757552583,401.9400145630502,312.8571243132608
0.17857142857142838,0.49,0.005,269.1011871341684,5.285014194926362,-1.2574670242427068,0.0,262763.9187732994,6289.039744278968,20434066.23514506,401.9400167003008,312.85712514504417
0.17857142857142838,0.49,0.015,269.1011871341684,5.284991577327819,-1.2575228254361583,0.0,262763.91732680914,6289.039744213967,20434065.757552583,401.9400145630502,312.8571243132608
0.17857142857142838,0.51,-0.005,269.0814246951791,5.101895941583992,-1.2553482966188807,0.0,262757.4507146469,6289.039902328619,20432136.430190697,401.93158108791954,312.85384212372753
0.17857142857142838,0.51,0.005,269.0814246951791,5.101919476386973,-1.2552929556338543,0.0,262757.452020635,6289.039902394499,20432136.858491305,401.93158300834443,312.85384287113374
0.17857142857142838,0.51,0.015,269.0814246951791,5.101895941583992,-1.2553482966188807,0.0,262757.4507146469,6289.039902328619,20432136.430190697,401.93158108791954,312.85384212372753
0.17857142857142838,0.53,-0.005,269.06174515850785,4.912226602344651,-1.2469838164372555,0.0,262750.999037301,6289.04005634137,20430215.13023461,401.9231804367926,312.8505726746
0.17857142857142838,0.53,0.005,269.06174515850785,4.912250936282565,-1.2469291603624078,0.0,262751.00019835506,6289.040056408177,20430215.507867564,401.9231821343138,312.8505733352617
0.17857142857142838,0.53,0.015,269.06174515850785,4.912226602344651,-1.2469838164372555,0.0,262750.999037301,6289.04005634137,20430215.13023461,401.9231804367926,312.8505726746
0.17857142857142838,0.55,-0.005,269.0422297384685,4.716080081031573,-1.2322375584862797,0.0,262744.58865397284,6289.040204562385,20428309.752961807,401.9148466382727,312.8473292100754
0.17857142857142838,0.55,0.005,269.0422297384685,4.7161050872159365,-1.2321838048721288,0.0,262744.58966614376,6289.040204630168,20428310.07872065,401.9148481075578,312.84732978191533
0.17857142857142838,0.55,0.015,269.0422297384685,4.716080081031573,-1.2322375584862797,0.0,262744.58865397284,6289.040204562385,20428309.752961807,401.9148466382727,312.8473292100754
0.17857142857142838,0.57,-0.005,269.02295907898053,4.513558421365828,-1.2109250163246839,0.0,262738.24592861615,6289.040345164377,20426428.13288033,401.9066133974006,312.8441248489646
0.17857142857142838,0.57,0.005,269.02295907898053,4.513583964979837,-1.210872374662747,0.0,262738.24678848777,6289.040345233185,20426428.405743115,401.9066146339303,312.844125330222
0.17857142857142838,0.57,0.015,269.02295907898053,4.513558421365828,-1.2109250163246839,0.0,262738.24592861615,6289.040345164377,20426428.13288033,401.9066133974006,312.8441248489646
0.17857142857142838,0.59,-0.005,269.00401293898767,4.3047688425871735,-1.1828691834543736,0.0,262731.9971390948,6289.040476182508,20424578.01296238,401.8985139595226,312.84097253168954
0.17857142857142838,0.59,0.005,269.00401293898767,4.3047947818133485,-1.182817854347746,0.0,262731.9978438309,6289.0404762523885,20424578.232105784,401.898514959653,312.84097292094424
0.17857142857142838,0.59,0.015,269.00401293898767,4.3047688425871735,-1.1828691834543736,0.0,262731.9971390948,6289.040476182508,20424578.01296238,401.8985139595226,312.84097253168954
0.17857142857142838,0.61,-0.005,268.985469882704,4.08982383393408,-1.1479009504644615,0.0,262725.86839043495,6289.040595517155,20422767.014449846,401.8905809778938,312.83788496872467
0.17857142857142838,0.61,0.005,268.985469882704,4.0898500209042385,-1.1478511248737537,0.0,262725.86893782247,6289.040595588155,20422767.17926214,401.8905817389139,312.83788526491963
0.17857142857142838,0.61,0.015,268.985469882704,4.08982383393408,-1.1479009504644615,0.0,262725.86839043495,6289.040595517155,20422767.014449846,401.8905809778938,312.83788496872467
0.17857142857142838,0.63,-0.005,268.9674069744827,3.8688406089975307,-1.105859118356907,0.0,262719.88552881486,6289.040700945273,20421002.607390016,401.8828463884534,312.8348745918233
0.17857142857142838,0.63,0.005,268.9674069744827,3.86886689076239,-1.1058109769239401,0.0,262719.8859173032,6289.040701017439,20421002.71748259,401.8828469086359,312.83487479428436
0.17857142857142838,0.63,0.015,268.9674069744827,3.8688406089975307,-1.105859118356907,0.0,262719.88552881486,6289.040700945273,20421002.607390016,401.8828463884534,312.8348745918233
0.17857142857142838,0.65,-0.005,268.9498994928067,3.6419418733315863,-1.0565911435186695,0.0,262714.0740577941,6289.040790110633,20419292.082391202,401.8753412797719,312.831953503357
0.17857142857142838,0.65,0.005,268.9498994928067,3.641968092832156,-1.0565448559606203,0.0,262714.0742865298,6289.0407901840035,20419292.13760858,401.8753415584176,312.83195361181015
0.17857142857142838,0.65,0.015,268.9498994928067,3.6419418733315863,-1.0565911435186695,0.0,262714.0740577941,6289.040790110633,20419292.082391202,401.8753412797719,312.831953503357
0.17857142857142838,0.67,-0.005,268.93302063945305,3.409255888223958,-0.9999534732366363,0.0,262708.4590529246,6289.04086052604,20417642.522287786,401.86809576818666,312.82913342766807
0.17857142857142838,0.67,0.005,268.93302063945305,3.409281885266743,-0.9999091978137885,0.0,262708.45912178024,6289.040860600653,20417642.522715956,401.868095805661,312.8291334422538
0.17857142857142838,0.67,0.015,268.93302063945305,3.409255888223958,-0.9999534732366363,0.0,262708.4590529246,6289.04086052604,20417642.522287786,401.86809576818666,312.82913342766807
0.17857142857142838,0.69,-0.005,268.91684125423467,3.170916058843747,-0.9358115495620074,0.0,262703.065083558,6289.040909597352,20416060.775038745,401.86113888866964,312.8264256685396
0.17857142857142838,0.69,0.005,268.91684125423467,3.170941671088209,-0.9357694326261659,0.0,262703.0649931566,6289.040909673239,20416060.721011717,401.86113868643173,312.82642558982417
0.17857142857142838,0.69,0.015,268.91684125423467,3.170916058843747,-0.9358115495620074,0.0,262703.065083558,6289.040909597352,20416060.775038745,401.86113888866964,312.8264256685396
0.17857142857142838,0.71,-0.005,268.9014295285328,2.927059928784684,-0.8640393692276678,0.0,262697.91613025416,6289.040934644061,20414553.42640577,401.85449848298714,312.8238410656071
0.17857142857142838,0.71,0.005,268.9014295285328,2.9270849927187794,-0.8639995448366079,0.0,262697.9158819869,6289.040934721244,20414553.318510227,401.8544980436095,312.82384089459026
0.17857142857142838,0.71,0.015,268.9014295285328,2.927059928784684,-0.8640393692276678,0.0,262697.91613025416,6289.040934644061,20414553.42640577,401.85449848298714,312.8238410656071
0.17857142857142838,0.73,-0.005,268.88685075104223,2.677829236279495,-0.78451965569275,0.0,262693.03551391687,6289.040932916713,20413126.775689185,401.84820109976937,312.8213899554017
0.17857142857142838,0.73,0.005,268.88685075104223,2.6778535881849086,-0.7844822452910873,0.0,262693.03510995547,6289.040932995206,20413126.614767298,401.84820042695037,312.8213896935215
0.17857142857142838,0.73,0.015,268.88685075104223,2.677829236279495,-0.78451965569275,0.0,262693.03551391687,6289.040932916713,20413126.775689185,401.84820109976937,312.8213899554017
0.17857142857142838,0.75,-0.005,268.87316704795745,2.423370234907726,-0.6971441737090475,0.0,262688.44582423783,6289.040901617613,20411786.81102551,401.8422718941546,312.81908213222556
0.17857142857142838,0.75,0.005,268.87316704795745,2.4233937118127002,-0.697109285873238,0.0,262688.445267541,6289.040901697417,20411786.598175738,401.8422709927213,312.81908178135967
0.17857142857142838,0.75,0.015,268.87316704795745,2.423370234907726,-0.6971441737090475,0.0,262688.44582423783,6289.040901617613,20411786.81102551,401.8422718941546,312.81908213222556
0.17857142857142838,0.77,-0.005,268.8604370850316,2.163831759472854,-0.6018124628530975,0.0,262684.1688367987,6289.040837938875,20410539.181497566,401.8367345215961,312.8169268067537
0.17857142857142838,0.77,0.005,268.8604370850316,2.1638542000742946,-0.6017801930865978,0.0,262684.16813111195,6289.040838019978,20410538.91807354,401.83673339749924,312.8169263692171
0.17857142857142838,0.77,0.015,268.8604370850316,2.163831759472854,-0.6018124628530975,0.0,262684.1688367987,6289.040837938875,20410539.181497566,401.8367345215961,312.8169268067537
0.17857142857142838,0.7900000000000001,-0.005,268.84871577610016,1.8993634120102247,-0.4984305875808563,0.0,262680.2254348323,6289.040739100093,20409389.169866264,401.83161103420815,312.8149325656225
0.17857142857142838,0.7900000000000001,0.005,268.84871577610016,1.8993846575415936,-0.49840101814243754,0.0,262680.2245846816,6289.040739182471,20409388.85747356,401.8316096945069,312.81493204416205
0.17857142857142838,0.7900000000000001,0.015,268.84871577610016,1.8993634120102247,-0.4984305875808563,0.0,262680.2254348323,6289.040739100093,20409389.169866264,401.83161103420815,312.8149325656225
0.17857142857142838,0.81,-0.005,268.8380540112772,1.6301154785645366,-0.3869111196306717,0.0,262676.6355405097,6289.040602380323,20408341.6670495,401.82692178210823,312.81310733296453
0.17857142857142838,0.81,0.005,268.8380540112772,1.630135373594597,-0.3868843193834781,0.0,262676.634551189,6289.040602463935,20408341.307540353,401.82692023494684,312.8131067307496
0.17857142857142838,0.81,0.015,268.8380540112772,1.6301154785645366,-0.3869111196306717,0.0,262676.6355405097,6289.040602380323,20408341.6670495,401.82692178210823,312.81310733296453
0.17857142857142838,0.83,-0.005,268.82849832729795,1.3562349155174174,-0.26717011342184976,0.0,262673.41804572684,6289.040425205694,20407401.14267396,401.82268532396944,312.8114583355286
0.17857142857142838,0.83,0.005,268.82849832729795,1.356253308707761,-0.2671461377158617,0.0,262673.416923281,6289.040425290481,20407400.73814066,401.822683578548,312.81145765613957
0.17857142857142838,0.83,0.015,268.82849832729795,1.3562349155174174,-0.26717011342184976,0.0,262673.41804572684,6289.040425205694,20407401.14267396,401.82268532396944,312.8114583355286
0.17857142857142838,0.85,-0.005,268.8200907007748,1.0778628322483403,-0.13912492798128592,0.0,262670.5907834899,6289.0402052262225,20406571.627312962,401.81891838405744,312.8099920858966
0.17857142857142838,0.85,0.005,268.8200907007748,1.0778795772650867,-0.13910381869526292,0.0,262670.5895346982,6289.04020531211,20406571.180081453,401.8189164506027,312.80999133331386
0.17857142857142838,0.85,0.015,268.8200907007748,1.0778628322483403,-0.13912492798128592,0.0,262670.5907834899,6289.0402052262225,20406571.627312962,401.81891838405744,312.8099920858966
0.17857142857142838,0.87,-0.005,268.81286846203636,0.795136100378296,-0.0026950510079662587,0.0,262668.1705280527,6289.039940355908,20405856.70537361,401.8156358388353,312.80871437721356
0.17857142857142838,0.87,0.005,268.81286846203636,0.7951510568730662,-0.0026768366836622507,0.0,262668.16916040756,6289.0399404428,20405856.217995536,401.81563372856505,312.80871355580337
0.17857142857142838,0.87,0.015,268.81286846203636,0.795136100378296,-0.0026950510079662587,0.0,262668.1705280527,6289.039940355908,20405856.70537361,401.8156358388353,312.80871437721356
0.17857142857142838,0.89,-0.005,268.806864283849,0.5081870494144785,0.1421989100646026,0.0,262666.17299997644,6289.039628781544,20405259.514330048,401.81285071677127,312.80763028306166
0.17857142857142838,0.89,0.005,268.806864283849,0.5082000841151532,0.14221421394201972,0.0,262666.1715216547,6289.039628869326,20405258.989572726,401.8128484418491,312.8076293975586
0.17857142857142838,0.89,0.015,268.806864283849,0.5081870494144785,0.1421989100646026,0.0,262666.17299997644,6289.039628781544,20405259.514330048,401.81285071677127,312.80763028306166
0.17857142857142838,0.9100000000000001,-0.005,268.80210656498826,0.21714702485431242,0.2956334688192893,0.0,262664.6126991051,6289.039268261295,20404782.760418754,401.8105739322491,312.80674405383996
0.17857142857142838,0.9100000000000001,0.005,268.80210656498826,0.2171580125391675,0.29564585951904165,0.0,262664.61111892154,6289.039268349825,20404782.201249626,401.8105715057127,312.8067431093191
0.17857142857142838,0.9100000000000001,0.015,268.80210656498826,0.21714702485431242,0.2956334688192893,0.0,262664.6126991051,6289.039268261295,20404782.760418754,401.8105739322491,312.80674405383996
0.17857142857142838,0.93,-0.005,268.7986769853359,-0.07789037225689496,0.4577783894536352,0.0,262663.4971479599,6289.038801228803,20404432.636955615,401.80880540715447,312.80605566082437
0.17857142857142838,0.93,0.005,268.7986769853359,-0.07788154664951093,0.4577878729883811,0.0,262663.4954745898,6289.0388013171005,20404432.046361238,401.8088028417301,312.8060546622396
0.17857142857142838,0.93,0.015,268.7986769853359,-0.07789037225689496,0.4577783894536352,0.0,262663.4971479599,6289.038801228803,20404432.636955615,401.80880540715447,312.80605566082437
0.17857142857142838,0.95,-0.005,268.79658475904483,-0.3765148248103337,0.6284102706366055,0.0,262662.8618413468,6289.038290906841,20404212.017079886,401.80758799683906,312.80558178668053
0.17857142857142838,0.95,0.005,268.79658475904483,-0.37650827800724945,0.6284168803044926,0.0,262662.8600848871,6289.038290995212,20404211.398374364,401.8075853073151,312.80558073978875
0.17857142857142838,0.95,0.015,268.79658475904483,-0.3765148248103337,0.6284102706366055,0.0,262662.8618413468,6289.038290906841,20404212.017079886,401.80758799683906,312.80558178668053
0.17857142857142838,0.9700000000000001,-0.005,268.7957901547581,-0.6785364265965356,0.8075901052437031,0.0,262662.7177554179,6289.037773913508,20404118.154729333,401.80692705203666,312.8053245151473
0.17857142857142838,0.9700000000000001,0.005,268.7957901547581,-0.6785322550859856,0.8075938723937073,0.0,262662.71592671657,6289.03777400195,20404117.511499472,401.8069242542603,312.8053234261176
0.17857142857142838,0.9700000000000001,0.015,268.7957901547581,-0.6785364265965356,0.8075901052437031,0.0,262662.7177554179,6289.037773913508,20404118.154729333,401.80692705203666,312.8053245151473
0.17857142857142838,0.99,-0.005,268.79638820570756,-0.9869256963854862,0.9984304258631339,0.0,262663.0726621676,6289.037168683862,20404157.803176716,401.8068134998447,312.8052803151467
0.17857142857142838,0.99,0.005,268.79638820570756,-0.9869239856036807,0.9984314122562676,0.0,262663.0707689046,6289.037168771991,20404157.13792717,401.80681060470556,312.8052791882186
0.17857142857142838,0.99,0.015,268.79638820570756,-0.9869256963854862,0.9984304258631339,0.0,262663.0726621676,6289.037168683862,20404157.803176716,401.8068134998447,312.8052803151467
0.17857142857142838,1.01,-0.005,268.7958364449337,-2.025500016481276e-06,2.049111550600285e-06,0.0,262662.8214173024,6289.039383648814,20404172.96110436,401.8079366377323,312.8057174944136
0.17857142857142838,1.01,0.005,268.79528468415987,0.9869256963854862,-0.9984304258631339,0.0,262662.570171406,6289.036693558104,20404035.016695786,401.8060448155863,312.80498110592254
0.17857142857142838,1.01,0.015,268.7958364449337,-2.025500016481276e-06,2.049111550600285e-06,0.0,262662.8214173024,6289.039383648814,20404172.96110436,401.8079366377323,312.8057174944136
0.25,-0.01,-0.005,269.412893749914,7.795719304117804,3.296718442714797e-18,0.0,262866.8570656218,6289.038228133533,20464532.52523955,402.0735758991186,312.9090999107767
0.25,-0.01,0.005,269.412893749914,7.795719304117804,0.03997362778656675,0.0,262866.8570656218,6289.038226146471,20464532.4630334,402.07357467693333,312.909099435201
0.25,-0.01,0.015,269.412893749914,7.795719304117804,3.296718442714797e-18,0.0,262866.8570656218,6289.038228133533,20464532.52523955,402.0735758991186,312.9090999107767
0.25,0.01,-0.005,269.412893749914,7.795719304117804,-0.03997362778656675,0.0,262866.8570656218,6289.038226146471,20464532.463033397,402.07357467693333,312.909099435201
0.25,0.01,0.005,269.412893749914,7.795715223204785,-0.03997167697684186,0.0,262866.8601236941,6289.03822621024,20464533.529187288,402.07357940379956,312.90910127451536
0.25,0.01,0.015,269.412893749914,7.795719304117804,-0.03997362778656675,0.0,262866.8570656218,6289.038226146471,20464532.463033397,402.07357467693333,312.909099435201
0.25,0.03,-0.005,269.4116396976977,7.788105229839598,-0.11979738682249569,0.0,262866.45501676534,6289.038237256139,20464410.027697656,402.07304064584,312.9088916333775
0.25,0.03,0.005,269.4116396976977,7.788101287871232,-0.1197916085001055,0.0,262866.45806475636,6289.038237319932,20464411.09016999,402.0730453565212,312.9088934663952
0.25,0.03,0.015,269.4116396976977,7.788105229839598,-0.11979738682249569,0.0,262866.45501676534,6289.038237256139,20464410.027697656,402.07304064584,312.9088916333775
0.25,0.05,-0.005,269.4091379266891,7.772852635224991,-0.19924201824740068,0.0,262865.6526889935,6289.038259711882,20464165.781334616,402.0719754390407,312.90847714040484
0.25,0.05,0.005,269.4091379266891,7.772848970455491,-0.19923241949300607,0.0,262865.65572745586,6289.038259775736,20464166.84013608,402.0719801336241,312.90847896716105
0.25,0.05,0.015,269.4091379266891,7.772852635224991,-0.19924201824740068,0.0,262865.6526889935,6289.038259711882,20464165.781334616,402.0719754390407,312.90847714040484
0.25,0.07,-0.005,269.4053984923948,7.750004813615382,-0.27805465478565433,0.0,262864.4532724382,6289.038293096641,20463800.698254745,402.07038313452165,312.9078575422906
0.25,0.07,0.005,269.4053984923948,7.750001561278202,-0.278041283790825,0.0,262864.456296548,6289.038293160584,20463801.751535647,402.0703878048932,312.90785935962913
0.25,0.07,0.015,269.4053984923948,7.750004813615382,-0.27805465478565433,0.0,262864.4532724382,6289.038293096641,20463800.698254745,402.07038313452165,312.9078575422906
0.25,0.09,-0.005,269.4004365243898,7.719580292231888,-0.3559827577337566,0.0,262862.86139223096,6289.038337274623,20463316.256992795,402.06827015854753,312.90703533841605
0.25,0.09,0.005,269.4004365243898,7.719577583572487,-0.35596568146793245,0.0,262862.86439710006,6289.038337338681,20463317.302888323,402.0682747965256,312.90703714315424
0.25,0.09,0.015,269.4004365243898,7.719580292231888,-0.3559827577337566,0.0,262862.86139223096,6289.038337274623,20463316.256992795,402.06827015854753,312.90703533841605
0.25,0.11,-0.005,269.39427216723703,7.6815943044261825,-0.43277429246556737,0.0,262860.8831773031,6289.0383921710445,20462714.429448824,402.0656451331741,312.90601388222444
0.25,0.11,0.005,269.39427216723703,7.681592265377436,-0.4327535962128643,0.0,262860.886157958,6289.038392235247,20462715.466074046,402.06564973048705,312.90601567114487
0.25,0.11,0.015,269.39427216723703,7.6815943044261825,-0.43277429246556737,0.0,262860.8831773031,6289.0383921710445,20462714.429448824,402.0656451331741,312.90601388222444
0.25,0.13,-0.005,269.3869304844444,7.636061811656024,-0.5081777153269956,0.0,262858.526227676,6289.038457694879,20461997.669026915,402.0625187877213,312.90479734680645
0.25,0.13,0.005,269.3869304844444,7.636060561623174,-0.5081535020875134,0.0,262858.5291790415,6289.038457759252,20461998.69447321,402.0625233359913,312.90479911665005
0.25,0.13,0.015,269.3869304844444,7.636061811656024,-0.5081777153269956,0.0,262858.526227676,6289.038457694879,20461997.669026915,402.0625187877213,312.90479734680645
0.25,0.15,-0.005,269.3784413021048,7.583000972513762,-0.5819423444378505,0.0,262855.7996048032,6289.038533752024,20461168.895690832,402.0589038999335,312.9033907020432
0.25,0.15,0.005,269.3784413021048,7.583000623210093,-0.5819147342063962,0.0,262855.80252168997,6289.0385338165925,20461169.908023417,402.058908390666,312.90339244950536
0.25,0.15,0.015,269.3784413021048,7.583000972513762,-0.5819423444378505,0.0,262855.7996048032,6289.038533752024,20461168.895690832,402.0589038999335,312.9033907020432
0.25,0.17,-0.005,269.3688391126371,7.522432594424471,-0.6538184607716071,0.0,262852.7137926589,6289.038620220126,20460231.485697053,402.05481523957104,312.9017996927023
0.25,0.17,0.005,269.3688391126371,7.522433248810022,-0.653787589706851,0.0,262852.7166697538,6289.038620284918,20460232.482953478,402.0548196641468,312.9018014144299
0.25,0.17,0.015,269.3688391126371,7.522432594424471,-0.6538184607716071,0.0,262852.7137926589,6289.038620220126,20460231.485697053,402.05481523957104,312.9017996927023
0.25,0.19,-0.005,269.3581629378612,7.4543797549933135,-0.7235573729225713,0.0,262849.2806546451,6289.038716937066,20459189.257766567,402.0502695029235,312.90003081300677
0.25,0.19,0.005,269.3581629378612,7.454381506299913,-0.7235233924138446,0.0,262849.2834865066,6289.038717002107,20459190.237956483,402.0502738525982,312.9000325055977
0.25,0.19,0.015,269.3581629378612,7.4543797549933135,-0.7235573729225713,0.0,262849.2806546451,6289.038716937066,20459189.257766567,402.0502695029235,312.90003081300677
0.25,0.21,-0.005,269.34645615388104,7.378868321194016,-0.7909116308440021,0.0,262845.51339107926,6289.038823699545,20458046.455828484,402.04528523713475,312.8980912772437
0.25,0.21,0.005,269.34645615388104,7.378871252050805,-0.7908747064855798,0.0,262845.51617213734,6289.038823764861,20458047.416934837,402.04528950304353,312.89809293724915
0.25,0.21,0.015,269.34645615388104,7.378868321194016,-0.7909116308440021,0.0,262845.51339107926,6289.038823699545,20458046.455828484,402.04528523713475,312.8980912772437
0.25,0.23,-0.005,269.33376632601073,7.295926698622741,-0.8556351335073076,0.0,262841.4264915629,6289.038940255629,20456807.732553266,402.0398827651862,312.8959889906335
0.25,0.23,0.005,269.33376632601073,7.295930880294831,-0.8555954439923166,0.0,262841.4292161238,6289.0389403212475,20456808.672534853,402.03988693835515,312.89599061456175
0.25,0.23,0.015,269.33376632601073,7.295926698622741,-0.8556351335073076,0.0,262841.4264915629,6289.038940255629,20456807.732553266,402.0398827651862,312.8959889906335
0.25,0.25,-0.005,269.32014501024753,7.205586003062517,-0.917483304108581,0.0,262837.03568258137,6289.039066300026,20455478.129692957,402.0340840981675,312.8937325152542
0.25,0.25,0.005,269.32014501024753,7.205591494801898,-0.9174410400530922,0.0,262837.0383448372,6289.039066365971,20455479.04648848,402.03408816953123,312.89373409957784
0.25,0.25,0.015,269.32014501024753,7.205586003062517,-0.917483304108581,0.0,262837.03568258137,6289.039066300026,20455478.129692957,402.0340840981675,312.8937325152542
0.25,0.27,-0.005,269.30564753541483,7.1078805924114,-0.9762133796884108,0.0,262832.35787404387,6289.039201473001,20454063.05664134,402.0279128414768,312.8913310336053
0.25,0.27,0.005,269.30564753541483,7.107887440921899,-0.9761687423967684,0.0,262832.3604680875,6289.039201539299,20454063.94817495,402.0279168019023,312.89133257477044
0.25,0.27,0.015,269.30564753541483,7.1078805924114,-0.9762133796884108,0.0,262832.35787404387,6289.039201473001,20454063.05664134,402.0279128414768,312.8913310336053
0.25,0.29,-0.005,269.29033277821867,7.002848000551987,-1.0315846003889355,0.0,262827.4110985517,6289.039345356857,20452568.268222928,402.0213940964611,312.8887943103982
0.25,0.29,0.005,269.29033277821867,7.002856239577833,-1.0315378005738982,0.0,262827.4136183971,6289.0393454235345,20452569.132411305,402.0213979367797,312.88879580483695
0.25,0.29,0.015,269.29033277821867,7.002848000551987,-1.0315846003889355,0.0,262827.4110985517,6289.039345356857,20452568.268222928,402.0213940964611,312.8887943103982
0.25,0.31,-0.005,269.2742629282433,6.890529206410022,-1.083358485671156,0.0,262822.2144485647,6289.039497467608,20450999.841347978,402.01455435477027,312.88613265151014
0.25,0.31,0.005,269.2742629282433,6.890538856446568,-1.0833097421408064,0.0,262822.21688817145,6289.0394975346935,20451000.676108796,402.0145580658142,312.8861340956546
0.25,0.31,0.015,269.2742629282433,6.890529206410022,-1.083358485671156,0.0,262822.2144485647,6289.039497467608,20450999.841347978,402.01455435477027,312.88613265151014
0.25,0.33,-0.005,269.2575032307454,6.770968645742232,-1.1312990645194914,0.0,262816.78800698655,6289.0396572503105,20449364.1496098,402.00742138534684,312.88335686007065
0.25,0.33,0.005,269.2575032307454,6.770979713867126,-1.1312486028426232,0.0,262816.7903602901,6289.039657317832,20449364.95287162,402.0074249579931,312.8833582503703
0.25,0.33,0.015,269.2575032307454,6.770968645742232,-1.1312990645194914,0.0,262816.78800698655,6289.0396572503105,20449364.1496098,402.00742138534684,312.88335686007065
0.25,0.35,-0.005,269.24012172698673,6.644214342651888,-1.175173154391026,0.0,262811.15277549997,6289.039824068097,20447667.837448236,402.00002411646386,312.88047819061853
0.25,0.35,0.005,269.24012172698673,6.644226822473896,-1.1751212055522406,0.0,262811.1550364458,6289.039824136084,20447668.60716171,402.00002754168395,312.8804795235594
0.25,0.35,0.015,269.24012172698673,6.644214342651888,-1.175173154391026,0.0,262811.15277549997,6289.039824068097,20447667.837448236,402.00002411646386,312.88047819061853
0.25,0.37,-0.005,269.2221889843194,6.51031810017695,-1.214750670563037,0.0,262805.3306017962,6289.039997194664,20445917.79342199,401.9923925154075,312.8775083023385
0.25,0.37,0.005,269.2221889843194,6.5103319719012225,-1.2146974696195527,0.0,262805.33276437793,6289.039997263146,20445918.52757215,401.99239578432116,312.877509574464
0.25,0.37,0.015,269.2221889843194,6.51031810017695,-1.214750670563037,0.0,262805.3306017962,6289.039997194664,20445917.79342199,401.9923925154075,312.8775083023385
0.25,0.39,-0.005,269.20377781805894,6.369335668950582,-1.2498049414977195,0.0,262799.34410433227,6289.040175807008,20444121.122690942,401.9845574647183,312.8744592109531
0.25,0.39,0.005,269.20377781805894,6.369350899553683,-1.2497507262480674,0.0,262799.346162634,6289.040175876019,20444121.81931064,401.98456056865336,312.87446041888757
0.25,0.39,0.015,269.20377781805894,6.369335668950582,-1.2498049414977195,0.0,262799.34410433227,6289.040175807008,20444121.122690942,401.9845574647183,312.8744592109531
0.25,0.41,-0.005,269.1849629977055,6.221326701756804,-1.2801129656789674,0.0,262793.21659194527,6289.040358980342,20442285.118040856,401.9765506329408,312.871343238473
0.25,0.41,0.005,269.1849629977055,6.2213432452690505,-1.2800579753546883,0.0,262793.21854018635,6289.040359049913,20442285.775224905,401.9765535634955,312.8713443789457
0.25,0.41,0.015,269.1849629977055,6.221326701756804,-1.2801129656789674,0.0,262793.21659194527,6289.040358980342,20442285.118040856,401.9765506329408,312.871343238473
0.25,0.43,-0.005,269.16582095441646,6.06635472839197,-1.3054556807671975,0.0,262786.9719840318,6289.040545683376,20440417.2310504,401.96840434607054,312.86817296321124
0.25,0.43,0.005,269.16582095441646,6.066372526277031,-1.3054001547554572,0.0,262786.9738166144,6289.040545753545,20440417.846970506,401.9684070951799,312.8681740330824
0.25,0.43,0.015,269.16582095441646,6.06635472839197,-1.3054556807671975,0.0,262786.9719840318,6289.040545683376,20440417.2310504,401.96840434607054,312.86817296321124
0.25,0.45,-0.005,269.146429491448,5.904488028325775,-1.3256185862675716,0.0,262780.6347330726,6289.040734763395,20438525.04323723,401.9601514538977,312.8649611678049
0.25,0.45,0.005,269.146429491448,5.904507009947774,-1.3255627628720117,0.0,262780.6364446308,6289.0407348342005,20438525.61615732,401.9601540139009,312.8649621640918
0.25,0.45,0.015,269.146429491448,5.904488028325775,-1.3256185862675716,0.0,262780.6347330726,6289.040734763395,20438525.04323723,401.9601514538977,312.8649611678049
0.25,0.4699999999999999,-0.005,269.12686747283647,5.7357994669067836,-1.3403919991354376,0.0,262774.22973833734,6289.040924943327,20436616.235459194,401.95182519425356,312.8617207864126
0.25,0.4699999999999999,0.005,269.12686747283647,5.735819550083101,-1.340336114384773,0.0,262774.23132378736,6289.040925014805,20436616.763751,401.95182755796316,312.8617217063167
0.25,0.4699999999999999,0.015,269.12686747283647,5.7357994669067836,-1.3403919991354376,0.0,262774.22973833734,6289.040924943327,20436616.235459194,401.95182519425356,312.8617207864126
0.25,0.48999999999999994,-0.005,269.1072145221313,5.560366295717802,-1.3495712885147393,0.0,262767.782261521,6289.041114817703,20434698.55827417,401.94345906080235,312.8584648532837
0.25,0.48999999999999994,0.005,269.1072145221313,5.560387387346763,-1.3495155750244914,0.0,262767.78371611226,6289.041114889895,20434699.040432893,401.94346122157395,312.8584656942175
0.25,0.48999999999999994,0.015,269.1072145221313,5.560366295717802,-1.3495712885147393,0.0,262767.782261521,6289.041114817703,20434698.55827417,401.94345906080235,312.8584648532837
0.25,0.51,-0.005,269.08755072791496,5.378270276849345,-1.3529572259483162,0.0,262761.317846169,6289.041302849114,20432779.802989542,401.9350866739533,312.8552064525335
0.25,0.51,0.005,269.08755072791496,5.3782922736068555,-1.352901911842528,0.0,262761.3191655341,6289.041302922063,20432780.237649262,401.9350886257534,312.8552072121472
0.25,0.51,0.015,269.08755072791496,5.378270276849345,-1.3529572259483162,0.0,262761.317846169,6289.041302849114,20432779.802989542,401.9350866739533,312.8552064525335
0.25,0.53,-0.005,269.06795634088917,5.189597875938639,-1.350356363507446,0.0,262754.8622318635,6289.04148735809,20430867.771691233,401.92674164398426,312.85195866487834
0.25,0.53,0.005,269.06795634088917,5.189620665029266,-1.3503016714020424,0.0,262754.8634120677,6289.041487431841,20430868.157639913,401.9267433814569,312.8519593410858
0.25,0.53,0.015,269.06795634088917,5.189597875938639,-1.350356363507446,0.0,262754.8622318635,6289.04148735809,20430867.771691233,401.92674164398426,312.85195866487834
0.25,0.55,-0.005,269.0485114581644,4.99444022197783,-1.3415813204873628,0.0,262748.44126834953,6289.041666526978,20428970.24646777,401.9184574371273,312.8487345155154
0.25,0.55,0.005,269.0485114581644,4.9944636819345245,-1.341527466539312,0.0,262748.44230593834,6289.041666601574,20428970.582661685,401.91845895565797,312.8487351065189
0.25,0.55,0.015,269.0485114581644,4.99444022197783,-1.3415813204873628,0.0,262748.44126834953,6289.041666526978,20428970.24646777,401.9184574371273,312.8487345155154
0.25,0.57,-0.005,269.02929573649396,4.792893606819518,-1.3264513393229362,0.0,262742.0808344344,6289.041838389513,20427094.961030982,401.9102672452457,312.84554692339105
0.25,0.57,0.005,269.02929573649396,4.792917608342074,-1.3263985323468412,0.0,262742.0817264785,6289.041838465001,20427095.246608205,401.9102685410211,312.84554742770456
0.25,0.57,0.015,269.02929573649396,4.792893606819518,-1.3264513393229362,0.0,262742.0808344344,6289.041838389513,20427094.961030982,401.9102672452457,312.84554692339105
0.25,0.59,-0.005,269.0103880946526,4.585059157390149,-1.3047924136371727,0.0,262735.8067524657,6289.042000831225,20425249.5716222,401.9022038573662,312.8424086511827
0.25,0.59,0.005,269.0103880946526,4.585083564220424,-1.3047408542940626,0.0,262735.80749660276,6289.0420009076515,20425249.805915117,401.90220492742935,312.84240906765365
0.25,0.59,0.015,269.0103880946526,4.585059157390149,-1.3047924136371727,0.0,262735.8067524657,6289.042000831225,20425249.5716222,401.9022038573662,312.8424086511827
0.25,0.61,-0.005,268.9918664178678,4.371042920862154,-1.2764376102521173,0.0,262729.6447069972,6289.042151594671,20423441.628279958,401.8942995349587,312.83933225673223
0.25,0.61,0.005,268.9918664178678,4.37106759068196,-1.2763874903075991,0.0,262729.6453014706,6289.042151672077,20423441.810826533,401.89430037725924,312.8393325845607
0.25,0.61,0.015,268.9918664178678,4.371042920862154,-1.2764376102521173,0.0,262729.6447069972,6289.042151594671,20423441.628279958,401.8942995349587,312.83933225673223
0.25,0.63,-0.005,268.9738072684893,4.150955322796849,-1.2412270232244722,0.0,262723.6201637131,6289.042288290942,20421678.546923336,401.8865858936651,312.8363300469803
0.25,0.63,0.005,268.9738072684893,4.150980108146801,-1.2411785248788234,0.0,262723.62060740584,6289.042288369371,20421678.67747699,401.88658650710295,312.83633028573627
0.25,0.63,0.015,268.9738072684893,4.150955322796849,-1.2412270232244722,0.0,262723.6201637131,6289.042288290942,20421678.546923336,401.8865858936651,312.8363300469803
0.25,0.65,-0.005,268.9562856128705,3.9249118197948176,-1.1990083655477466,0.0,262717.75829070824,6289.042408392338,20419967.582441445,401.87909378034504,312.83341403007256
0.25,0.65,0.005,268.9562856128705,3.924936568997392,-1.1989616608313225,0.0,262717.7585831721,6289.04240847183,20419967.660979368,401.87909416480653,312.83341417971013
0.25,0.65,0.015,268.9562856128705,3.9249118197948176,-1.1990083655477466,0.0,262717.75829070824,6289.042408392338,20419967.582441445,401.87909378034504,312.83341403007256
0.25,0.67,-0.005,268.9393745454418,3.6930329389350267,-1.1496372064710638,0.0,262712.0838787446,6289.042509235817,20418315.801852398,401.8718531554466,312.8305958695307
0.25,0.67,0.005,268.9393745454418,3.6930574970238257,-1.1495924567079348,0.0,262712.0840202247,6289.042509316405,20418315.828582153,401.8718533118342,312.8305959303994
0.25,0.67,0.015,268.9393745454418,3.6930329389350267,-1.1496372064710638,0.0,262712.0838787446,6289.042509235817,20418315.801852398,401.8718531554466,312.8305958695307
0.25,0.6899999999999998,-0.005,268.9231450114592,3.4554438587482776,-1.0929768977990624,0.0,262706.62126685225,6289.042588048144,20416730.05801709,401.8648929880662,312.8278868433579
0.25,0.6899999999999998,0.005,268.9231450114592,3.455468068409893,-1.0929342531441708,0.0,262706.62125830515,6289.042588129859,20416730.033381503,401.86489291831913,312.82788681621093
0.25,0.6899999999999998,0.015,268.9231450114592,3.4554438587482776,-1.0929768977990624,0.0,262706.62126685225,6289.042588048144,20416730.05801709,401.8648929880662,312.8278868433579
0.25,0.71,-0.005,268.9076655337396,3.2122734865124403,-1.028898128309855,0.0,262701.394264738,6289.042641966148,20415216.963595532,401.8582411496422,312.82529780260677
0.25,0.71,0.005,268.9076655337396,3.2122971890182845,-1.0288577273461048,0.0,262701.39410784555,6289.0426420490085,20415216.888275735,401.85824085675046,312.82529768860644
0.25,0.71,0.015,268.9076655337396,3.2122734865124403,-1.028898128309855,0.0,262701.394264738,6289.042641966148,20415216.963595532,401.8582411496422,312.82529780260677
0.25,0.7299999999999999,-0.005,268.89300196408254,2.9636543784255878,-0.9572789326061968,0.0,262696.42608515004,6289.042668055559,20413782.867379438,401.8519243173839,312.82283913373357
0.25,0.7299999999999999,0.005,268.89300196408254,2.9636774145543514,-0.9572409020009953,0.0,262696.4257823261,6289.04266813958,20413782.74229596,401.85192380539235,312.8228389344529
0.25,0.7299999999999999,0.015,268.89300196408254,2.9636543784255878,-0.9572789326061968,0.0,262696.42608515004,6289.042668055559,20413782.867379438,401.8519243173839,312.82283913373357
0.25,0.75,-0.005,268.8792172270949,2.709723029852946,-0.878004905692692,0.0,262691.7392760442,6289.042663333537,20412433.829999477,401.84596787663105,312.8205207205328
0.25,0.75,0.005,268.8792172270949,2.709745240802459,-0.8779693599119403,0.0,262691.738830436,6289.04266341872,20412433.656311467,401.8459671506353,312.8205204379539
0.25,0.75,0.015,268.8792172270949,2.709723029852946,-0.878004905692692,0.0,262691.7392760442,6289.042663333537,20412433.829999477,401.84596787663105,312.8205207205328
0.25,0.7700000000000001,-0.005,268.86637103556717,2.45061830104176,-0.7909681487265758,0.0,262687.35564280284,6289.04262480376,20411175.597243566,401.8403958186176,312.81835190428103
0.25,0.7700000000000001,0.005,268.86637103556717,2.450639529314814,-0.7909351897941298,0.0,262687.35505828616,6289.042624890092,20411175.376346055,401.84039488475173,312.81835154079045
0.25,0.7700000000000001,0.015,268.86637103556717,2.45061830104176,-0.7909681487265758,0.0,262687.35564280284,6289.04262480376,20411175.597243566,401.8403958186176,312.81835190428103
0.25,0.79,-0.005,268.8545196122329,2.1864799063245517,-0.6960661962154574,0.0,262683.2961744643,6289.042549491196,20410013.57399116,401.83523064077144,312.8163414448671
0.25,0.79,0.005,268.8545196122329,2.1864999965735064,-0.6960359135062947,0.0,262683.2954556327,6289.042549578658,20410013.30751036,401.8352295061873,312.8163410032477
0.25,0.79,0.015,268.8545196122329,2.1864799063245517,-0.6960661962154574,0.0,262683.2961744643,6289.042549491196,20410013.57399116,401.83523064077144,312.8163414448671
0.25,0.8100000000000002,-0.005,268.84371543328194,1.9174483836688636,-0.5932019498171641,0.0,262679.58098085166,6289.042434474054,20408952.80018795,401.83049325465936,312.8144974848975
0.25,0.8100000000000002,0.005,268.84371543328194,1.9174671834901025,-0.5931744198774662,0.0,262679.58013299876,6289.042434562604,20408952.489974428,401.83049192749536,312.81449696831623
0.25,0.8100000000000002,0.015,268.84371543328194,1.9174483836688636,-0.5932019498171641,0.0,262679.58098085166,6289.042434474054,20408952.80018795,401.83049325465936,312.8144974848975
0.25,0.83,-0.005,268.8340069223247,1.643661629293112,-0.4822810422851921,0.0,262676.22922741715,6289.042276962764,20407997.923439275,401.82620290145195,312.8128275167299
0.25,0.83,0.005,268.8340069223247,1.6436789899752227,-0.48225632867913315,0.0,262676.22825651424,6289.04227705235,20407997.571559515,401.8262013907958,312.81282692872367
0.25,0.83,0.015,268.8340069223247,1.643661629293112,-0.4822810422851921,0.0,262676.22922741715,6289.042276962764,20407997.923439275,401.82620290145195,312.8128275167299
0.25,0.85,-0.005,268.8254381810496,1.3652524748275658,-0.3632097858780215,0.0,262673.2590865513,6289.042074372007,20407153.17497308,401.8223770789711,312.8113383540175
0.25,0.85,0.005,268.8254381810496,1.365268252145324,-0.36318793911171937,0.0,262673.25799922296,6289.042074462559,20407152.78370052,401.82237539481974,312.8113376984771
0.25,0.85,0.015,268.8254381810496,1.3652524748275658,-0.3632097858780215,0.0,262673.2590865513,6289.042074372007,20407153.17497308,401.8223770789711,312.8113383540175
0.25,0.87,-0.005,268.81804882843295,1.082349577760251,-0.2358954961870184,0.0,262670.6877188767,6289.041824366226,20406422.355394006,401.8190314993724,312.81003611518025
0.25,0.87,0.005,268.81804882843295,1.082363632839972,-0.23587655372121574,0.0,262670.6865223738,6289.041824457656,20406421.92719916,401.81902965258826,312.8100353963335
0.25,0.87,0.015,268.81804882843295,1.082349577760251,-0.2358954961870184,0.0,262670.6877188767,6289.041824366226,20406422.355394006,401.8190314993724,312.81003611518025
0.25,0.89,-0.005,268.8118738812245,0.7950764413270479,-0.1002451506239132,0.0,262668.5312687662,6289.041524918717,20405808.82489547,401.81618007306673,312.80892621709415
0.25,0.89,0.005,268.8118738812245,0.7950886416202013,-0.100229137005912,0.0,262668.52997093525,6289.041525010919,20405808.362435024,401.81617807532893,312.80892543948704
0.25,0.89,0.015,268.8118738812245,0.7950764413270479,-0.1002451506239132,0.0,262668.5312687662,6289.041524918717,20405808.82489547,401.81618007306673,312.80892621709415
0.25,0.91,-0.005,268.80694386104614,0.5035528098415241,0.04383450800041746,0.0,262666.80490933,6289.041174323466,20405315.51416649,401.81383496157014,312.80801339561526
0.25,0.91,0.005,268.80694386104614,0.5035630301616456,0.04384758088922105,0.0,262666.8035185716,6289.041174416314,20405315.02026926,401.81383282531056,312.808012564087
0.25,0.91,0.015,268.80694386104614,0.5035528098415241,0.04383450800041746,0.0,262666.80490933,6289.041174323466,20405315.51416649,401.81383496157014,312.80801339561526
0.25,0.93,-0.005,268.8032848349151,0.20790468569818155,0.1964297077910811,0.0,262665.5226792197,6289.04077073941,20404944.914184716,401.81200631428993,312.80730160308354
0.25,0.93,0.005,268.8032848349151,0.20791280886955013,0.19643984068178405,0.0,262665.52120442997,6289.04077083275,20404944.39183219,401.8120040526048,312.807300722732
0.25,0.93,0.015,268.8032848349151,0.20790468569818155,0.1964297077910811,0.0,262665.5226792197,6289.04077073941,20404944.914184716,401.81200631428993,312.80730160308354
0.25,0.95,-0.005,268.80098249016214,-0.09178419341218257,0.35773150331956927,0.0,262664.6905822511,6289.040249903526,20404703.401736476,401.81069166326745,312.8067898802271
0.25,0.95,0.005,268.80098249016214,-0.09177827506055918,0.3577387067153374,0.0,262664.68903213565,6289.040249996305,20404702.85392017,401.81068928887026,312.80678895600136
0.25,0.95,0.015,268.80098249016214,-0.09178419341218257,0.35773150331956927,0.0,262664.6905822511,6289.040249903526,20404703.401736476,401.81069166326745,312.8067898802271
0.25,0.97,-0.005,268.80004052446776,-0.39510303946147196,0.5275176443622654,0.0,262664.3457927257,6289.039682888392,20404593.55571347,401.80993630109674,312.80649585802735
0.25,0.97,0.005,268.80004052446776,-0.3950994319142321,0.5275219514830426,0.0,262664.34417718975,6289.039682980965,20404592.985665496,401.8099338284385,312.806494895553
0.25,0.97,0.015,268.80004052446776,-0.39510303946147196,0.5275176443622654,0.0,262664.3457927257,6289.039682888392,20404593.55571347,401.80993630109674,312.80649585802735
0.25,0.99,-0.005,268.80051385043964,-0.7054932515829521,0.7092975358393603,0.0,262664.5051089693,6289.039041713272,20404619.875818882,401.8097467576976,312.80642207884955
0.25,0.99,0.005,268.80051385043964,-0.7054920393313413,0.7092989928938388,0.0,262664.5034355827,6289.039041805334,20404619.28601239,401.809744197565,312.8064210823258
0.25,0.99,0.015,268.80051385043964,-0.7054932515829521,0.7092975358393603,0.0,262664.5051089693,6289.039041713272,20404619.875818882,401.8097467576976,312.80642207884955
0.25,1.01,-0.005,268.8000324012535,-1.2633864967035227e-06,1.2701991506112904e-06,0.0,262664.2801769464,6289.040065625349,20404604.73576238,401.81016817244074,312.8065861132023
0.25,1.01,0.005,268.7995509520673,0.705493251582952,-0.7092975358393603,0.0,262664.0552441179,6289.038598745728,20404511.84850534,401.8090585778223,312.80615420682994
0.25,1.01,0.015,268.8000324012535,-1.2633864967035227e-06,1.2701991506112904e-06,0.0,262664.2801769464,6289.040065625349,20404604.73576238,401.81016817244074,312.8065861132023
0.3214285714285712,-0.01,-0.005,269.41594524520735,8.065458485219633,-6.593362205456301e-18,0.0,262870.1607794133,6289.038984623393,20464854.98874518,402.0753573262603,312.9097930975209
0.3214285714285712,-0.01,0.005,269.41594524520735,8.065458485219635,0.041144319582737066,0.0,262870.16077941336,6289.0389825182465,20464854.92284131,402.0753560314395,312.9097925936824
0.3214285714285712,-0.01,0.015,269.41594524520735,8.065458485219633,-6.593362205456301e-18,0.0,262870.1607794133,6289.038984623393,20464854.98874518,402.0753573262603,312.9097930975209
0.3214285714285712,0.01,-0.005,269.41594524520735,8.065458485219635,-0.041144319582737066,0.0,262870.16077941336,6289.0389825182465,20464854.922841314,402.0753560314395,312.90979259368237
0.3214285714285712,0.01,0.005,269.41594524520735,8.065453582566528,-0.041142394941531386,0.0,262870.16382751183,6289.0389825906495,20464855.98729275,402.07536075487286,312.90979443165696
0.3214285714285712,0.01,0.015,269.41594524520735,8.065458485219635,-0.041144319582737066,0.0,262870.16077941336,6289.0389825182465,20464854.922841314,402.0753560314395,312.90979259368237
0.3214285714285712,0.029999999999999995,-0.005,269.41470454150897,8.057908342622818,-0.12331442779917716,0.0,262869.7617394666,6289.038994626052,20464733.825273387,402.07482837562503,312.90958727305883
0.3214285714285712,0.029999999999999995,0.005,269.41470454150897,8.057903572880782,-0.12330872765424308,0.0,262869.76477725594,6289.038994698472,20464734.885969892,402.0748330825472,312.9095891046098
0.3214285714285712,0.029999999999999995,0.015,269.41470454150897,8.057908342622818,-0.12331442779917716,0.0,262869.7617394666,6289.038994626052,20464733.825273387,402.07482837562503,312.90958727305883
0.3214285714285712,0.05,-0.005,269.41222920315454,8.042773058026192,-0.2051202210656503,0.0,262868.9653091809,6289.039019196616,20464492.232260663,402.0737758783522,312.90917772652733
0.3214285714285712,0.05,0.005,269.41222920315454,8.04276855336251,-0.20511075142228286,0.0,262868.96833699103,6289.0390192690875,20464493.289141323,402.0737805685329,312.9091795515662
0.3214285714285712,0.05,0.015,269.41222920315454,8.042773058026192,-0.2051202210656503,0.0,262868.9653091809,6289.039019196616,20464492.232260663,402.0737758783522,312.90917772652733
0.3214285714285712,0.07,-0.005,269.4085292078793,8.02009472244638,-0.28631865869333284,0.0,262867.77465655666,6289.039055815543,20464131.110560898,402.0722025858707,312.908565527762
0.3214285714285712,0.07,0.005,269.4085292078793,8.020090612190826,-0.2863054659679087,0.0,262867.7776693492,6289.039055888088,20464132.1617072,402.07220725088996,312.90856734301366
0.3214285714285712,0.07,0.015,269.4085292078793,8.02009472244638,-0.28631865869333284,0.0,262867.77465655666,6289.039055815543,20464131.110560898,402.0722025858707,312.908565527762
0.3214285714285712,0.09,-0.005,269.4036193801955,7.989891698991593,-0.36666695736875693,0.0,262866.19431714236,6289.039104341126,20463651.908622853,402.07011478947896,312.90775312364906
0.3214285714285712,0.09,0.005,269.4036193801955,7.989888108732685,-0.36665010607912357,0.0,262866.1973098297,6289.039104413767,20463652.95210594,402.0701194208703,312.9077549258202
0.3214285714285712,0.09,0.015,269.4036193801955,7.989891698991593,-0.36666695736875693,0.0,262866.19431714236,6289.039104341126,20463651.908622853,402.07011478947896,312.90775312364906
0.3214285714285712,0.11,-0.005,269.3975194713835,7.952178694441081,-0.445922846233756,0.0,262864.2303047872,6289.039164704798,20463056.5599937,402.0675209457441,312.9067438032667
0.3214285714285712,0.11,0.005,269.3975194713835,7.952175744772888,-0.44590241856600216,0.0,262864.233272215,6289.039164777557,20463057.593870565,402.0675255349776,312.906745589039
0.3214285714285712,0.11,0.015,269.3975194713835,7.952178694441081,-0.445922846233756,0.0,262864.2303047872,6289.039164704798,20463056.5599937,402.0675209457441,312.9067438032667
0.3214285714285712,0.13,-0.005,269.3902540544463,7.906969933847461,-0.523844542309674,0.0,262861.89007463405,6289.039236824711,20462347.470290378,402.0644315784451,312.9055416597603
0.3214285714285712,0.13,0.005,269.3902540544463,7.906967739222205,-0.5238206375601981,0.0,262861.89301156916,6289.039236897609,20462348.49260171,402.06443611691697,312.9055434257869
0.3214285714285712,0.13,0.015,269.3902540544463,7.906969933847461,-0.523844542309674,0.0,262861.89007463405,6289.039236824711,20462347.470290378,402.0644315784451,312.9055416597603
0.3214285714285712,0.15,-0.005,269.3818523716397,7.854282787223881,-0.6001911231518685,0.0,262859.182515794,6289.039320616895,20461527.50257463,402.0608592201606,312.90415156765164
0.3214285714285712,0.15,0.005,269.3818523716397,7.854281454844377,-0.6001638570534783,0.0,262859.1854169156,6289.0393206899535,20461528.51134364,402.06086369918785,312.90415331055476
0.3214285714285712,0.15,0.015,269.3818523716397,7.854282787223881,-0.6001911231518685,0.0,262859.182515794,6289.039320616895,20461527.50257463,402.0608592201606,312.90415156765164
0.3214285714285712,0.17,-0.005,269.37234823816823,7.794137101833979,-0.6747226156443401,0.0,262856.11790955695,6289.039415966174,20460599.966960885,402.05681835341494,312.90257915998177
0.3214285714285712,0.17,0.005,269.37234823816823,7.794136730653569,-0.6746921195906121,0.0,262856.12076945114,6289.0394160394135,20460600.960192926,402.0568227642341,312.90258087635203
0.3214285714285712,0.17,0.015,269.37234823816823,7.794137101833979,-0.6747226156443401,0.0,262856.11790955695,6289.039415966174,20460599.966960885,402.05681835341494,312.90257915998177
0.3214285714285712,0.19,-0.005,269.361779909075,7.726554815866218,-0.7472000576316213,0.0,262852.7078882226,6289.039522717672,20459568.607258298,402.0523253486866,312.900830804238
0.3214285714285712,0.19,0.005,269.361779909075,7.726555495661318,-0.7471664778043795,0.0,262852.71070138074,6289.039522791115,20459569.582941733,402.0523296824567,312.90083249063576
0.3214285714285712,0.19,0.015,269.361779909075,7.726554815866218,-0.7472000576316213,0.0,262852.7078882226,6289.039522717672,20459568.607258298,402.0523253486866,312.900830804238
0.3214285714285712,0.21,-0.005,269.3501899052624,7.65156055968577,-0.8173857164237726,0.0,262848.965393076,6289.039640674477,20458437.583798464,402.0473983886249,312.89891357291947
0.3214285714285712,0.21,0.005,269.3501899052624,7.651562370220967,-0.8173492128326908,0.0,262848.9681538974,6289.039640748141,20458438.539906796,402.0474026364366,312.8989152258784
0.3214285714285712,0.21,0.015,269.3501899052624,7.65156055968577,-0.8173857164237726,0.0,262848.965393076,6289.039640674477,20458437.583798464,402.0473983886249,312.89891357291947
0.3214285714285712,0.23,-0.005,269.3376248517947,7.56918131868015,-0.8850431800320205,0.0,262844.90462700254,6289.03976959095,20457211.457325872,402.04205739494944,312.89683521514945
0.3214285714285712,0.23,0.005,269.3376248517947,7.569184328979913,-0.8850039254779453,0.0,262844.9073298014,6289.039769664856,20457212.391821068,402.0420615478399,312.8968368311822
0.3214285714285712,0.23,0.015,269.3376248517947,7.56918131868015,-0.8850431800320205,0.0,262844.90462700254,6289.03976959095,20457211.457325872,402.04205739494944,312.89683521514945
0.3214285714285712,0.25,-0.005,269.3241352831203,7.479446621367114,-0.9499375267773124,0.0,262840.54100287403,6289.039909167617,20455895.169695392,402.03632394207847,312.89460412312667
0.3214285714285712,0.25,0.005,269.3241352831203,7.479450889090436,-0.9498957057485854,0.0,262840.54364189156,6289.039909241787,20455896.080532607,402.0363279910519,312.89460569873296
0.3214285714285712,0.25,0.015,269.3241352831203,7.479446621367114,-0.9499375267773124,0.0,262840.54100287403,6289.039909167617,20455895.169695392,402.03632394207847,312.89460412312667
0.3214285714285712,0.27,-0.005,269.30977543056224,7.38238908158345,-1.0118356036548595,0.0,262835.89109085576,6289.0400590484915,20454494.02290785,402.03022116462165,312.8922292961904
0.3214285714285712,0.27,0.005,269.30977543056224,7.382394652503779,-1.0117914111668014,0.0,262835.89366027585,6289.0400591229445,20454494.90804143,402.0302251006755,312.8922308278671
0.3214285714285712,0.27,0.015,269.30977543056224,7.38238908158345,-1.0118356036548595,0.0,262835.89109085576,6289.0400590484915,20454494.02290785,402.03022116462165,312.8922292961904
0.3214285714285712,0.29,-0.005,269.2946030029218,7.278044324054624,-1.0705062025806706,0.0,262830.97255865746,6289.040218817133,20453013.65743218,402.023773661153,312.88972030343825
0.3214285714285712,0.29,0.005,269.2946030029218,7.278051231654691,-1.0704598429707266,0.0,262830.9750526283,6289.0402188918915,20453014.514823083,402.02377747531074,312.88972178769217
0.3214285714285712,0.29,0.015,269.2946030029218,7.278044324054624,-1.0705062025806706,0.0,262830.97255865746,6289.040218817133,20453013.65743218,402.023773661153,312.88972030343825
0.3214285714285712,0.31,-0.005,269.2786789573764,7.166451210435716,-1.1257203090212051,0.0,262825.80410924717,6289.040387987086,20451460.029401116,402.0170073903132,312.8870872433591
0.3214285714285712,0.31,0.005,269.2786789573764,7.166459475617813,-1.1256719947113454,0.0,262825.8065219061,6289.0403880621725,20451460.857025523,402.0170110736622,312.8870886767217
0.3214285714285712,0.31,0.015,269.2786789573764,7.166451210435716,-1.1257203090212051,0.0,262825.80410924717,6289.040387987086,20451460.029401116,402.0170073903132,312.8870872433591
0.3214285714285712,0.33,-0.005,269.2620672497113,7.047651891351452,-1.177251325347085,0.0,262820.4054132313,6289.040565996594,20449839.385919992,402.00994956062027,312.8843407010155
0.3214285714285712,0.33,0.005,269.2620672497113,7.0476615222577275,-1.1772012755832888,0.0,262820.4077387349,6289.04056607203,20449840.18177919,402.0099531043553,312.88434208006
0.3214285714285712,0.33,0.015,269.2620672497113,7.047651891351452,-1.177251325347085,0.0,262820.4054132313,6289.040565996594,20449839.385919992,402.00994956062027,312.8843407010155
0.3214285714285712,0.35,-0.005,269.24483458261517,6.921691915048602,-1.2248753224972575,0.0,262814.79703893285,6289.040752197696,20448158.24001353,402.0026285159596,312.8814917035426
0.3214285714285712,0.35,0.005,269.24483458261517,6.9217029069919755,-1.2248237620770654,0.0,262814.7992714904,6289.040752273504,20448159.00214495,402.0026319114318,312.8814930249026
0.3214285714285712,0.35,0.015,269.24483458261517,6.921691915048602,-1.2248753224972575,0.0,262814.79703893285,6289.040752197696,20448158.24001353,402.0026285159596,312.8814917035426
0.3214285714285712,0.37,-0.005,269.2270501446373,6.78862038745862,-1.2683713143167934,0.0,262809.00038091076,6289.040945847096,20446423.344717972,401.9950736180863,312.87855167448004
0.3214285714285712,0.37,0.005,269.2270501446373,6.78863272296316,-1.2683184723160916,0.0,262809.00251482194,6289.040945923302,20446424.071207233,401.9950768568565,312.87855293487075
0.3214285714285712,0.37,0.015,269.2270501446373,6.78862038745862,-1.2683713143167934,0.0,262809.00038091076,6289.040945847096,20446423.344717972,401.9950736180863,312.87855167448004
0.3214285714285712,0.39,-0.005,269.2087853423263,6.648490104909371,-1.3075215306781112,0.0,262803.03758658783,6289.041146097833,20444641.666536544,401.98731512662704,312.87553238712695
0.3214285714285712,0.39,0.005,269.2087853423263,6.648503753854851,-1.3074676391869948,0.0,262803.0396162825,6289.041146174464,20444642.355530284,401.987318200522,312.87553358336686
0.3214285714285712,0.39,0.015,269.2087853423263,6.648490104909371,-1.3075215306781112,0.0,262803.03758658783,6289.041146097833,20444641.666536544,401.98731512662704,312.87553238712695
0.3214285714285712,0.41,-0.005,269.19011351612596,6.501357553669777,-1.3421116581769983,0.0,262796.9314785115,6289.041351994148,20442820.35741097,401.97938407396697,312.87244591590064
0.3214285714285712,0.41,0.005,269.19011351612596,6.501372473536787,-1.3420569510545741,0.0,262796.9333985932,6289.041352071228,20442821.007130466,401.97938697514,312.8724470449351
0.3214285714285712,0.41,0.015,269.19011351612596,6.501357553669777,-1.3421116581769983,0.0,262796.9314785115,6289.041351994148,20442820.35741097,401.97938407396697,312.87244591590064
0.3214285714285712,0.43,-0.005,269.17110965944806,6.3472828657828035,-1.3719310699743203,0.0,262790.70547728223,6289.041562466765,20440966.72702496,401.97131214169605,312.8693045882962
0.3214285714285712,0.43,0.005,269.17110965944806,6.347299001990575,-1.3718757816304206,0.0,262790.7072825732,6289.0415625443275,20440967.335780244,401.9713148626896,312.8693056472217
0.3214285714285712,0.43,0.015,269.17110965944806,6.3472828657828035,-1.3719310699743203,0.0,262790.70547728223,6289.041562466765,20440966.72702496,401.97131214169605,312.8693045882962
0.3214285714285712,0.45,-0.005,269.1518501405826,6.186330590686263,-1.3967733590224112,0.0,262784.3835265949,6289.041776318146,20439088.215079185,401.9631315320126,312.8661209348766
0.3214285714285712,0.45,0.005,269.1518501405826,6.186347877014348,-1.3967177232332992,0.0,262784.3852121822,6289.041776396221,20439088.781283475,401.96313406582186,312.8661219209659
0.3214285714285712,0.45,0.015,269.1518501405826,6.186330590686263,-1.3967733590224112,0.0,262784.3835265949,6289.041776318146,20439088.215079185,401.9631315320126,312.8661209348766
0.3214285714285712,0.47,-0.005,269.1324124055658,6.018569604503443,-1.4164365784365789,0.0,262777.99001044873,6289.041992217899,20437192.362029213,401.95487483707166,312.86290763845597
0.3214285714285712,0.47,0.005,269.1324124055658,6.018587963594448,-1.4163808272031406,0.0,262777.99157173134,6289.041992296519,20437192.884213466,401.9548771772091,312.8629085491828
0.3214285714285712,0.47,0.015,269.1324124055658,6.018569604503443,-1.4164365784365789,0.0,262777.99001044873,6289.041992217899,20437192.362029213,401.95487483707166,312.86290763845597
0.3214285714285712,0.49,-0.005,269.11287469061375,5.844072892187803,-1.4307234241314961,0.0,262771.54967215366,6289.042208698639,20435286.78078324,401.9465749126389,312.85967748495005
0.3214285714285712,0.49,0.005,269.11287469061375,5.844092236123067,-1.4306677865858846,0.0,262771.55110488995,6289.04220877784,20435287.25761066,401.94657705319867,312.8596783180146
0.3214285714285712,0.49,0.015,269.11287469061375,5.844072892187803,-1.4307234241314961,0.0,262771.54967215366,6289.042208698639,20435286.78078324,401.9465749126389,312.85967748495005
0.3214285714285712,0.51,-0.005,269.0933157403577,5.662917580490484,-1.4394414922406011,0.0,262765.08753698476,6289.042424153463,20433379.129027355,401.938264755129,312.85644331553686
0.3214285714285712,0.51,0.005,269.0933157403577,5.6629378114333955,-1.439386193607948,0.0,262765.08883733896,6289.042424233281,20433379.559307545,401.9382666908499,312.8564440688898
0.3214285714285712,0.51,0.015,269.0933157403577,5.662917580490484,-1.4394414922406011,0.0,262765.08753698476,6289.042424153463,20433379.129027355,401.938264755129,312.85644331553686
0.3214285714285712,0.53,-0.005,269.07381451996844,5.475185119451634,-1.442403590671564,0.0,262758.62883078837,6289.042636826547,20431477.080747753,401.9299773716779,312.8532179760965
0.3214285714285712,0.53,0.005,269.07381451996844,5.475206130343431,-1.442348851287909,0.0,262758.6299953751,6289.042636907019,20431477.463450354,401.92997909800283,312.8532186479627
0.3214285714285712,0.53,0.015,269.07381451996844,5.475185119451634,-1.442403590671564,0.0,262758.62883078837,6289.042636826547,20431477.080747753,401.9299773716779,312.8532179760965
0.3214285714285712,0.55,-0.005,269.0544499143832,5.280961325545684,-1.4394280043590642,0.0,262752.1988987355,6289.04284481687,20429588.29691061,401.921745652602,312.85001426757333
0.3214285714285712,0.55,0.005,269.0544499143832,5.280983000848184,-1.4393740387494185,0.0,262752.19992466364,6289.042844898033,20429588.631178264,401.9217471657364,312.8500148564742
0.3214285714285712,0.55,0.015,269.0544499143832,5.280961325545684,-1.4394280043590642,0.0,262752.1988987355,6289.04284481687,20429588.29691061,401.921745652602,312.85001426757333
0.3214285714285712,0.57,-0.005,269.03530045673824,5.080336757855345,-1.4303389200654641,0.0,262745.8231281882,6289.043046068374,20427720.398586847,401.9136022480254,312.84684489795063
0.3214285714285712,0.57,0.005,269.03530045673824,5.0803589743338655,-1.430285936084895,0.0,262745.8240131011,6289.043046150269,20427720.683747232,401.91360354499034,312.84684540272497
0.3214285714285712,0.57,0.015,269.03530045673824,5.080336757855345,-1.4303389200654641,0.0,262745.8231281882,6289.043046068374,20427720.398586847,401.9136022480254,312.84684489795063
0.3214285714285712,0.59,-0.005,269.01644404673794,4.873406397444578,-1.4149664942061133,0.0,262739.52686819836,6289.043238371262,20425880.93944877,401.90557944688584,312.8437224351436
0.3214285714285712,0.59,0.005,269.01644404673794,4.873429024987917,-1.414914692247835,0.0,262739.52761031094,6289.043238453929,20425881.17502548,401.90558052556594,312.8437228549665
0.3214285714285712,0.59,0.015,269.01644404673794,4.873406397444578,-1.4149664942061133,0.0,262739.52686819836,6289.043238371262,20425880.93944877,401.90557944688584,312.8437224351436
0.3214285714285712,0.61,-0.005,268.99795766989354,4.660269726735555,-1.3931470985991508,0.0,262733.3353532723,6289.043419368715,20424077.378530916,401.89770905955567,312.84065926129193
0.3214285714285712,0.61,0.005,268.99795766989354,4.660292629198256,-1.39309667086646,0.0,262733.33595140436,6289.043419452187,20424077.564253107,401.8977099187419,312.84065959569097
0.3214285714285712,0.61,0.015,268.99795766989354,4.660269726735555,-1.3931470985991508,0.0,262733.3353532723,6289.043419368715,20424077.378530916,401.89770905955567,312.84065926129193
0.3214285714285712,0.63,-0.005,268.9799171243815,4.44103018355223,-1.364723210698266,0.0,262727.27362724685,6289.043586568697,20422317.05390422,401.890022306777,312.83766752950163
0.3214285714285712,0.63,0.005,268.9799171243815,4.4410532196189525,-1.3646743405432165,0.0,262727.27408085245,6289.0435866530115,20422317.189714845,401.89002294620326,312.8376677783715
0.3214285714285712,0.63,0.015,268.9799171243815,4.44103018355223,-1.364723210698266,0.0,262727.27362724685,6289.043586568697,20422317.05390422,401.890022306777,312.83766752950163
0.3214285714285712,0.6499999999999999,-0.005,268.96239676213605,4.215795710702455,-1.3295438580075498,0.0,262721.3664696316,6289.043737338494,20420607.157211263,401.88254970402136,312.83475911880043
0.3214285714285712,0.6499999999999999,0.005,268.96239676213605,4.215818734758963,-1.329496719330535,0.0,262721.3667788229,6289.043737423681,20420607.24327365,401.8825501243933,312.83475928241404
0.3214285714285712,0.6499999999999999,0.015,268.96239676213605,4.215795710702455,-1.3295438580075498,0.0,262721.3664696316,6289.043737338494,20420607.157211263,401.88254970402136,312.83475911880043
0.3214285714285712,0.67,-0.005,268.94546922899724,3.984678760025718,-1.2874647512480883,0.0,262715.6383216671,6289.043868909448,20418954.708435472,401.87532095163306,312.831945591337
0.3214285714285712,0.67,0.005,268.94546922899724,3.984701623038406,-1.2874195079610602,0.0,262715.63848723355,6289.043868995536,20418954.745138284,401.8753211546498,312.83194567035423
0.3214285714285712,0.67,0.015,268.94546922899724,3.984678760025718,-1.2874647512480883,0.0,262715.6383216671,6289.043868909448,20418954.708435472,401.87532095163306,312.831945591337
0.3214285714285712,0.69,-0.005,268.92920519829494,3.747795897577307,-1.2383481545468054,0.0,262710.1132162422,6289.043978402511,20417366.530684333,401.86836483484575,312.8292381534184
0.3214285714285712,0.69,0.005,268.92920519829494,3.7478184479850647,-1.2383049601033969,0.0,262710.11323966424,6289.043978489524,20417366.51864467,401.8683648232139,312.8292381488911
0.3214285714285712,0.69,0.015,268.92920519829494,3.747795897577307,-1.2383481545468054,0.0,262710.1132162422,6289.043978402511,20417366.530684333,401.86836483484575,312.8292381534184
0.3214285714285712,0.71,-0.005,268.91367311382095,3.5052669414847797,-1.1820624237974429,0.0,262704.8147057518,6289.044062847588,20415849.225703,401.8617091239679,312.8266476166078
0.3214285714285712,0.71,0.005,268.91367311382095,3.505289026083084,-1.1820214207780746,0.0,262704.8145892084,6289.044062935539,20415849.165767696,401.86170890140676,312.82664752998215
0.3214285714285712,0.71,0.015,268.91367311382095,3.5052669414847797,-1.1820624237974429,0.0,262704.8147057518,6289.044062847588,20415849.225703,401.8617091239679,312.8266476166078
0.3214285714285712,0.73,-0.005,268.8989389519993,3.257214772036168,-1.1184818756863073,0.0,262699.7657986353,6289.0441192029075,20414409.151272077,401.85538048281154,312.82418436202727
0.3214285714285712,0.73,0.005,268.8989389519993,3.2572362368529375,-1.1184431954369707,0.0,262699.7655450059,6289.044119291803,20414409.04451702,401.85538005404953,312.82418419514244
0.3214285714285712,0.73,0.015,268.8989389519993,3.257214772036168,-1.1184818756863073,0.0,262699.7657986353,6289.0441192029075,20414409.151272077,401.85538048281154,312.82418436202727
0.3214285714285712,0.7499999999999999,-0.005,268.8850659740846,3.003765613278645,-1.0474869175967014,0.0,262694.98889617494,6289.044144378601,20413052.39776426,401.84940437534993,312.8218583039681
0.3214285714285712,0.7499999999999999,0.005,268.8850659740846,3.003786304441021,-1.0474506799193595,0.0,262694.98850903544,6289.04414446844,20413052.245491903,401.84940374611364,312.8218580590519
0.3214285714285712,0.7499999999999999,0.015,268.8850659740846,3.003765613278645,-1.0474869175967014,0.0,262694.98889617494,6289.044144378601,20413052.39776426,401.84940437534993,312.8218583039681
0.3214285714285712,0.77,-0.005,268.87211445849687,2.7450477468636776,-0.9689631537049781,0.0,262690.50572067266,6289.044135268768,20411784.763024703,401.84380496896836,312.81967885217296
0.3214285714285712,0.77,0.005,268.87211445849687,2.745067511443101,-0.9689294665895505,0.0,262690.5052042853,6289.044135359534,20411784.56675948,401.84380414596205,312.81967853183386
0.3214285714285712,0.77,0.015,268.87211445849687,2.7450477468636776,-0.9689631537049781,0.0,262690.50572067266,6289.044135268768,20411784.763024703,401.84380496896836,312.81967885217296
0.3214285714285712,0.79,-0.005,268.8601414387208,2.481190242390437,-0.8828004475439203,0.0,262686.33724668436,6289.04408878266,20410611.72777034,401.83860503955896,312.81765487483386
0.3214285714285712,0.79,0.005,268.8601414387208,2.4812089292149606,-0.8827694069324985,0.0,262686.3366059812,6289.044088874327,20410611.489252195,401.8386040304351,312.81765448204965
0.3214285714285712,0.79,0.015,268.8601414387208,2.481190242390437,-0.8828004475439203,0.0,262686.33724668436,6289.04408878266,20410611.72777034,401.83860503955896,312.81765487483386
0.3214285714285712,0.81,-0.005,268.8492004619789,2.212322928709585,-0.7888927837605242,0.0,262682.50364360376,6289.044001875883,20409538.433022525,401.8338258855696,312.815794665076
0.3214285714285712,0.81,0.005,268.8492004619789,2.212340389142129,-0.7888644733419986,0.0,262682.5028841644,6289.04400196841,20409538.15419846,401.8338246988918,312.81579420317917
0.3214285714285712,0.81,0.015,268.8492004619789,2.212322928709585,-0.7888927837605242,0.0,262682.50364360376,6289.044001875883,20409538.433022525,401.8338258855696,312.815794665076
0.3214285714285712,0.83,-0.005,268.8393413110006,1.9385733297645082,-0.6871359268056276,0.0,262679.0242156829,6289.043871619877,20408569.655123297,401.82948724965416,312.81410591039975
0.3214285714285712,0.83,0.005,268.8393413110006,1.9385894184438348,-0.687110417837409,0.0,262679.02334370586,6289.04387171321,20408569.338136934,401.82948589485056,312.81410538305954
0.3214285714285712,0.83,0.015,268.8393413110006,1.9385733297645082,-0.6871359268056276,0.0,262679.0242156829,6289.043871619877,20408569.655123297,401.82948724965416,312.81410591039975
0.3214285714285712,0.8500000000000001,-0.005,268.83060972169574,1.660064565229386,-0.5774256331971981,0.0,262675.9173476583,6289.043695267504,20407709.78022634,401.82560723616257,312.8125956605056
0.3214285714285712,0.8500000000000001,0.005,268.83060972169574,1.6600791407988746,-0.5774029843608576,0.0,262675.91636992956,6289.0436953615745,20407709.42740648,401.825605723475,312.81259507170824
0.3214285714285712,0.8500000000000001,0.015,268.83060972169574,1.660064565229386,-0.5774256331971981,0.0,262675.9173476583,6289.043695267504,20407709.78022634,401.82560723616257,312.8125956605056
0.3214285714285712,0.87,-0.005,268.82304717705404,1.3769158731416102,-0.4596577059323225,0.0,262673.2004733051,6289.043470298408,20406962.785612375,401.82220224915216,312.81127030310904
0.3214285714285712,0.87,0.005,268.82304717705404,1.3769287990236911,-0.45963796325580797,0.0,262673.1993971627,6289.04347039313,20406962.39946056,401.82220058958103,312.8112696571361
0.3214285714285712,0.87,0.015,268.82304717705404,1.3769158731416102,-0.4596577059323225,0.0,262673.2004733051,6289.043470298408,20406962.785612375,401.82220224915216,312.81127030310904
0.3214285714285712,0.89,-0.005,268.8166907244505,1.089241338672573,-0.33372658528854826,0.0,262670.8900520995,6289.043194475029,20406332.22362341,401.8192869471115,312.8101355462643
0.3214285714285712,0.89,0.005,268.8166907244505,1.0892524839200273,-0.3337097821511669,0.0,262670.88888539653,6289.043194570303,20406331.80680074,401.819285152357,312.81013484766993
0.3214285714285712,0.89,0.015,268.8166907244505,1.089241338672573,-0.33372658528854826,0.0,262670.8900520995,6289.043194475029,20406332.22362341,401.8192869471115,312.8101355462643
0.3214285714285712,0.91,-0.005,268.8115729900687,0.7971495446452213,-0.19952424244494027,0.0,262669.00160180824,6289.042865887548,20405821.2245348,401.81687427609495,312.8091964312129
0.3214285714285712,0.91,0.005,268.8115729900687,0.797158784918562,-0.19951039971381476,0.0,262669.00035287027,6289.042865983256,20405820.77984715,401.8168723584915,312.80919568479834
0.3214285714285712,0.91,0.015,268.8115729900687,0.7971495446452213,-0.19952424244494027,0.0,262669.00160180824,6289.042865887548,20405821.2245348,401.81687427609495,312.8091964312129
0.3214285714285712,0.93,-0.005,268.8077221487411,0.5007524495542163,-0.0569462340105351,0.0,262667.5497069554,6289.042482951683,20405432.49358919,401.81497545471143,312.8084573264977
0.3214285714285712,0.93,0.005,268.8077221487411,0.5007596679411875,-0.05693536012373747,0.0,262667.5483845248,6289.042483047688,20405432.02396862,401.81497342714357,312.8084565372783
0.3214285714285712,0.93,0.015,268.8077221487411,0.5007524495542163,-0.0569462340105351,0.0,262667.5497069554,6289.042482951683,20405432.49358919,401.81497545471143,312.8084573264977
0.3214285714285712,0.9500000000000001,-0.005,268.80516181745173,0.2001696384803049,0.09410553473719253,0.0,262666.54781565256,6289.042043986079,20405168.287432615,401.81359966781577,312.8079218086958
0.3214285714285712,0.9500000000000001,0.005,268.80516181745173,0.20017472604115152,0.09411344377934353,0.0,262666.5464288187,6289.042044082216,20405167.795914207,401.8135975436129,312.8079209818604
0.3214285714285712,0.9500000000000001,0.015,268.80516181745173,0.2001696384803049,0.09410553473719253,0.0,262666.54781565256,6289.042043986079,20405168.287432615,401.81359966781577,312.8079218086958
0.3214285714285712,0.97,-0.005,268.80397794251377,-0.10452929469437018,0.253844283802601,0.0,262666.00140231295,6289.04148312695,20405034.95861496,401.8127435701486,312.8075885767259
0.3214285714285712,0.97,0.005,268.80397794251377,-0.10452643820791273,0.25384924306686846,0.0,262665.99995996384,6289.0414832221495,20405034.44824274,401.8127413622488,312.80758771731087
0.3214285714285712,0.97,0.015,268.80397794251377,-0.10452929469437018,0.253844283802601,0.0,262666.00140231295,6289.04148312695,20405034.95861496,401.8127435701486,312.8075885767259
0.3214285714285712,0.99,-0.005,268.80427767236876,-0.4170401403770547,0.4257835308915203,0.0,262665.95077890623,6289.040798130594,20405042.92133349,401.81245207848474,312.8074751148926
0.3214285714285712,0.99,0.005,268.80427767236876,-0.4170396045251755,0.42578558039554165,0.0,262665.949288424,6289.040798224939,20405042.394483183,401.81244979742934,312.80747422700176
0.3214285714285712,0.99,0.015,268.80427767236876,-0.4170401403770547,0.4257835308915203,0.0,262665.95077890623,6289.040798130594,20405042.92133349,401.81245207848474,312.8074751148926
0.3214285714285712,1.01,-0.005,268.8038530802048,-6.586401263663113e-07,6.724487439837512e-07,0.0,262665.7539192632,6289.04104858124,20405009.199652977,401.8124226268635,312.80746365097787
0.3214285714285712,1.01,0.005,268.80342848804094,0.41704014037705467,-0.4257835308915203,0.0,262665.5570589983,6289.040415000497,20404947.88340886,401.81184978622673,312.8072406751806
0.3214285714285712,1.01,0.015,268.8038530802048,-6.586401263663113e-07,6.724487439837512e-07,0.0,262665.7539192632,6289.04104858124,20405009.199652977,401.8124226268635,312.80746365097787
0.39285714285714324,-0.01,-0.005,269.4187913995123,8.34255183752684,-3.2966462768623066e-18,0.0,262873.43639944936,6289.039481800451,20465149.224654436,402.0768906611686,312.9103897456899
0.39285714285714324,-0.01,0.005,269.4187913995123,8.34255183752684,0.04201511151365128,0.0,262873.43639944936,6289.039479605262,20465149.155930698,402.07688931095976,312.91038922029986
0.39285714285714324,-0.01,0.015,269.4187913995123,8.34255183752684,-3.2966462768623066e-18,0.0,262873.43639944936,6289.039481800451,20465149.224654436,402.0768906611686,312.9103897456899
0.39285714285714324,0.01,-0.005,269.4187913995123,8.34255183752684,-0.042015111513651275,0.0,262873.4363994494,6289.039479605262,20465149.155930705,402.07688931095987,312.9103892202999
0.39285714285714324,0.01,0.005,269.4187913995123,8.342546055440662,-0.04201321135899387,0.0,262873.43945244874,6289.039479685836,20465150.22423005,402.0768940551926,312.9103910663644
0.39285714285714324,0.01,0.015,269.4187913995123,8.34255183752684,-0.042015111513651275,0.0,262873.4363994494,6289.039479605262,20465149.155930705,402.07688931095987,312.9103892202999
0.39285714285714324,0.029999999999999995,-0.005,269.41756233480413,8.335058313115841,-0.1259319466765597,0.0,262873.0396097986,6289.039492449641,20465029.220714357,402.07636713237724,312.91018603135655
0.39285714285714324,0.029999999999999995,0.005,269.41756233480413,8.335052657377073,-0.12592632008466484,0.0,262873.0426520551,6289.039492530225,20465030.285114545,402.0763718594608,312.91018787074916
0.39285714285714324,0.029999999999999995,0.015,269.41756233480413,8.335058313115841,-0.1259319466765597,0.0,262873.0396097986,6289.039492449641,20465029.220714357,402.07636713237724,312.91018603135655
0.39285714285714324,0.05,-0.005,269.4151099192407,8.32002780656866,-0.20949999716961668,0.0,262872.24755134183,6289.039518623324,20464789.92166394,402.07532551628407,312.90978071967544
0.39285714285714324,0.05,0.005,269.4151099192407,8.320022402706197,-0.20949064900552972,0.0,262872.2505828237,6289.03951870395,20464790.98198486,402.0753302254612,312.90978255210274
0.39285714285714324,0.05,0.015,269.4151099192407,8.32002780656866,-0.20949999716961668,0.0,262872.24755134183,6289.039518623324,20464789.92166394,402.07532551628407,312.90978071967544
0.39285714285714324,0.07,-0.005,269.4114441476277,8.297500277745577,-0.2924866030681397,0.0,262871.0633927421,6289.039557718826,20464432.22741816,402.0737685207369,312.90917486353857
0.39285714285714324,0.07,0.005,269.4114441476277,8.297495248685234,-0.29247357808644375,0.0,262871.06640802464,6289.039557799511,20464433.281613316,402.07377320302146,312.909176685505
0.39285714285714324,0.07,0.015,269.4114441476277,8.297500277745577,-0.2924866030681397,0.0,262871.0633927421,6289.039557718826,20464432.22741816,402.0737685207369,312.90917486353857
0.39285714285714324,0.09,-0.005,269.4065796146162,8.267494168384633,-0.3746592775140464,0.0,262869.49160936836,6289.03960959484,20463957.563903544,402.07170233834086,312.9083708714482
0.39285714285714324,0.09,0.005,269.4065796146162,8.267489633541192,-0.3746426379401908,0.0,262869.4946029948,6289.039609675602,20463958.609921664,402.0717069847246,312.90837267944954
0.39285714285714324,0.09,0.015,269.4065796146162,8.267494168384633,-0.3746592775140464,0.0,262869.49160936836,6289.03960959484,20463957.563903544,402.07170233834086,312.9083708714482
0.39285714285714324,0.11,-0.005,269.40053577910476,8.23002382783203,-0.4557860634393818,0.0,262867.5381348091,6289.03967418993,20463367.83622666,402.0691353042069,312.90737198524675
0.39285714285714324,0.11,0.005,269.40053577910476,8.230019901957608,-0.455765888561765,0.0,262867.54110127705,6289.039674270787,20463368.872009132,402.069139905648,312.9073737757658
0.39285714285714324,0.11,0.015,269.40053577910476,8.23002382783203,-0.4557860634393818,0.0,262867.5381348091,6289.03967418993,20463367.83622666,402.0691353042069,312.90737198524675
0.39285714285714324,0.13,-0.005,269.3933368468512,8.18510294725637,-0.5356355052785629,0.0,262865.2103230856,6289.039751435603,20462665.414421123,402.0660777922404,312.90618223979124
0.39285714285714324,0.13,0.005,269.3933368468512,8.185099739365254,-0.5356118909274636,0.0,262865.2132568395,6289.039751516569,20462666.43790137,402.06608233966006,312.906184009296
0.39285714285714324,0.13,0.015,269.3933368468512,8.18510294725637,-0.5356355052785629,0.0,262865.2103230856,6289.039751435603,20462665.414421123,402.0660777922404,312.90618223979124
0.39285714285714324,0.15,-0.005,269.3850116251023,8.132748319284657,-0.613977017043546,0.0,262862.51694131165,6289.039841257638,20461853.119211666,402.06254215374355,312.9048064390994
0.39285714285714324,0.15,0.005,269.3850116251023,8.132745931603234,-0.6139500749600874,0.0,262862.5198367388,6289.03984133873,20461854.12831549,402.0625466380271,312.90480818404416
0.39285714285714324,0.15,0.015,269.3850116251023,8.132748319284657,-0.613977017043546,0.0,262862.51694131165,6289.039841257638,20461853.119211666,402.06254215374355,312.9048064390994
0.39285714285714324,0.16999999999999998,-0.005,269.3755934183497,8.072979092425662,-0.6905809657685776,0.0,262859.46812532574,6289.03994354876,20460934.21090055,402.0585426561974,312.9032501325717
0.39285714285714324,0.16999999999999998,0.005,269.3755934183497,8.072977619459829,-0.6905508228799064,0.0,262859.4709767548,6289.039943629992,20460935.203547094,402.0585470681987,312.90325184939826
0.39285714285714324,0.16999999999999998,0.015,269.3755934183497,8.072979092425662,-0.6905809657685776,0.0,262859.46812532574,6289.03994354876,20460934.21090055,402.0585426561974,312.9032501325717
0.39285714285714324,0.19,-0.005,269.36511989940016,8.00581634578726,-0.7652187306694022,0.0,262856.0753403514,6289.0400581634085,20459912.376522828,402.05409542506976,312.90151959239614
0.39285714285714324,0.19,0.005,269.36511989940016,8.00581587344445,-0.7651855282716794,0.0,262856.0781420547,6289.040058244799,20459913.35062677,402.0540997556203,312.9015212775373
0.39285714285714324,0.19,0.015,269.36511989940016,8.00581634578726,-0.7652187306694022,0.0,262856.0753403514,6289.0400581634085,20459912.376522828,402.05409542506976,312.90151959239614
0.39285714285714324,0.21,-0.005,269.3536329337605,7.931283781270694,-0.8376629264299774,0.0,262852.3513389596,6289.04018491494,20458791.712501068,402.0492183670257,312.8996217837202
0.39285714285714324,0.21,0.005,269.3536329337605,7.931284386067099,-0.8376268192877789,0.0,262852.35408515955,6289.040184996503,20458792.665975846,402.04922260694894,312.8996234336057
0.39285714285714324,0.21,0.015,269.3536329337605,7.931283781270694,-0.8376629264299774,0.0,262852.3513389596,6289.04018491494,20458791.712501068,402.0492183670257,312.8996217837202
0.39285714285714324,0.23,-0.005,269.34117841869966,7.8494072990394725,-0.9076874808743248,0.0,262848.3101125984,6289.04032356848,20457576.70859756,402.0439310968551,312.89756433627315
0.39285714285714324,0.23,0.005,269.34117841869966,7.849409047407569,-0.9076486362475754,0.0,262848.31279747706,6289.040323650229,20457577.639359724,402.0439352369851,312.89756594733666
0.39285714285714324,0.23,0.015,269.34117841869966,7.8494072990394725,-0.9076874808743248,0.0,262848.3101125984,6289.04032356848,20457576.70859756,402.0439310968551,312.89756433627315
0.39285714285714324,0.25,-0.005,269.32780608939646,7.7602151989676145,-0.9750677997396882,0.0,262843.96684008423,6289.040473835853,20456272.228705496,402.03825485150537,312.89535551097316
0.39285714285714324,0.25,0.005,269.32780608939646,7.760218146657365,-0.9750263963462962,0.0,262843.96945779776,6289.040473917805,20456273.13468028,402.0382588827113,312.8953570796617
0.39285714285714324,0.25,0.015,269.32780608939646,7.7602151989676145,-0.9750677997396882,0.0,262843.96684008423,6289.040473835853,20456272.228705496,402.03825485150537,312.89535551097316
0.39285714285714324,0.27,-0.005,269.3135693091874,7.6637387263285905,-1.0395810326199726,0.0,262839.33783456724,6289.040635370576,20454883.49008389,402.03221239731914,312.89300416389125
0.39285714285714324,0.27,0.005,269.3135693091874,7.663742917904901,-1.0395372595434922,0.0,262839.3403792643,6289.040635452744,20454884.36921194,402.032216310535,312.89300568667704
0.39285714285714324,0.27,0.015,269.3135693091874,7.6637387263285905,-1.0395810326199726,0.0,262839.33783456724,6289.040635370576,20454883.49008389,402.03221239731914,312.89300416389125
0.39285714285714324,0.29,-0.005,269.2985248527439,7.560011982680444,-1.101006235539914,0.0,262834.4404837493,6289.040807763361,20453416.04191582,402.0258279345474,312.890519709156
0.39285714285714324,0.29,0.005,269.2985248527439,7.560017451126285,-1.100960291093633,0.0,262834.4429495934,6289.040807845763,20453416.892161097,402.02583172080637,312.8905211825496
0.39285714285714324,0.29,0.015,269.2985248527439,7.560011982680444,-1.101006235539914,0.0,262834.4404837493,6289.040807763361,20453416.04191582,402.0258279345474,312.890519709156
0.39285714285714324,0.31,-0.005,269.28273267888136,7.449072113293585,-1.1591245944966821,0.0,262829.29318716325,6289.040990531746,20451875.74266821,402.0191269937669,312.8879120787073
0.39285714285714324,0.31,0.005,269.28273267888136,7.4490788797230705,-1.1590766850559397,0.0,262829.29556835943,6289.040990614395,20451876.562027045,402.019130644242,312.88791349927345
0.39285714285714324,0.31,0.015,269.28273267888136,7.449072113293585,-1.1591245944966821,0.0,262829.29318716325,6289.040990531746,20451875.74266821,402.0191269937669,312.8879120787073
0.39285714285714324,0.33,-0.005,269.2662556855997,7.330959386371533,-1.213719638579959,0.0,262823.91528971173,6289.0411831148085,20450268.73587351,402.01213632775085,312.88519168027887
0.39285714285714324,0.33,0.005,269.2662556855997,7.330967459840776,-1.2136699773901576,0.0,262823.9175805364,6289.041183197722,20450269.522384644,402.01213983379864,312.88519304465365
0.39285714285714324,0.33,0.015,269.2662556855997,7.330959386371533,-1.213719638579959,0.0,262823.91528971173,6289.0411831148085,20450268.73587351,402.01213632775085,312.88519168027887
0.39285714285714324,0.35,-0.005,269.24915946286023,7.205717272235288,-1.2645774622461239,0.0,262818.3270125441,6289.04138486273,20448601.425531335,402.00488379915856,312.8823693537516
0.39285714285714324,0.35,0.005,269.24915946286023,7.205726649656773,-1.2645262682174097,0.0,262818.32920737925,6289.041384945926,20448602.177287076,402.00488715236867,312.8823706586615
0.39285714285714324,0.35,0.015,269.24915946286023,7.205717272235288,-1.2645774622461239,0.0,262818.3270125441,6289.04138486273,20448601.425531335,402.00488379915856,312.8823693537516
0.39285714285714324,0.37,-0.005,269.2315120369086,7.0733925702848435,-1.3114869636139608,0.0,262812.5493819727,6289.041595026537,20446880.450692363,401.99739826464395,312.87945632610933
0.39285714285714324,0.37,0.005,269.2315120369086,7.073403236444158,-1.311434460113015,0.0,262812.55147534225,6289.041595110033,20446881.165850453,401.99740145689134,312.8794575683918
0.39285714285714324,0.37,0.015,269.2315120369086,7.0733925702848435,-1.3114869636139608,0.0,262812.5493819727,6289.041595026537,20446880.450692363,401.99739826464395,312.87945632610933
0.39285714285714324,0.39,-0.005,269.213383609177,6.934035498746455,-1.3542400734374347,0.0,262806.60415687604,6289.041812748771,20445112.659546424,401.98970945715445,312.8764641656866
0.39285714285714324,0.39,0.005,269.213383609177,6.934047426417148,-1.3541864870858178,0.0,262806.6061434858,6289.041812832587,20445113.336342696,401.9897124806558,312.87646534231175
0.39285714285714324,0.39,0.015,269.213383609177,6.934035498746455,-1.3542400734374347,0.0,262806.60415687604,6289.041812748771,20445112.659546424,401.98970945715445,312.8764641656866
0.39285714285714324,0.41000000000000003,-0.005,269.1948462785757,6.787699735007602,-1.392631976391194,0.0,262800.51375277305,6289.042037058728,20443305.08203289,401.981847863792,312.8734047346836
0.39285714285714324,0.41000000000000003,0.005,269.1948462785757,6.7877128851593485,-1.3925775358789212,0.0,262800.5156275518,6289.042037142883,20443305.71879442,401.98185071116336,312.8734058427769
0.39285714285714324,0.41000000000000003,0.015,269.1948462785757,6.787699735007602,-1.392631976391194,0.0,262800.51375277305,6289.042037058728,20443305.08203289,401.981847863792,312.8734047346836
0.39285714285714324,0.43,-0.005,269.17597376903154,6.634442343153968,-1.4264612981059261,0.0,262794.3011664313,6289.042266867645,20441464.90297092,401.97384460584584,312.87029014252056
0.39285714285714324,0.43,0.005,269.17597376903154,6.634456665248704,-1.4264062330283538,0.0,262794.3029245745,6289.042266952163,20441465.498129603,401.9738472701632,312.8702911793862
0.39285714285714324,0.43,0.015,269.17597376903154,6.634442343153968,-1.4264612981059261,0.0,262794.3011664313,6289.042266867645,20441464.90297092,401.97384460584584,312.87029014252056
0.39285714285714324,0.45000000000000007,-0.005,269.15684115972203,6.474324448413955,-1.4555305503725449,0.0,262787.9899026304,6289.042500954613,20439599.4351709,401.9657313141942,312.8671326973835
0.39285714285714324,0.45000000000000007,0.005,269.15684115972203,6.474339880781796,-1.4554750900973892,0.0,262787.991539644,6289.042501039519,20439599.98727719,401.9657337890541,312.86713366052817
0.39285714285714324,0.45000000000000007,0.015,269.15684115972203,6.474324448413955,-1.4555305503725449,0.0,262787.9899026304,6289.042500954613,20439599.4351709,401.9657313141942,312.8671326973835
0.39285714285714324,0.47,-0.005,269.13752459879413,6.307411201072181,-1.479646346061058,0.0,262781.6038941754,6289.042737961332,20437716.09121426,401.9575400029265,312.8639448570702
0.39285714285714324,0.47,0.005,269.13752459879413,6.307427671363656,-1.4795907186331685,0.0,262781.60540592053,6289.042738046648,20437716.59895091,401.95754228250735,312.8639457442269
0.39285714285714324,0.47,0.015,269.13752459879413,6.307411201072181,-1.479646346061058,0.0,262781.6038941754,6289.042737961332,20437716.09121426,401.9575400029265,312.8639448570702
0.39285714285714324,0.49,-0.005,269.11810102672126,6.133771533171819,-1.4986195264684814,0.0,262775.1674233381,6289.042976387806,20435822.35621567,401.94930294761883,312.86073918163953
0.39285714285714324,0.49,0.005,269.11810102672126,6.1337889588806425,-1.4985639575587402,0.0,262775.16880607477,6289.042976473561,20435822.818411205,401.94930502673964,312.8607399907904
0.39285714285714324,0.49,0.015,269.11810102672126,6.133771533171819,-1.4986195264684814,0.0,262775.1674233381,6289.042976387806,20435822.35621567,401.94930294761883,312.86073918163953
0.39285714285714324,0.51,-0.005,269.0986479046592,5.953478108570375,-1.5122653315421113,0.0,262768.7050468671,6289.043214590651,20433925.761164457,401.94105256725265,312.85752828747127
0.39285714285714324,0.51,0.005,269.0986479046592,5.953496397621916,-1.5122100434467618,0.0,262768.70629729785,6289.043214676871,20433926.176806297,401.9410544414324,312.85752901687084
0.39285714285714324,0.51,0.015,269.0986479046592,5.953478108570375,-1.5122653315421113,0.0,262768.7050468671,6289.043214590651,20433925.761164457,401.94105256725265,312.85752828747127
0.39285714285714324,0.53,-0.005,269.0792429392331,5.76660748323056,-1.5204036403095582,0.0,262762.2415182264,6289.043450774471,20432033.855710384,401.9328213002497,312.8543247990279
0.39285714285714324,0.53,0.005,269.0792429392331,5.76662653462096,-1.5203488510010026,0.0,262762.24263353704,6289.043450861185,20432034.223957267,401.93282296576126,312.85432544722386
0.39285714285714324,0.53,0.015,269.0792429392331,5.76660748323056,-1.5204036403095582,0.0,262762.2415182264,6289.043450774471,20432033.855710384,401.9328213002497,312.8543247990279
0.39285714285714324,0.55,-0.005,269.05996379448453,5.573240223737413,-1.5228592070050884,0.0,262755.80171051284,6289.043682996023,20430154.180101007,401.92464148270153,312.8511413014623
0.39285714285714324,0.55,0.005,269.05996379448453,5.573259928217614,-1.5228051292376896,0.0,262755.80268841254,6289.043683083259,20430154.500294708,401.9246429366247,312.8511418673165
0.39285714285714324,0.55,0.015,269.05996379448453,5.573240223737413,-1.5228592070050884,0.0,262755.80171051284,6289.043682996023,20430154.180101007,401.92464148270153,312.8511413014623
0.39285714285714324,0.57,-0.005,269.0408878336547,5.373461163620206,-1.5194619594627619,0.0,262749.4105428009,6289.043909155366,20428294.23964277,401.91654523138556,312.847990295081
0.39285714285714324,0.57,0.005,269.0408878336547,5.373481404421107,-1.5194087999375525,0.0,262749.4113815579,6289.043909243153,20428294.5113187,401.91654647165336,312.8479907777873
0.39285714285714324,0.57,0.015,269.0408878336547,5.373461163620206,-1.5194619594627619,0.0,262749.4105428009,6289.043909155366,20428294.23964277,401.91654523138556,312.847990295081
0.39285714285714324,0.59,-0.005,269.02209185164185,5.167359083008069,-1.5100470048683692,0.0,262743.09290386457,6289.044126997658,20426461.47859056,401.90856432918474,312.8448841507348
0.39285714285714324,0.59,0.005,269.02209185164185,5.167379736603942,-1.5099949634607597,0.0,262743.0936023388,6289.044127086025,20426461.701487213,401.90856535462547,312.8448845498354
0.39285714285714324,0.59,0.015,269.02209185164185,5.167359083008069,-1.5100470048683692,0.0,262743.09290386457,6289.044126997658,20426461.47859056,401.90856432918474,312.8448841507348
0.39285714285714324,0.61,-0.005,269.00365180857284,4.9550267835231345,-1.4944548011379095,0.0,262736.8735808581,6289.044334121421,20424663.254357748,401.90073011487374,312.8418350669011
0.39285714285714324,0.61,0.005,269.00365180857284,4.955047720415649,-1.4944040701840167,0.0,262736.8741385303,6289.0443342103945,20424663.42842485,401.900730925247,312.84183538230076
0.39285714285714324,0.61,0.015,269.00365180857284,4.9550267835231345,-1.4944548011379095,0.0,262736.8735808581,6289.044334121421,20424663.254357748,401.90073011487374,312.8418350669011
0.39285714285714324,0.63,-0.005,268.9856425723601,4.736560532027896,-1.4725309836669305,0.0,262730.7771876343,6289.044527990007,20422906.81271337,401.893073378642,312.83885502899307
0.39285714285714324,0.63,0.005,268.9856425723601,4.736581617552983,-1.4724817473119152,0.0,262730.7776046304,6289.044528079607,20422906.938118532,401.89307397466825,312.8388552609704
0.39285714285714324,0.63,0.015,268.9856425723601,4.736560532027896,-1.4725309836669305,0.0,262730.7771876343,6289.044527990007,20422906.81271337,401.893073378642,312.83885502899307
0.39285714285714324,0.6500000000000001,-0.005,268.96813767373703,4.512060519034232,-1.444126673503241,0.0,262724.8280960037,6289.044705928022,20421199.263738934,401.88562425367587,312.8359557671268
0.39285714285714324,0.6500000000000001,0.005,268.96813767373703,4.512081614177875,-1.444079107106789,0.0,262724.82837311405,6289.044706018272,20421199.340872686,401.8856246370588,312.8359559163433
0.39285714285714324,0.6500000000000001,0.015,268.96813767373703,4.512060519034232,-1.444126673503241,0.0,262724.8280960037,6289.044705928022,20421199.263738934,401.88562425367587,312.8359557671268
0.39285714285714324,0.67,-0.005,268.9512090623593,4.281630821739694,-1.4090985089395844,0.0,262719.05036719353,6289.044865126856,20419547.558180347,401.87841211369755,312.8331487162029
0.39285714285714324,0.67,0.005,268.9512090623593,4.281651783964835,-1.4090527785413018,0.0,262719.05050588713,6289.044865217772,20419547.587659396,401.878412287138,312.8331487837083
0.39285714285714324,0.67,0.015,268.9512090623593,4.281630821739694,-1.4090985089395844,0.0,262719.05036719353,6289.044865126856,20419547.558180347,401.87841211369755,312.8331487162029
0.39285714285714324,0.69,-0.005,268.93492685249475,4.045379061041788,-1.3673084804356466,0.0,262713.4676863819,6289.045002670338,20417958.463416606,401.8714654783156,312.8304449790215
0.39285714285714324,0.69,0.005,268.93492685249475,4.045399745126484,-1.367264742281271,0.0,262713.467688815,6289.045002761932,20417958.446085338,401.87146544551865,312.8304449662563
0.39285714285714324,0.69,0.015,268.93492685249475,4.045379061041788,-1.3673084804356466,0.0,262713.4676863819,6289.045002670338,20417958.463416606,401.8714654783156,312.8304449790215
0.39285714285714324,0.7099999999999999,-0.005,268.9193590834944,3.8034155804726026,-1.3186234478860515,0.0,262708.1032960677,6289.045115552913,20416438.540646154,401.8648119200751,312.8278552900547
0.39285714285714324,0.7099999999999999,0.005,268.9193590834944,3.803435839342902,-1.31858184800479,0.0,262708.10316508607,6289.0451156451845,20416438.47757616,401.8648116857468,312.8278551988494
0.39285714285714324,0.7099999999999999,0.015,268.9193590834944,3.8034155804726026,-1.3186234478860515,0.0,262708.1032960677,6289.045115552913,20416438.540646154,401.8648119200751,312.8278552900547
0.39285714285714324,0.73,-0.005,268.9045714957513,3.555853163884903,-1.262914892242817,0.0,262702.9799371584,6289.045200698652,20414994.123620126,401.8584779786585,312.82538998199874
0.39285714285714324,0.73,0.005,268.9045714957513,3.555872849440958,-1.2628755660738369,0.0,262702.97967629513,6289.045200791599,20414994.0161079,401.85847754849704,312.82538981456986
0.39285714285714324,0.73,0.015,268.9045714957513,3.555853163884903,-1.262914892242817,0.0,262702.9799371584,6289.045200698652,20414994.123620126,401.8584779786585,312.82538998199874
0.39285714285714324,0.75,-0.005,268.8906272941357,3.3028073300250362,-1.200058978989578,0.0,262698.11979099736,6289.0452549856245,20413631.296320282,401.85248907291094,312.8230589514757
0.39285714285714324,0.75,0.005,268.8906272941357,3.3028262939591735,-1.2000220510551793,0.0,262698.1194044624,6289.045255079234,20413631.145882886,401.85248845358586,312.8230587104181
0.39285714285714324,0.75,0.015,268.8906272941357,3.3028073300250362,-1.200058978989578,0.0,262698.11979099736,6289.0452549856245,20413631.296320282,401.85248907291094,312.8230589514757
0.39285714285714324,0.77,-0.005,268.87758689933474,3.044395278743953,-1.1299357865544382,0.0,262693.5444138057,6289.045275274725,20412355.869595464,401.84686941034204,312.82087162375103
0.39285714285714324,0.77,0.005,268.87758689933474,3.044413373340926,-1.1299013701716918,0.0,262693.5439064713,6289.045275368972,20412355.677964274,401.846868609467,312.82087131202724
0.39285714285714324,0.77,0.015,268.87758689933474,3.044395278743953,-1.1299357865544382,0.0,262693.5444138057,6289.045275274725,20412355.869595464,401.84686941034204,312.82087162375103
0.39285714285714324,0.7900000000000001,-0.005,268.8655077040026,2.7807348174668514,-1.0524284757026872,0.0,262689.27467354055,6289.045258437527,20411173.358240236,401.8416418980786,312.8188369180143
0.39285714285714324,0.7900000000000001,0.005,268.8655077040026,2.780751896377194,-1.052396672725383,0.0,262689.2740509192,6289.045258532375,20411173.127352666,401.8416409241743,312.81883653894016
0.39285714285714324,0.7900000000000001,0.015,268.8655077040026,2.7807348174668514,-1.0524284757026872,0.0,262689.27467354055,6289.045258437527,20411173.358240236,401.8416418980786,312.8188369180143
0.39285714285714324,0.81,-0.005,268.85444384670916,2.511944318790828,-0.9674230836291737,0.0,262685.33069755416,6289.045201385936,20410088.959872127,401.8368280625921,312.8169632160745
0.39285714285714324,0.81,0.005,268.85444384670916,2.5119602377811496,-0.9673939842207936,0.0,262685.3299657712,6289.045201481337,20410088.691861406,401.83682692504124,312.8169627733012
0.39285714285714324,0.81,0.015,268.85444384670916,2.511944318790828,-0.9674230836291737,0.0,262685.33069755416,6289.045201385936,20410088.959872127,401.8368280625921,312.8169632160745
0.39285714285714324,0.83,-0.005,268.84444596022064,2.2381399487542004,-0.8748064170083254,0.0,262681.7318176263,6289.045101132531,20409107.532254584,401.8324479771925,312.81525833407835
0.39285714285714324,0.83,0.005,268.84444596022064,2.2381545664318354,-0.8747800994432879,0.0,262681.73098338593,6289.045101228426,20409107.229437567,401.83244668618545,312.815257831572
0.39285714285714324,0.83,0.015,268.84444596022064,2.2381399487542004,-0.8748064170083254,0.0,262681.7318176263,6289.045101132531,20409107.532254584,401.8324479771925,312.81525833407835
0.39285714285714324,0.8499999999999999,-0.005,268.8355609005338,1.9594339318874319,-0.7744645421376537,0.0,262678.4965171354,6289.0449548490815,20408233.56867822,401.828520180101,312.81372949056345
0.39285714285714324,0.8499999999999999,0.005,268.8355609005338,1.9594471103906492,-0.7744410726185476,0.0,262678.49558768224,6289.044954945394,20408233.233541634,401.8285187465747,312.8137289325807
0.39285714285714324,0.8499999999999999,0.015,268.8355609005338,1.9594339318874319,-0.7744645421376537,0.0,262678.4965171354,6289.0449548490815,20408233.56867822,401.828520180101,312.81372949056345
0.39285714285714324,0.87,-0.005,268.82783152190683,1.6759349522100386,-0.6662827354083847,0.0,262675.64239436365,6289.04475991091,20407471.177398298,401.82506160370804,312.8123832788663
0.39285714285714324,0.87,0.005,268.82783152190683,1.675946557915442,-0.6662621679266416,0.0,262675.6413774405,6289.044760007555,20407470.812583916,401.8250600392804,312.8123826699293
0.39285714285714324,0.87,0.015,268.82783152190683,1.6759349522100386,-0.6662827354083847,0.0,262675.64239436365,6289.04475991091,20407471.177398298,401.82506160370804,312.8123832788663
0.39285714285714324,0.89,-0.005,268.82129646354383,1.3877468419417585,-0.55014415656248,0.0,262673.1861278355,6289.0445139458125,20406824.06235088,401.82208751169964,312.81122564259675
0.39285714285714324,0.89,0.005,268.82129646354383,1.387756746213605,-0.5501265328103633,0.0,262673.18503163854,6289.044514042686,20406823.670639697,401.8220858286002,312.8112249874655
0.39285714285714324,0.89,0.015,268.82129646354383,1.3877468419417585,-0.55014415656248,0.0,262673.1861278355,6289.0445139458125,20406824.06235088,401.82208751169964,312.81122564259675
0.39285714285714324,0.91,-0.005,268.8159900909987,1.094967010053517,-0.42592800183090185,0.0,262671.1434845584,6289.044214872496,20406295.518677343,401.8196114966429,312.81026187464835
0.39285714285714324,0.91,0.005,268.8159900909987,1.094975090116585,-0.4259133512232743,0.0,262671.14231768844,6289.0442149694845,20406295.102972794,401.8196097076371,312.8102611782919
0.39285714285714324,0.91,0.015,268.8159900909987,1.094967010053517,-0.42592800183090185,0.0,262671.1434845584,6289.044214872496,20406295.518677343,401.8196114966429,312.81026187464835
0.39285714285714324,0.9299999999999999,-0.005,268.81194245906823,0.7976939099167045,-0.29351425540889764,0.0,262669.52934321406,6289.043860925534,20405888.42992618,401.81764547863696,312.80949661662964
0.39285714285714324,0.9299999999999999,0.005,268.81194245906823,0.7977000497073568,-0.29350259512648263,0.0,262669.52811462013,6289.043861022505,20405887.993234877,401.817643596941,312.80949588419253
0.39285714285714324,0.9299999999999999,0.015,268.81194245906823,0.7976939099167045,-0.29351425540889764,0.0,262669.52934321406,6289.043860925534,20405888.42992618,401.81764547863696,312.80949661662964
0.39285714285714324,0.95,-0.005,268.8091791430037,0.49603141795985595,-0.15278632832779637,0.0,262668.3576531593,6289.04345065832,20405605.251677964,401.8161996336446,312.80893383092797
0.39285714285714324,0.95,0.005,268.8091791430037,0.49603550886801306,-0.15277766335061932,0.0,262668.3563720719,6289.043450755124,20405604.79708721,401.8161976728246,312.808933067691
0.39285714285714324,0.95,0.015,268.8091791430037,0.49603141795985595,-0.15278632832779637,0.0,262668.3576531593,6289.04345065832,20405605.251677964,401.8161996336446,312.80893383092797
0.39285714285714324,0.97,-0.005,268.80772129042043,0.19008601657379678,-0.003628097451268059,0.0,262667.6411937151,6289.042982322897,20405447.997308876,401.81528203423323,312.8085766608367
0.39285714285714324,0.97,0.005,268.80772129042043,0.19008795780924742,-0.0036224204188114993,0.0,262667.6398695658,6289.042982419362,20405447.52796014,401.8152800080855,312.8085758721703
0.39285714285714324,0.97,0.015,268.80772129042043,0.19008601657379678,-0.003628097451268059,0.0,262667.6411937151,6289.042982322897,20405447.997308876,401.81528203423323,312.8085766608367
0.39285714285714324,0.99,-0.005,268.807764989443,-0.12469137427850967,0.15816828756366078,0.0,262667.3869357594,6289.042313250096,20405431.400260404,401.81488970342394,312.8084239482876
0.39285714285714324,0.99,0.005,268.807764989443,-0.1246916688490741,0.1581710008327351,0.0,262667.3855756669,6289.0423133449285,20405430.918593325,401.81488762211245,312.8084231381486
0.39285714285714324,0.99,0.015,268.807764989443,-0.12469137427850967,0.15816828756366078,0.0,262667.3869357594,6289.042313250096,20405431.400260404,401.81488970342394,312.8084239482876
0.39285714285714324,1.01,-0.005,268.8073828722968,-1.7723418478488224e-07,2.2481769621678993e-07,0.0,262667.2205807894,6289.042218245891,20405391.04868765,401.81466624946074,312.80833697006256
0.39285714285714324,1.01,0.005,268.8070007551506,0.12469137427850967,-0.1581682875636608,0.0,262667.0542253466,6289.0420222857565,20405347.54579795,401.8143807403216,312.80822583716673
0.39285714285714324,1.01,0.015,268.8073828722968,-1.7723418478488224e-07,2.2481769621678993e-07,0.0,262667.2205807894,6289.042218245891,20405391.04868765,401.81466624946074,312.80833697006256
0.4642857142857144,-0.010000000000000002,-0.005,269.4214488778274,8.624644698451158,0.0,0.0,262876.6674883326,6289.039702421473,20465416.32245494,402.0781724774026,312.9108885225495
0.4642857142857144,-0.010000000000000002,0.005,269.4214488778274,8.624644698451158,0.04256318130099492,0.0,262876.6674883326,6289.039700168648,20465416.251925875,402.07817109173817,312.910887983364
0.4642857142857144,-0.010000000000000002,0.015,269.4214488778274,8.624644698451158,0.0,0.0,262876.6674883326,6289.039702421473,20465416.32245494,402.0781724774026,312.9108885225495
0.4642857142857144,0.010000000000000002,-0.005,269.4214488778274,8.624644698451158,-0.04256318130099492,0.0,262876.6674883326,6289.039700168648,20465416.251925875,402.07817109173817,312.910887983364
0.4642857142857144,0.010000000000000002,0.005,269.4214488778274,8.624638003914601,-0.042561303427507816,0.0,262876.67056637374,6289.039700256573,20465417.331435442,402.0781758888124,312.910889849987
0.4642857142857144,0.010000000000000002,0.015,269.4214488778274,8.624644698451158,-0.04256318130099492,0.0,262876.6674883326,6289.039700168648,20465416.251925875,402.07817109173817,312.910887983364
0.4642857142857144,0.03,-0.005,269.4202295425943,8.617199418749106,-0.1275813138367398,0.0,262876.27210943354,6289.039713452989,20465297.282968175,402.07765338460536,312.91068653466266
0.4642857142857144,0.03,0.005,269.4202295425943,8.617192843663753,-0.12757575474386124,0.0,262876.27517607796,6289.03971354092,20465298.358358245,402.07765816355726,312.9106883942352
0.4642857142857144,0.03,0.015,269.4202295425943,8.617199418749106,-0.1275813138367398,0.0,262876.27210943354,6289.039713452989,20465297.282968175,402.07765338460536,312.91068653466266
0.4642857142857144,0.05,-0.005,269.41779614268086,8.60225979015242,-0.21226642282250688,0.0,262875.4827402533,6289.039740638496,20465059.877097733,402.0766206011614,312.91028466057026
0.4642857142857144,0.05,0.005,269.41779614268086,8.602253452984883,-0.21225718614772687,0.0,262875.48579497536,6289.03974072646,20465060.948023822,402.0766253605082,312.9102865125165
0.4642857142857144,0.05,0.015,269.41779614268086,8.60225979015242,-0.21226642282250688,0.0,262875.4827402533,6289.039740638496,20465059.877097733,402.0766206011614,312.91028466057026
0.4642857142857144,0.07,-0.005,269.41415876244946,8.579862441125856,-0.29639647518402634,0.0,262874.3025636494,6289.039781330077,20464705.012121648,402.07507684593946,312.9096839574644
0.4642857142857144,0.07,0.005,269.41415876244946,8.579856458088438,-0.2963836041684326,0.0,262874.30560046324,6289.039781418087,20464706.076348744,402.0750815758627,312.9096857979649
0.4642857142857144,0.07,0.015,269.41415876244946,8.579862441125856,-0.29639647518402634,0.0,262874.3025636494,6289.039781330077,20464705.012121648,402.07507684593946,312.9096839574644
0.4642857142857144,0.09,-0.005,269.4093318440038,8.550026092739838,-0.37974951822837394,0.0,262872.73602481186,6289.039835394417,20464234.09925581,402.07302825082314,312.9088868102351
0.4642857142857144,0.09,0.005,269.4093318440038,8.550020576724693,-0.3797330730125363,0.0,262872.739037718,6289.039835482486,20464235.15455036,402.0730329415096,312.9088886354726
0.4642857142857144,0.09,0.015,269.4093318440038,8.550026092739838,-0.37974951822837394,0.0,262872.73602481186,6289.039835394417,20464234.09925581,402.07302825082314,312.9088868102351
0.4642857142857144,0.11000000000000001,-0.005,269.40333464758993,8.512764901405953,-0.46210414369062364,0.0,262870.7890081095,6289.039902774639,20463649.02426759,402.07048306824834,312.9078964285749
0.4642857142857144,0.11000000000000001,0.005,269.40333464758993,8.51275996097475,-0.4620842009278784,0.0,262870.7919910859,6289.039902862778,20463650.068396244,402.0704877098842,312.9078982347314
0.4642857142857144,0.11000000000000001,0.015,269.40333464758993,8.512764901405953,-0.46210414369062364,0.0,262870.7890081095,6289.039902774639,20463649.02426759,402.07048306824834,312.9078964285749
0.4642857142857144,0.13,-0.005,269.3961911259698,8.46809221810027,-0.5432394717877259,0.0,262868.46880571777,6289.039983416064,20462952.132814117,402.06745157174413,312.90671680830656
0.4642857142857144,0.13,0.005,269.3961911259698,8.468087956485652,-0.5432161241547473,0.0,262868.4717527184,6289.039983504287,20462953.163544893,402.06745615451956,312.90671859156606
0.4642857142857144,0.13,0.015,269.3961911259698,8.46809221810027,-0.5432394717877259,0.0,262868.46880571777,6289.039983416064,20462952.132814117,402.06745157174413,312.90671680830656
0.4642857142857144,0.15,-0.005,269.38792979080694,8.41602443493301,-0.6229355055145961,0.0,262865.78410846274,6289.04007725078,20462146.21683271,402.0639459892724,312.905352705482
0.4642857142857144,0.15,0.005,269.38792979080694,8.416020949046652,-0.6229088611178077,0.0,262865.7870134175,6289.040077339097,20462147.23193692,402.0639505033898,312.90535446203285
0.4642857142857144,0.15,0.015,269.38792979080694,8.41602443493301,-0.6229355055145961,0.0,262865.78410846274,6289.04007725078,20462146.21683271,402.0639459892724,312.905352705482
0.4642857142857144,0.17,-0.005,269.3785835911118,8.356580242681892,-0.7009732184359843,0.0,262862.7449591476,6289.040184177712,20461234.50196588,402.0599804391027,312.90380961147105
0.4642857142857144,0.17,0.005,269.3785835911118,8.35657762225415,-0.7009434001321093,0.0,262862.7478159667,6289.040184266135,20461235.499220733,402.05998487478814,312.9038113375106
0.4642857142857144,0.17,0.015,269.3785835911118,8.356580242681892,-0.7009732184359843,0.0,262862.7449591476,6289.040184177712,20461234.50196588,402.0599804391027,312.90380961147105
0.4642857142857144,0.19,-0.005,269.3681897911878,8.289780110730067,-0.7771346101235247,0.0,262859.36271501257,6289.040304059995,20460220.635471776,402.05557087616097,312.90209373213287
0.4642857142857144,0.19,0.005,269.3681897911878,8.28977843748228,-0.7771017547516935,0.0,262859.3655175927,6289.040304148533,20460221.612663947,402.05557522367957,312.9020954238737
0.4642857142857144,0.19,0.015,269.3681897911878,8.289780110730067,-0.7771346101235247,0.0,262859.36271501257,6289.040304059995,20460220.635471776,402.05557087616097,312.90209373213287
0.4642857142857144,0.20999999999999996,-0.005,269.3567897910789,8.215647082487708,-0.8512029326532636,0.0,262855.65000518423,6289.040436721715,20459108.66848065,402.0507350132571,312.90021195721505
0.4642857142857144,0.20999999999999996,0.005,269.3567897910789,8.215646429383002,-0.85116719018751,0.0,262855.6527474185,6289.04043681038,20459109.62341093,402.050739262933,312.9002136108926
0.4642857142857144,0.20999999999999996,0.015,269.3567897910789,8.215647082487708,-0.8512029326532636,0.0,262855.65000518423,6289.040436721715,20459108.66848065,402.0507350132571,312.90021195721505
0.4642857142857144,0.23000000000000004,-0.005,269.3444289641219,8.134206266256914,-0.9229627572151161,0.0,262851.6206800147,6289.04058193927,20457903.039753757,402.04549224642363,312.8981718313571
0.4642857142857144,0.23000000000000004,0.005,269.3444289641219,8.134206696845675,-0.9229242898479271,0.0,262851.6233558067,6289.040582028071,20457903.970242523,402.04549638866416,312.89817344323876
0.4642857142857144,0.23000000000000004,0.015,269.3444289641219,8.134206266256914,-0.9229627572151161,0.0,262851.6206800147,6289.04058193927,20457903.039753757,402.04549224642363,312.8981718313571
0.4642857142857144,0.25,-0.005,269.3311564616862,8.045485046859962,-0.9922001342205946,0.0,262847.2897592676,6289.040739437047,20456608.556361597,402.03986356878886,312.8959815206336
0.4642857142857144,0.25,0.005,269.3311564616862,8.045486614710128,-0.9921591153847367,0.0,262847.2923625481,6289.040739525993,20456609.46025544,402.03986759411345,312.89598308703034
0.4642857142857144,0.25,0.015,269.3311564616862,8.045485046859962,-0.9922001342205946,0.0,262847.2897592676,6289.040739437047,20456608.556361597,402.03986356878886,312.8959815206336
0.4642857142857144,0.27,-0.005,269.3170250043027,7.949513627813988,-1.058702845364064,0.0,262842.6733778022,6289.040908879261,20455230.372908242,402.0338714762454,312.8936497759066
0.4642857142857144,0.27,0.005,269.3170250043027,7.949516376028567,-1.0586594587012697,0.0,262842.67590255063,6289.040908968363,20455231.248087604,402.0338753753193,312.8936512931861
0.4642857142857144,0.27,0.015,269.3170250043027,7.949513627813988,-1.058702845364064,0.0,262842.6733778022,6289.040908879261,20455230.372908242,402.0338714762454,312.8936497759066
0.4642857142857144,0.29,-0.005,269.30209066515636,7.846324920738044,-1.1222605513435606,0.0,262837.788725019,6289.041089864868,20453773.970103104,402.0275398717115,312.8911858956315
0.4642857142857144,0.29,0.005,269.30209066515636,7.846328881568542,-1.1222149896303348,0.0,262837.7911652878,6289.041089954135,20453774.81449093,402.02754363538406,312.89118736023266
0.4642857142857144,0.29,0.015,269.30209066515636,7.846324920738044,-1.1222605513435606,0.0,262837.788725019,6289.041089864868,20453773.970103104,402.0275398717115,312.8911858956315
0.4642857142857144,0.31,-0.005,269.2864126406636,7.735954706183937,-1.1826649947385344,0.0,262832.65398095216,6289.041281917289,20452245.13190737,402.0208939606377,312.8885996852542
0.4642857142857144,0.31,0.005,269.2864126406636,7.735959900750703,-1.1826174587818932,0.0,262832.65633089433,6289.04128200673,20452245.94347858,402.02089757998357,312.88860109370347
0.4642857142857144,0.31,0.015,269.2864126406636,7.735954706183937,-1.1826649947385344,0.0,262832.65398095216,6289.041281917289,20452245.13190737,402.0208939606377,312.8885996852542
0.4642857142857144,0.33000000000000007,-0.005,269.27005300900896,7.618441719867018,-1.2397101987196768,0.0,262827.2882506555,6289.0414844797215,20450649.921677902,402.013960144733,312.88590141591527
0.4642857142857144,0.33000000000000007,0.005,269.27005300900896,7.6184481579627805,-1.2396608962271582,0.0,262827.29050455644,6289.041484569348,20450650.698470008,402.01396361109954,312.885902764845
0.4642857142857144,0.33000000000000007,0.015,269.27005300900896,7.618441719867018,-1.2397101987196768,0.0,262827.2882506555,6289.0414844797215,20450649.921677902,402.013960144733,312.88590141591527
0.4642857142857144,0.35,-0.005,269.2530764845039,7.493827697267675,-1.293192658465131,0.0,262821.711495041,6289.0416969053185,20448994.65774483,402.00676591070317,312.88310178120946
0.4642857142857144,0.35,0.005,269.2530764845039,7.493835377257507,-1.2931418029004147,0.0,262821.7136473525,6289.041696995141,20448995.397869214,402.00676921576,312.8831030673774
0.4642857142857144,0.35,0.015,269.2530764845039,7.493827697267675,-1.293192658465131,0.0,262821.711495041,6289.0416969053185,20448994.65774483,402.00676591070317,312.88310178120946
0.4642857142857144,0.37,-0.005,269.2355501643041,7.362157466237583,-1.3429115434484282,0.0,262815.94445939414,6289.041918446038,20447285.888203487,401.99933971483205,312.88021185232486
0.4642857142857144,0.37,0.005,269.2355501643041,7.362166375054418,-1.342859352882428,0.0,262815.9465047713,6289.041918536067,20447286.589857407,401.99934285062415,312.88021307263443
0.4642857142857144,0.37,0.015,269.2355501643041,7.362157466237583,-1.3429115434484282,0.0,262815.94445939414,6289.041918446038,20447285.888203487,401.99933971483205,312.88021185232486
0.4642857142857144,0.39,-0.005,269.2175432709455,7.223478989004363,-1.388668882395018,0.0,262810.0086008384,6289.042148242969,20445530.365348637,401.9917108666192,312.87724303281004
0.4642857142857144,0.39,0.005,269.2175432709455,7.223489102236165,-1.3886155783613539,0.0,262810.0105341787,6289.042148333218,20445531.026827786,401.9917138256227,312.8772441843323
0.4642857142857144,0.39,0.015,269.2175432709455,7.223478989004363,-1.388668882395018,0.0,262810.0086008384,6289.042148242969,20445530.365348637,401.9917108666192,312.87724303281004
0.4642857142857144,0.41,-0.005,269.19912687843293,7.077843439089142,-1.4302697628081256,0.0,262803.926013408,6289.042385321816,20443735.018665824,401.9839094084262,312.8742070117829
0.4642857142857144,0.41,0.005,269.19912687843293,7.0778547211517875,-1.4302155691705534,0.0,262803.92782989197,6289.042385412297,20443735.638377283,401.9839121836053,312.8742080917788
0.4642857142857144,0.41,0.015,269.19912687843293,7.077843439089142,-1.4302697628081256,0.0,262803.926013408,6289.042385321816,20443735.018665824,401.9839094084262,312.8742070117829
0.4642857142857144,0.42999999999999994,-0.005,269.1803736453008,6.925305092306888,-1.4675224738406814,0.0,262797.7193535427,6289.042628588344,20441906.928511247,401.97596599803893,312.87111571826904
0.4642857142857144,0.42999999999999994,0.005,269.1803736453008,6.92531749670009,-1.467467615680696,0.0,262797.7210486758,6289.042628679072,20441907.504986655,401.9759685829045,312.87111672421196
0.4642857142857144,0.42999999999999994,0.015,269.1803736453008,6.925305092306888,-1.4675224738406814,0.0,262797.7193535427,6289.042628588344,20441906.928511247,401.97596599803893,312.87111571826904
0.4642857142857144,0.45000000000000007,-0.005,269.16135755040085,6.765921907669402,-1.5002388673448965,0.0,262791.4117677847,6289.042876815079,20440053.299792342,401.9679117869435,312.8679812738648
0.4642857142857144,0.45000000000000007,0.005,269.16135755040085,6.7659353773080575,-1.5001835698760129,0.0,262791.41333743965,6289.042876906068,20440053.83170112,401.9679141756118,312.8679822034637
0.4642857142857144,0.45000000000000007,0.015,269.16135755040085,6.765921907669402,-1.5002388673448965,0.0,262791.4117677847,6289.042876815079,20440053.299792342,401.9679117869435,312.8679812738648
0.4642857142857144,0.47,-0.005,269.14215361441035,6.599755530205296,-1.5282345406313844,0.0,262785.0268149096,6289.043128636119,20438181.434512746,401.95977829734653,312.8648159449059
0.4642857142857144,0.47,0.005,269.14215361441035,6.599769997822225,-1.5281790281469767,0.0,262785.0282553684,6289.043128727385,20438181.920675095,401.9597804845963,312.86481679612723
0.4642857142857144,0.47,0.015,269.14215361441035,6.599755530205296,-1.5282345406313844,0.0,262785.0268149096,6289.043128636119,20438181.434512746,401.95977829734653,312.8648159449059
0.4642857142857144,0.49,-0.005,269.12283763129403,6.426871016219411,-1.5513289086288187,0.0,262778.58838902734,6289.043382542926,20436298.705330737,401.95159730399666,312.8616320964956
0.4642857142857144,0.49,0.005,269.12283763129403,6.426886404835787,-1.551273403490132,0.0,262778.5896970232,6289.043382634487,20436299.144730434,401.9515992853267,312.86163286758614
0.4642857142857144,0.49,0.015,269.12283763129403,6.426871016219411,-1.5513289086288187,0.0,262778.58838902734,6289.043382542926,20436298.705330737,401.95159730399666,312.8616320964956
0.4642857142857144,0.51,-0.005,269.1034859042025,6.247336709089808,-1.5693452953626996,0.0,262772.1206461237,6289.043636883214,20434412.52965774,401.94340071972897,312.8584421479767
0.4642857142857144,0.51,0.005,269.1034859042025,6.247352932548711,-1.5692900170329793,0.0,262772.1218188807,6289.043636975085,20434412.9214542,401.94340249141084,312.8584428374837
0.4642857142857144,0.51,0.015,269.1034859042025,6.247336709089808,-1.5693452953626996,0.0,262772.1206461237,6289.043636883214,20434412.52965774,401.94340071972897,312.8584421479767
0.4642857142857144,0.53,-0.005,269.0841749803689,6.061224370327173,-1.5821111031341395,0.0,262765.6479290943,6289.043889853083,20432530.34345654,401.93522047632325,312.85525852656974
0.4642857142857144,0.53,0.005,269.0841749803689,6.061241333875929,-1.5820562672600833,0.0,262765.64896436606,6289.04388994528,20432530.6869963,401.9352220354526,312.85525913336136
0.4642857142857144,0.53,0.015,269.0841749803689,6.061224370327173,-1.5821111031341395,0.0,262765.6479290943,6289.043889853083,20432530.34345654,401.93522047632325,312.85525852656974
0.4642857142857144,0.55,-0.005,269.06498137329106,5.868609366527432,-1.589458015357655,0.0,262759.1946943486,6289.044139502229,20430659.574213263,401.9270884078158,312.85209362196036
0.4642857142857144,0.55,0.005,269.06498137329106,5.868626967442437,-1.5894038329012417,0.0,262759.19559045334,6289.04413959477,20430659.869040444,401.92708975235865,312.85209414524314
0.4642857142857144,0.55,0.015,269.06498137329106,5.868609366527432,-1.589458015357655,0.0,262759.1946943486,6289.044139502229,20430659.574213263,401.9270884078158,312.85209362196036
0.4642857142857144,0.57,-0.005,269.0459813157441,5.66957080863258,-1.5912221773279576,0.0,262752.7854409769,6289.044383726159,20428807.61652927,401.9190361390165,312.84895974290316
0.4642857142857144,0.57,0.005,269.0459813157441,5.669588936885277,-1.5911688537531758,0.0,262752.7861968305,6289.04438381906,20428807.862395063,401.91903726785165,312.84896018223907
0.4642857142857144,0.57,0.015,269.0459813157441,5.66957080863258,-1.5912221773279576,0.0,262752.7854409769,6289.044383726159,20428807.61652927,401.9190361390165,312.84895974290316
0.4642857142857144,0.59,-0.005,269.02725050329485,5.464191232906575,-1.5872441458838322,0.0,262746.44463767606,6289.0446202681305,20426981.807096817,401.91109497581544,312.84586907451603
0.4642857142857144,0.59,0.005,269.02725050329485,5.464209771871058,-1.5871918804040877,0.0,262746.44525282027,6289.044620361405,20426982.003967512,401.9110958887696,312.8458694298358
0.4642857142857144,0.59,0.015,269.02725050329485,5.464191232906575,-1.5872441458838322,0.0,262746.44463767606,6289.0446202681305,20426981.807096817,401.91109497581544,312.84586907451603
0.4642857142857144,0.61,-0.005,269.00886384165364,5.252556667734612,-1.577368990731405,0.0,262740.19665614044,6289.044846729012,20425189.400305796,401.90329580191144,312.84283363806554
0.4642857142857144,0.61,0.005,269.00886384165364,5.2525754949117625,-1.5773179756102735,0.0,262740.1971307678,6289.044846822673,20425189.548369627,401.9032964997898,312.84283390968096
0.4642857142857144,0.61,0.015,269.00886384165364,5.252556667734612,-1.577368990731405,0.0,262740.19665614044,6289.044846729012,20425189.400305796,401.90329580191144,312.84283363806554
0.4642857142857144,0.63,-0.005,268.9908952035646,5.034756061727445,-1.561446062340643,0.0,262734.0657033176,6289.045060578287,20423437.544827648,401.8956689802615,312.83986525258416
0.4642857142857144,0.63,0.005,268.9908952035646,5.0347750494918735,-1.5613964822502129,0.0,262734.06603829144,6289.045060672344,20423437.644499972,401.8956694648709,312.8398654411967
0.4642857142857144,0.63,0.015,268.9908952035646,5.034756061727445,-1.561446062340643,0.0,262734.0657033176,6289.045060578287,20423437.544827648,401.8956689802615,312.83986525258416
0.4642857142857144,0.6500000000000001,-0.005,268.9734171967066,4.810881663071802,-1.5393291793028663,0.0,262728.0757569801,6289.045259151761,20421733.26086916,401.88824425102865,312.8369754951174
0.4642857142857144,0.6500000000000001,0.005,268.9734171967066,4.8109006794298,-1.5392812107358755,0.0,262728.0759538497,6289.045259246219,20421733.31279609,401.8882445251935,312.83697560182475
0.4642857142857144,0.6500000000000001,0.015,268.9734171967066,4.810881663071802,-1.5393291793028663,0.0,262728.0757569801,6289.045259151761,20421733.26086916,401.88824425102865,312.8369754951174
0.4642857142857144,0.6700000000000002,-0.005,268.9565009341485,4.581028941569945,-1.5108765688444579,0.0,262722.25050204113,6289.0454396578825,20420083.417952053,401.8810506358371,312.83417566342024
0.4642857142857144,0.6700000000000002,0.005,268.9565009341485,4.581047850931999,-1.5108303795837033,0.0,262722.2505630512,6289.045439752742,20420083.423012182,401.8810507034072,312.83417568971936
0.4642857142857144,0.6700000000000002,0.015,268.9565009341485,4.581028941569945,-1.5108765688444579,0.0,262722.25050204113,6289.0454396578825,20420083.417952053,401.8810506358371,312.83417566342024
0.4642857142857144,0.69,-0.005,268.94021579240894,4.345296320113671,-1.4759506857028168,0.0,262716.6132697821,6289.045599203387,20418494.71208906,401.87411634847837,312.83147674115975
0.4642857142857144,0.69,0.005,268.94021579240894,4.34531498407602,-1.4759064343457582,0.0,262716.6131978766,6289.045599298642,20418494.67139341,401.87411621432824,312.8314766889464
0.4642857142857144,0.69,0.015,268.94021579240894,4.345296320113671,-1.4759506857028168,0.0,262716.6132697821,6289.045599203387,20418494.71208906,401.87411634847837,312.83147674115975
0.4642857142857144,0.71,-0.005,268.92462918943187,4.1037843775860905,-1.434417708558403,0.0,262711.1869763028,6289.045734809641,20416973.644624017,401.8674687084297,312.82888936420676
0.4642857142857144,0.71,0.005,268.92462918943187,4.10380265570969,-1.434375544089968,0.0,262711.1867751234,6289.0457349052795,20416973.55951405,401.8674683784501,312.82888923577246
0.4642857142857144,0.71,0.015,268.92462918943187,4.1037843775860905,-1.434417708558403,0.0,262711.1869763028,6289.045734809641,20416973.644624017,401.8674687084297,312.82888936420676
0.4642857142857144,0.73,-0.005,268.90980637530834,3.8565954860045064,-1.386147196761583,0.0,262705.99406832,6289.045843431361,20415526.5023977,401.8611340612734,312.82642378961066
0.4642857142857144,0.73,0.005,268.90980637530834,3.8566132365890033,-1.3861072581728242,0.0,262705.9937421979,6289.045843527364,20415526.374441393,401.8611335423536,312.8264235876356
0.4642857142857144,0.73,0.015,268.90980637530834,3.8565954860045064,-1.386147196761583,0.0,262705.99406832,6289.045843431361,20415526.5023977,401.8611340612734,312.82642378961066
0.4642857142857144,0.75,-0.005,268.8958102084393,3.603834138346697,-1.3310121069406877,0.0,262701.0564705041,6289.045921981124,20414159.336673412,401.85513769633883,312.8240898634894
0.4642857142857144,0.75,0.005,268.8958102084393,3.603851219196949,-1.3309745228900647,0.0,262701.0560244459,6289.045922077463,20414159.167659335,401.85513699634026,312.82408959103253
0.4642857142857144,0.75,0.015,268.8958102084393,3.603834138346697,-1.3310121069406877,0.0,262701.0564705041,6289.045921981124,20414159.336673412,401.85513769633883,312.8240898634894
0.4642857142857144,0.77,-0.005,268.88270092628596,3.34560608384298,-1.2688881175194073,0.0,262696.39552629995,6289.045967355479,20412877.941585712,401.8495037629494,312.8218969883749
0.4642857142857144,0.77,0.005,268.88270092628596,3.3456223530209956,-1.2688530060301229,0.0,262696.3949659678,6289.0459674521135,20412877.733515114,401.8495028906708,312.82189664885993
0.4642857142857144,0.77,0.015,268.88270092628596,3.34560608384298,-1.2688881175194073,0.0,262696.39552629995,6289.045967355479,20412877.941585712,401.8495037629494,312.8218969883749
0.4642857142857144,0.79,-0.005,268.8705359208933,3.0820174155837807,-1.1996528855589752,0.0,262692.03194056184,6289.045976459384,20411687.8330057,401.84425518766767,312.81985409094455
0.4642857142857144,0.79,0.005,268.8705359208933,3.0820327321382144,-1.199620353745042,0.0,262692.0312722467,6289.0459765562655,20411687.588082634,401.844254152801,312.8198536881431
0.4642857142857144,0.79,0.015,268.8705359208933,3.0820174155837807,-1.1996528855589752,0.0,262692.03194056184,6289.045976459384,20411687.8330057,401.84425518766767,312.81985409094455
0.4642857142857144,0.81,-0.005,268.8593695282314,2.813174517808508,-1.1231857908082588,0.0,262687.985732291,6289.045946234528,20410594.228880625,401.83941359987494,312.8179695929962
0.4642857142857144,0.81,0.005,268.8593695282314,2.813188742487745,-1.1231559346305342,0.0,262687.9849628804,6289.045946331596,20410593.949500117,401.8394124129532,312.8179691310076
0.4642857142857144,0.81,0.015,268.8593695282314,2.813174517808508,-1.1231857908082588,0.0,262687.985732291,6289.045946234528,20410594.228880625,401.83941359987494,312.8179695929962
0.4642857142857144,0.8299999999999998,-0.005,268.8492528006464,2.539181516160203,-1.0393660297914706,0.0,262684.27618408867,6289.045873710806,20409602.028643787,401.83499926428686,312.81625138512334
0.4642857142857144,0.8299999999999998,0.005,268.8492528006464,2.539194512108935,-1.0393389338418637,0.0,262684.2753210281,6289.045873807987,20409601.71737797,401.8349979366223,312.8162508683502
0.4642857142857144,0.8299999999999998,0.015,268.8492528006464,2.539181516160203,-1.0393660297914706,0.0,262684.27618408867,6289.045873710806,20409602.028643787,401.83499926428686,312.81625138512334
0.4642857142857144,0.8499999999999999,-0.005,268.8402332559843,2.260138878828262,-0.9480713580455928,0.0,262680.9217938532,6289.045756058434,20408715.79036018,401.83103100378275,312.81470679662016
0.4642857142857144,0.8499999999999999,0.005,268.8402332559843,2.2601505122473946,-0.9480470953427628,0.0,262680.9208451021,6289.045756155644,20408715.44994278,401.83102954739854,312.81470622974206
0.4642857142857144,0.8499999999999999,0.015,268.8402332559843,2.260138878828262,-0.9480713580455928,0.0,262680.9217938532,6289.045756058434,20408715.79036018,401.83103100378275,312.81470679662016
0.4642857142857144,0.8699999999999999,-0.005,268.83235465282854,1.9761438349344307,-0.8491780304731584,0.0,262677.94023846556,6289.045590631151,20407939.710147064,401.827526128053,312.81334256765336
0.4642857142857144,0.8699999999999999,0.005,268.83235465282854,1.976153975735753,-0.8491566622836532,0.0,262677.93921244924,6289.045590728295,20407939.343456432,401.8275245556084,312.81334195559765
0.4642857142857144,0.8699999999999999,0.015,268.83235465282854,1.9761438349344307,-0.8491780304731584,0.0,262677.94023846556,6289.045590631151,20407939.710147064,401.827526128053,312.81334256765336
0.4642857142857144,0.8900000000000001,-0.005,268.82565677082675,1.687289152128106,-0.7425596189072238,0.0,262675.34833498846,6289.045375008569,20407277.60206284,401.8245003639539,312.81216482210095
0.4642857142857144,0.8900000000000001,0.005,268.82565677082675,1.6872976746042194,-0.742541194596297,0.0,262675.3472405461,6289.045375105539,20407277.21210384,401.8244986886636,312.81216417001133
0.4642857142857144,0.8900000000000001,0.015,268.82565677082675,1.687289152128106,-0.7425596189072238,0.0,262675.34833498846,6289.045375008569,20407277.60206284,401.8245003639539,312.81216482210095
0.4642857142857144,0.9100000000000001,-0.005,268.82017530426435,1.3936607834445744,-0.6280847866261509,0.0,262673.1620298911,6289.045107025143,20406732.88865545,401.8219678266016,312.8111790562515
0.4642857142857144,0.9100000000000001,0.005,268.82017530426435,1.3936675670335157,-0.628069343586812,0.0,262673.16087622085,6289.045107121817,20406732.478540488,401.8219660621521,312.8111783694553
0.4642857142857144,0.9100000000000001,0.015,268.82017530426435,1.3936607834445744,-0.6280847866261509,0.0,262673.1620298911,6289.045107025143,20406732.88865545,401.8219678266016,312.8111790562515
0.4642857142857144,0.93,-0.005,268.8159417918655,1.095344050209744,-0.5056209233208002,0.0,262671.3964202127,6289.04478480566,20406308.595255345,401.8199410101979,312.81039013518784
0.4642857142857144,0.93,0.005,268.8159417918655,1.0953489803039023,-0.5056084869538694,0.0,262671.3952168114,6289.044784901908,20406308.168183636,401.8199391706553,312.81038941916063
0.4642857142857144,0.93,0.015,268.8159417918655,1.095344050209744,-0.5056209233208002,0.0,262671.3964202127,6289.04478480566,20406308.595255345,401.8199410101979,312.81039013518784
0.4642857142857144,0.95,-0.005,268.8129834605273,0.7924278767200934,-0.3750365553231534,0.0,262670.06572894356,6289.044406783942,20406007.33531696,401.81843073142073,312.80980227071274
0.4642857142857144,0.95,0.005,268.8129834605273,0.7924308454509267,-0.37502713903629875,0.0,262670.0644855394,6289.044406879617,20406006.894551694,401.818428831129,312.80980153103803
0.4642857142857144,0.95,0.015,268.8129834605273,0.7924278767200934,-0.3750365553231534,0.0,262670.06572894356,6289.044406783942,20406007.33531696,401.81843073142073,312.80980227071274
0.4642857142857144,0.97,-0.005,268.81132325918986,0.48500122058928624,-0.23619779652109402,0.0,262669.1832438019,6289.04397153291,20405831.308472235,401.81744603910107,312.80941898615566
0.4642857142857144,0.97,0.005,268.81132325918986,0.48500212742714044,-0.23619140166316416,0.0,262669.18197027687,6289.0439716278515,20405830.85731462,401.81744409256646,312.8094182284803
0.4642857142857144,0.97,0.015,268.81132325918986,0.48500122058928624,-0.23619779652109402,0.0,262669.1832438019,6289.04397153291,20405831.308472235,401.81744603910107,312.80941898615566
0.4642857142857144,0.99,-0.005,268.81109641595657,0.16803459092191916,-0.0848020457310347,0.0,262668.75943657226,6289.043394216955,20405791.098295096,401.8169932138806,312.80924272696706
0.4642857142857144,0.99,0.005,268.81109641595657,0.16803335208752387,-0.08479865966828783,0.0,262668.7581408964,6289.043394310717,20405790.639390722,401.81699123258073,312.80924195575903
0.4642857142857144,0.99,0.015,268.81109641595657,0.16803459092191916,-0.0848020457310347,0.0,262668.75943657226,6289.043394216955,20405791.098295096,401.8169932138806,312.80924272696706
0.4642857142857144,1.01,-0.005,268.8107461045172,2.1897419391156955e-07,-1.1050974388161992e-07,0.0,262668.6270063041,6289.0433549126865,20405755.59461154,401.8168177261374,312.80917441950993
0.4642857142857144,1.01,0.005,268.8103957930778,-0.1680345909219192,0.0848020457310347,0.0,262668.4945756907,6289.04322744064,20405717.33873434,401.8165880434658,312.80908501700856
0.4642857142857144,1.01,0.015,268.8107461045172,2.1897419391156955e-07,-1.1050974388161992e-07,0.0,262668.6270063041,6289.0433549126865,20405755.59461154,401.8168177261374,312.80917441950993
0.5357142857142856,-0.01,-0.005,269.4239380335904,8.909219150753172,0.0,0.0,262879.8394667172,6289.039641245716,20465658.108457293,402.07920832109977,312.91129158666126
0.5357142857142856,-0.01,0.005,269.42393803359033,8.909219150753172,0.04277456281417301,0.0,262879.8394667172,6289.039638970464,20465658.037225287,402.0792069216378,312.91129104210756
0.5357142857142856,-0.01,0.015,269.4239380335904,8.909219150753172,0.0,0.0,262879.8394667172,6289.039641245716,20465658.108457293,402.07920832109977,312.91129158666126
0.5357142857142856,0.01,-0.005,269.4239380335904,8.909219150753172,-0.04277456281417301,0.0,262879.8394667172,6289.039638970464,20465658.037225287,402.0792069216378,312.91129104210756
0.5357142857142856,0.01,0.005,269.4239380335904,8.909211534523726,-0.042772704584750715,0.0,262879.8425956858,6289.039639064588,20465659.137273014,402.0792118120935,312.9112929450644
0.5357142857142856,0.01,0.015,269.4239380335904,8.909219150753172,-0.04277456281417301,0.0,262879.8394667172,6289.039638970464,20465658.037225287,402.0792069216378,312.91129104210756
0.5357142857142856,0.030000000000000002,-0.005,269.42272640650003,8.901812664081149,-0.12822050212793049,0.0,262879.4446139731,6289.039652380241,20465539.826923322,402.07869262099456,312.9110909191878
0.5357142857142856,0.030000000000000002,0.005,269.42272640650003,8.901805160262747,-0.1282150033334373,0.0,262879.44773065695,6289.039652474364,20465540.922550056,402.0786974919976,312.9110928145766
0.5357142857142856,0.030000000000000002,0.015,269.42272640650003,8.901812664081149,-0.12822050212793049,0.0,262879.4446139731,6289.039652380241,20465539.826923322,402.07869262099456,312.9110909191878
0.5357142857142856,0.05,-0.005,269.42030792478675,8.88694847388865,-0.21334898213351616,0.0,262878.65616858815,6289.03967992551,20465303.89290518,402.07766650231537,312.9106916389896
0.5357142857142856,0.05,0.005,269.42030792478675,8.886941193571188,-0.21333984506524736,0.0,262878.65927184455,6289.039680019659,20465304.983559806,402.0776713514721,312.91069352588005
0.5357142857142856,0.05,0.015,269.42030792478675,8.88694847388865,-0.21334898213351616,0.0,262878.65616858815,6289.03967992551,20465303.89290518,402.07766650231537,312.9106916389896
0.5357142857142856,0.07,-0.005,269.4166927850018,8.86465863303422,-0.29794857123214397,0.0,262877.47733266256,6289.03972124734,20464951.225128822,402.0761327410435,312.91009482549055
0.5357142857142856,0.07,0.005,269.4166927850018,8.864651685568482,-0.29793583779117006,0.0,262877.4804157677,6289.039721341524,20464952.308326557,402.0761375574336,312.91009669963444
0.5357142857142856,0.07,0.015,269.4166927850018,8.86465863303422,-0.29794857123214397,0.0,262877.47733266256,6289.03972124734,20464951.225128822,402.0761327410435,312.91009482549055
0.5357142857142856,0.08999999999999998,-0.005,269.41189536147385,8.834962201869535,-0.3818078317950219,0.0,262875.9125474943,6289.039776217257,20464483.22830543,402.074097442914,312.9093028534176
0.5357142857142856,0.08999999999999998,0.005,269.41189536147385,8.834955693435072,-0.3817915602769309,0.0,262875.91560373,6289.039776311483,20464484.301569525,402.07410221565135,312.90930471058016
0.5357142857142856,0.08999999999999998,0.015,269.41189536147385,8.834962201869535,-0.3818078317950219,0.0,262875.9125474943,6289.039776217257,20464483.22830543,402.074097442914,312.9093028534176
0.5357142857142856,0.10999999999999999,-0.005,269.4059347989862,8.797873292025615,-0.46471586842691365,0.0,262873.96767713694,6289.039844783746,20463901.777039144,402.0715688140037,312.908318914439
0.5357142857142856,0.10999999999999999,0.005,269.4059347989862,8.797867324790936,-0.4646961331551355,0.0,262873.9706997882,6289.039844878023,20463902.837901432,402.07157353223823,312.90832075039924
0.5357142857142856,0.10999999999999999,0.015,269.4059347989862,8.797873292025615,-0.46471586842691365,0.0,262873.96767713694,6289.039844783746,20463901.777039144,402.0715688140037,312.908318914439
0.5357142857142856,0.13,-0.005,269.3988349006651,8.753405094191226,-0.5464623494196567,0.0,262871.64998557966,6289.039926901561,20463209.202599607,402.068557069269,312.9071469816044
0.5357142857142856,0.13,0.005,269.3988349006651,8.753399765395738,-0.5464392402816242,0.0,262871.6529679385,6289.039926995897,20463210.24860347,402.0685617221995,312.9071487921603
0.5357142857142856,0.13,0.015,269.3988349006651,8.753405094191226,-0.5464623494196567,0.0,262871.64998557966,6289.039926901561,20463209.202599607,402.068557069269,312.9071469816044
0.5357142857142856,0.15,-0.005,269.39062400805034,8.701573732862427,-0.6268378370064059,0.0,262868.9681279168,6289.0400225050535,20462408.280301582,402.0650743648828,312.9057917830518
0.5357142857142856,0.15,0.005,269.39062400805034,8.701569133887247,-0.6268114588920152,0.0,262868.9710632885,6289.040022599458,20462409.309005756,402.0650789417734,312.9057935640267
0.5357142857142856,0.15,0.015,269.39062400805034,8.701573732862427,-0.6268378370064059,0.0,262868.9681279168,6289.0400225050535,20462408.280301582,402.0650743648828,312.9057917830518
0.5357142857142856,0.17,-0.005,269.3813348543975,8.642397660093685,-0.7056338932606651,0.0,262865.93210031214,6289.040131495642,20461502.2146998,402.06113472779487,312.90425877464014
0.5357142857142856,0.17,0.005,269.3813348543975,8.642393875673756,-0.7056043654217536,0.0,262865.9349820239,6289.04013159012,20461503.223682657,402.0611392179934,312.9042605218896
0.5357142857142856,0.17,0.015,269.3813348543975,8.642397660093685,-0.7056338932606651,0.0,262865.93210031214,6289.040131495642,20461502.2146998,402.06113472779487,312.90425877464014
0.5357142857142856,0.19,-0.005,269.3710044532728,8.575896948170104,-0.7826431282276827,0.0,262862.55320464645,6289.040253742239,20460494.628638875,402.0567540085543,312.90255412163805
0.5357142857142856,0.19,0.005,269.3710044532728,8.575894055618146,-0.7826105835520143,0.0,262862.55602605914,6289.040253836797,20460495.615503695,402.05675840151525,312.90255583105926
0.5357142857142856,0.19,0.015,269.3710044532728,8.575896948170104,-0.7826431282276827,0.0,262862.55320464645,6289.040253742239,20460494.628638875,402.0567540085543,312.90255412163805
0.5357142857142856,0.21,-0.005,269.3596739133854,8.502094205561264,-0.8576594269295086,0.0,262858.8440049678,6289.040389076999,20459389.544929825,402.05194979949397,312.90068466693896
0.5357142857142856,0.21,0.005,269.3596739133854,8.50209227406282,-0.8576240111389678,0.0,262858.84675949026,6289.040389171644,20459390.50731087,402.0519540848052,312.90068633448067
0.5357142857142856,0.21,0.015,269.3596739133854,8.502094205561264,-0.8576594269295086,0.0,262858.8440049678,6289.040389076999,20459389.544929825,402.05194979949397,312.90068466693896
0.5357142857142856,0.23,-0.005,269.3473882724125,8.421013991211943,-0.930478007193619,0.0,262854.81827394804,6289.040537284968,20458191.369691264,402.0467413573971,312.89865790102334
0.5357142857142856,0.23,0.005,269.3473882724125,8.421013081210154,-0.9304398779766249,0.0,262854.82095505524,6289.040537379704,20458192.30526069,402.0467455248102,312.8986595226979
0.5357142857142856,0.23,0.015,269.3473882724125,8.421013991211943,-0.930478007193619,0.0,262854.81827394804,6289.040537284968,20458191.369691264,402.0467413573971,312.89865790102334
0.5357142857142856,0.25,-0.005,269.3341962986615,8.332683033738432,-1.0008955750211048,0.0,262850.490940333,6289.040698100656,20456904.8727558,402.0411495165891,312.89648192819743
0.5357142857142856,0.25,0.005,269.3341962986615,8.33268319639566,-1.0008549011057903,0.0,262850.49354158604,6289.040698195488,20456905.779231414,402.04115355605273,312.8964835000937
0.5357142857142856,0.25,0.015,269.3341962986615,8.332683033738432,-1.0008955750211048,0.0,262850.490940333,6289.040698100656,20456904.8727558,402.0411495165891,312.89648192819743
0.5357142857142856,0.27,-0.005,269.32015028160896,8.237130762496488,-1.0687105612902832,0.0,262845.8780328428,6289.040871196699,20455535.166738007,402.0351965923791,312.8941654290782
0.5357142857142856,0.27,0.005,269.32015028160896,8.237132039234245,-1.068667521466359,0.0,262845.8805479134,6289.040871291632,20455536.041891955,402.03520049407814,312.8941669473767
0.5357142857142856,0.27,0.015,269.32015028160896,8.237130762496488,-1.0687105612902832,0.0,262845.8780328428,6289.040871196699,20455535.166738007,402.0351965923791,312.8941654290782
0.5357142857142856,0.29,-0.005,269.3053058142059,8.134389167169097,-1.1337232529023955,0.0,262840.99661838915,6289.04105617829,20454087.685476426,402.0289062845085,312.8917176230815
0.5357142857142856,0.29,0.005,269.3053058142059,8.134391589293681,-1.1336780350008648,0.0,262840.9990410864,6289.041056273327,20454088.52714474,402.02891003890534,312.89171908407053
0.5357142857142856,0.29,0.015,269.3053058142059,8.134389167169097,-1.1337232529023955,0.0,262840.99661838915,6289.04105617829,20454087.685476426,402.0289062845085,312.8917176230815
0.5357142857142856,0.31,-0.005,269.2897215569164,8.024492958380856,-1.195735982729654,0.0,262835.8647361641,6289.041252573488,20452568.16055951,402.0223035701846,312.8891482268565
0.5357142857142856,0.31,0.005,269.2897215569164,8.024496546815904,-1.1956887825748552,0.0,262835.8670604646,6289.041252668634,20452568.96665236,402.0223071680647,312.88914962695
0.5357142857142856,0.31,0.015,269.2897215569164,8.024492958380856,-1.195735982729654,0.0,262835.8647361641,6289.041252573488,20452568.16055951,402.0223035701846,312.8891482268565
0.5357142857142856,0.33,-0.005,269.2734589999383,7.907479627653207,-1.2545533087439342,0.0,262830.5013329306,6289.041459829837,20450982.597872123,402.0154146001819,312.88646741391244
0.5357142857142856,0.33,0.005,269.2734589999383,7.907484392738478,-1.2545043290783868,0.0,262830.5035530111,6289.041459925095,20450983.366384905,402.01541803270254,312.8864687496688
0.5357142857142856,0.33,0.015,269.2734589999383,7.907479627653207,-1.2545533087439342,0.0,262830.5013329306,6289.041459829837,20450982.597872123,402.0154146001819,312.88646741391244
0.5357142857142856,0.35,-0.005,269.25658221684193,7.783389454897385,-1.309982174083761,0.0,262824.9261930787,6289.041677305012,20449337.25311887,402.0082665875511,312.8836857713666
0.5357142857142856,0.35,0.005,269.25658221684193,7.7833953962771165,-1.3099316234780307,0.0,262824.9283033517,6289.041677400388,20449337.98214395,402.0082698462938,312.88368703950897
0.5357142857142856,0.35,0.015,269.25658221684193,7.783389454897385,-1.309982174083761,0.0,262824.9261930787,6289.041677305012,20449337.25311887,402.0082665875511,312.8836857713666
0.5357142857142856,0.37,-0.005,269.23915761118957,7.652265568207624,-1.3618320749270247,0.0,262819.1598661167,6289.041904254986,20447638.60658631,402.00088769172567,312.8808142548966
0.5357142857142856,0.37,0.005,269.23915761118957,7.652272674807974,-1.3617801666839473,0.0,262819.1618612673,6289.0419043504835,20447639.29432524,402.0008907687495,312.88081545233393
0.5357142857142856,0.37,0.015,269.23915761118957,7.652265568207624,-1.3618320749270247,0.0,262819.1598661167,6289.041904254986,20447638.60658631,402.00088769172567,312.8808142548966
0.5357142857142856,0.39000000000000007,-0.005,269.22125366023283,7.5141539356222395,-1.4099152036944416,0.0,262813.22359365603,6289.042139824502,20445893.3376967,401.99330690273916,312.87786414373323
0.5357142857142856,0.39000000000000007,0.005,269.22125366023283,7.51416218571378,-1.4098621547559436,0.0,262813.22546868125,6289.042139920125,20445893.98247286,401.993309790637,312.8778652675819
0.5357142857142856,0.39000000000000007,0.015,269.22125366023283,7.5141539356222395,-1.4099152036944416,0.0,262813.22359365603,6289.042139824502,20445893.3376967,401.99330690273916,312.87786414373323
0.5357142857142856,0.41,-0.005,269.20294064265164,7.36910347440366,-1.454046625711148,0.0,262807.13923501363,6289.042383043169,20444108.29818124,401.9855539219502,312.8748469942878
0.5357142857142856,0.41,0.005,269.20294064265164,7.369112835741805,-1.4539926555742353,0.0,262807.1409852626,6289.0423831389235,20444108.898452703,401.9855566139058,312.87484804189404
0.5357142857142856,0.41,0.015,269.20294064265164,7.36910347440366,-1.454046625711148,0.0,262807.13923501363,6289.042383043169,20444108.29818124,401.9855539219502,312.8748469942878
0.5357142857142856,0.43,-0.005,269.18429037474726,7.217165899072061,-1.4940443790441087,0.0,262800.92919284035,6289.0426328211215,20442290.48607418,401.97765904607706,312.8717745950623
0.5357142857142856,0.43,0.005,269.18429037474726,7.217176329115536,-1.4939897086943432,0.0,262800.9308140547,6289.042632917011,20442291.040446587,401.9776615359215,312.87177556402423
0.5357142857142856,0.43,0.015,269.18429037474726,7.217165899072061,-1.4940443790441087,0.0,262800.92919284035,6289.0426328211215,20442290.48607418,401.97765904607706,312.8717745950623
0.5357142857142856,0.45,-0.005,269.16537594936676,7.058396212794088,-1.5297297577872622,0.0,262794.61634113756,6289.042887936709,20440447.01973249,401.9696530474313,312.8686589200746
0.5357142857142856,0.45,0.005,269.16537594936676,7.058407658994278,-1.5296746086559092,0.0,262794.6178294928,6289.042888032741,20440447.526971865,401.9696553297007,312.8686598082643
0.5357142857142856,0.45,0.015,269.16537594936676,7.058396212794088,-1.5297297577872622,0.0,262794.61634113756,6289.042887936709,20440447.01973249,401.9696530474313,312.8686589200746
0.5357142857142856,0.47,-0.005,269.14627146252934,6.8928527362790755,-1.5609274596664682,0.0,262788.2239489321,6289.043147031988,20438585.110903732,401.96156705355804,312.8655120820451
0.5357142857142856,0.47,0.005,269.14627146252934,6.892865136435701,-1.5608720526175515,0.0,262788.2253010777,6289.043147128166,20438585.569948968,401.9615691235487,312.86551288763036
0.5357142857142856,0.47,0.015,269.14627146252934,6.8928527362790755,-1.5609274596664682,0.0,262788.2239489321,6289.043147031988,20438585.110903732,401.96156705355804,312.8655120820451
0.5357142857142856,0.49,-0.005,269.127051750495,6.720596797222299,-1.5874656064189043,0.0,262781.7756042942,6289.043408608585,20436712.038836155,401.95343243151945,312.8623462873838
0.5357142857142856,0.49,0.005,269.127051750495,6.720610079903525,-1.5874101607728943,0.0,262781.7768173923,6289.043408704915,20436712.44881096,401.95343428534005,312.86234700884876
0.5357142857142856,0.49,0.015,269.127051750495,6.720596797222299,-1.5874656064189043,0.0,262781.7756042942,6289.043408608585,20436712.038836155,401.95343243151945,312.8623462873838
0.5357142857142856,0.51,-0.005,269.1077921307927,6.541692540765486,-1.6091757674023113,0.0,262775.295141747,6289.043671027124,20434835.124896355,401.9452806759811,312.8591737926505
0.5357142857142856,0.51,0.005,269.1077921307927,6.541706625788021,-1.6091205000020323,0.0,262775.2962135105,6289.043671123612,20434835.485120617,401.945282310604,312.8591744288151
0.5357142857142856,0.51,0.015,269.1077921307927,6.541692540765486,-1.6091757674023113,0.0,262775.295141747,6289.043671027124,20434835.124896355,401.9452806759811,312.8591737926505
0.5357142857142856,0.53,-0.005,269.08856814465645,6.356207025291096,-1.6258930616697775,0.0,262768.80656940653,6289.043932500322,20432961.707135666,401.9371432939181,312.85600685969115
0.5357142857142856,0.53,0.005,269.08856814465645,6.356221824247004,-1.6258381859900646,0.0,262768.8074981337,6289.043932596969,20432962.01713588,401.93714470722523,312.85600740972944
0.5357142857142856,0.53,0.015,269.08856814465645,6.356207025291096,-1.6258930616697775,0.0,262768.80656940653,6289.043932500322,20432961.707135666,401.9371432939181,312.85600685969115
0.5357142857142856,0.55,-0.005,269.0694552871809,6.16421047158789,-1.6374563266617677,0.0,262762.3339986902,6289.044191099407,20431099.11408003,401.9290516921145,312.8528577118549
0.5357142857142856,0.55,0.005,269.0694552871809,6.1642258884109085,-1.6374020519653671,0.0,262762.33478329744,6289.04419119622,20431099.37359882,401.9290528829401,312.8528581753113
0.5357142857142856,0.55,0.015,269.0694552871809,6.16421047158789,-1.6374563266617677,0.0,262762.3339986902,6289.044191099407,20431099.11408003,401.9290516921145,312.8528577118549
0.5357142857142856,0.57,-0.005,269.05052876958774,5.965776286170819,-1.6437081928903725,0.0,262755.90157560824,6289.0444447471655,20429254.641253203,401.92103707019385,312.84973849235513
0.5357142857142856,0.57,0.005,269.05052876958774,5.965792217742348,-1.6436547234346381,0.0,262755.9022156588,6289.044444844141,20429254.850257605,401.9210380383607,312.8497388691589
0.5357142857142856,0.57,0.015,269.05052876958774,5.965776286170819,-1.6437081928903725,0.0,262755.90157560824,6289.0444447471655,20429254.641253203,401.92103707019385,312.84973849235513
0.5357142857142856,0.59,-0.005,269.03186326918893,5.760980759048855,-1.6444949931012383,0.0,262749.53340985207,6289.044691220424,20427435.526799887,401.9131303140534,312.8466612227818
0.5357142857142856,0.59,0.005,269.03186326918893,5.760997095852938,-1.6444425274054209,0.0,262749.53390558105,6289.044691317565,20427435.685488228,401.9131310604037,312.846661513259
0.5357142857142856,0.59,0.015,269.03186326918893,5.760980759048855,-1.6444949931012383,0.0,262749.53340985207,6289.044691220424,20427435.526799887,401.9131303140534,312.8466612227818
0.5357142857142856,0.61,-0.005,269.0135326907998,5.5499031084384605,-1.63966679853127,0.0,262743.2535126757,6289.04492816105,20425648.928503055,401.9053618993715,312.84363776552607
0.5357142857142856,0.61,0.005,269.0135326907998,5.54991973522559,-1.6396155286915286,0.0,262743.25386501104,6289.044928258349,20425649.03731049,401.9053624257918,312.8436379704092
0.5357142857142856,0.61,0.015,269.0135326907998,5.5499031084384605,-1.63966679853127,0.0,262743.2535126757,6289.04492816105,20425648.928503055,401.9053618993715,312.84363776552607
0.5357142857142856,0.63,-0.005,268.99560993637965,5.332624887294425,-1.629077135429523,0.0,262737.08573254256,6289.045153086383,20423901.90159694,401.8977617982336,312.84067978741325
0.5357142857142856,0.63,0.005,268.99560993637965,5.33264168376681,-1.6290272464871856,0.0,262737.0859431209,6289.0451531838335,20423901.96119941,401.89776210767195,312.84067990784797
0.5357142857142856,0.63,0.015,268.99560993637965,5.332624887294425,-1.629077135429523,0.0,262737.08573254256,6289.045153086383,20423901.90159694,401.8977617982336,312.84067978741325
0.5357142857142856,0.65,-0.005,268.978166683972,5.109230295905071,-1.6125830697356558,0.0,262731.05369441706,6289.045363388073,20422201.377134763,401.8903593825512,312.8377987220805
0.5357142857142856,0.65,0.005,268.978166683972,5.1092471374143855,-1.612534739096026,0.0,262731.0537655952,6289.045363485664,20422201.388451263,401.89035947902755,312.8377987596299
0.5357142857142856,0.65,0.015,268.978166683972,5.109230295905071,-1.6125830697356558,0.0,262731.05369441706,6289.045363388073,20422201.377134763,401.8903593825512,312.8377987220805
0.5357142857142856,0.67,-0.005,268.9612731697307,4.879806070683943,-1.590045074134715,0.0,262725.18074001546,6289.045556338961,20420554.14091662,401.88318333368153,312.8350057347634
0.5357142857142856,0.67,0.005,268.9612731697307,4.8798228289490915,-1.5899984710418824,0.0,262725.1806748753,6289.045556436675,20420554.105109524,401.8831832222891,312.8350056914082
0.5357142857142856,0.67,0.015,268.9612731697307,4.879806070683943,-1.590045074134715,0.0,262725.18074001546,6289.045556338961,20420554.14091662,401.88318333368153,312.8350057347634
0.5357142857142856,0.69,-0.005,268.9449979581769,4.644441305641294,-1.5613268470147457,0.0,262719.4898716495,6289.045729118518,20418966.81185092,401.87626155829497,312.83231168950795
0.5357142857142856,0.69,0.005,268.9449979581769,4.644457849471598,-1.5612821320763284,0.0,262719.4896739981,6289.04572921633,20418966.73032458,401.87626124519414,312.8323115676445
0.5357142857142856,0.69,0.015,268.9449979581769,4.644441305641294,-1.5613268470147457,0.0,262719.4898716495,6289.045729118518,20418966.81185092,401.87626155829497,312.83231168950795
0.5357142857142856,0.7100000000000001,-0.005,268.9294077363551,4.4032266642587325,-1.52629479258653,0.0,262714.0036953393,6289.045878827686,20417445.822329123,401.8696211079829,312.82972711783515
0.5357142857142856,0.7100000000000001,0.005,268.9294077363551,4.403242860277268,-1.5262521173444423,0.0,262714.003369703,6289.045878925565,20417445.696726445,401.8696206003863,312.8297269202695
0.5357142857142856,0.7100000000000001,0.015,268.9294077363551,4.4032266642587325,-1.52629479258653,0.0,262714.0036953393,6289.045878827686,20417445.822329123,401.8696211079829,312.82972711783515
0.5357142857142856,0.73,-0.005,268.91456711922666,4.156253944476038,-1.4848176055816662,0.0,262708.74437073973,6289.046002506228,20415997.39978255,401.8632881051969,312.82726218986534
0.5357142857142856,0.73,0.005,268.91456711922666,4.156269657840143,-1.4847771121265363,0.0,262708.7439223513,6289.046002604137,20415997.231979564,401.8632874113449,312.82726191980356
0.5357142857142856,0.73,0.015,268.91456711922666,4.156253944476038,-1.4848176055816662,0.0,262708.74437073973,6289.046002506228,20415997.39978255,401.8632881051969,312.82726218986534
0.5357142857142856,0.75,-0.005,268.9005384384667,3.903616457486935,-1.4367662599404136,0.0,262703.7335639718,6289.046097158102,20414627.546869002,401.8572876669011,312.82492668454967
0.5357142857142856,0.75,0.005,268.9005384384667,3.903631552601429,-1.436728080565413,0.0,262703.7329987526,6289.046097255993,20414627.33896754,401.85728679602965,312.8249263455857
0.5357142857142856,0.75,0.015,268.9005384384667,3.903616457486935,-1.4367662599404136,0.0,262703.7335639718,6289.046097158102,20414627.546869002,401.8572876669011,312.82492668454967
0.5357142857142856,0.77,-0.005,268.8873815321514,3.645408317824645,-1.3820134120005856,0.0,262698.992394414,6289.046159774735,20413342.021684054,401.8516438272827,312.8227299595331
0.5357142857142856,0.77,0.005,268.8873815321514,3.645422659043052,-1.381977668889569,0.0,262698.99171894946,6289.046159872551,20413341.776002377,401.85164278958206,312.8227295556323
0.5357142857142856,0.77,0.015,268.8873815321514,3.645408317824645,-1.3820134120005856,0.0,262698.992394414,6289.046159774735,20413342.021684054,401.8516438272827,312.8227299595331
0.5357142857142856,0.7899999999999999,-0.005,268.87515353941797,3.3817236636004724,-1.3204327318216118,0.0,262694.54138308764,6289.046187356566,20412146.31840655,401.8463794615093,312.82068092142225
0.5357142857142856,0.7899999999999999,0.005,268.87515353941797,3.3817371159075,-1.3203995367650814,0.0,262694.54060459655,6289.046187454242,20412146.03746801,401.8463782680735,312.8206804569022
0.5357142857142856,0.7899999999999999,0.015,268.87515353941797,3.3817236636004724,-1.3204327318216118,0.0,262694.54138308764,6289.046187356566,20412146.31840655,401.8463794615093,312.82068092142225
0.5357142857142856,0.81,-0.005,268.86390870519716,3.1126566036662138,-1.2518986180915912,0.0,262690.4004104711,6289.046176940329,20411045.649110038,401.84151621734503,312.81878799911215
0.5357142857142856,0.81,0.005,268.86390870519716,3.112669033347469,-1.2518680722310862,0.0,262690.3995367689,6289.046177037788,20411045.335629787,401.8415148801132,312.81878747861936
0.5357142857142856,0.81,0.015,268.86390870519716,3.1126566036662138,-1.2518986180915912,0.0,262690.4004104711,6289.046176940329,20411045.649110038,401.84151621734503,312.81878799911215
0.5357142857142856,0.83,-0.005,268.85369817481217,2.8382988460814658,-1.176284475293575,0.0,262686.58866983716,6289.046125642036,20410044.925072692,401.8370744520286,312.81705911916015
0.5357142857142856,0.83,0.005,268.85369817481217,2.8383101213821282,-1.1762566688929568,0.0,262686.58770929364,6289.046125739189,20410044.581942488,401.83707298371763,312.8170585476441
0.5357142857142856,0.83,0.015,268.85369817481217,2.8382988460814658,-1.176284475293575,0.0,262686.58866983716,6289.046125642036,20410044.925072692,401.8370744520286,312.81705911916015
0.5357142857142856,0.85,-0.005,268.8445697637979,2.558738598489073,-1.0934616803369437,0.0,262683.12462430546,6289.046030704162,20409148.735793326,401.83307316104253,312.815501678005
0.5357142857142856,0.85,0.005,268.8445697637979,2.5587485902439235,-1.093436692567633,0.0,262683.1235857961,6289.0460308009115,20409148.366064437,401.8330715750718,312.8155010606887
0.5357142857142856,0.85,0.015,268.8445697637979,2.558738598489073,-1.0934616803369437,0.0,262683.12462430546,6289.046030704162,20409148.735793326,401.83307316104253,312.815501678005
0.5357142857142856,0.8700000000000001,-0.005,268.8365677459514,2.2740610605246228,-1.0032995520060077,0.0,262680.02597465337,6289.045889537878,20408361.329634063,401.829529911711,312.81412251606616
0.5357142857142856,0.8700000000000001,0.005,268.8365677459514,2.2740696427651774,-1.0032774507444508,0.0,262680.0248675066,6289.045889634115,20408360.93649875,401.8295282221205,312.81412185841435
0.5357142857142856,0.8700000000000001,0.015,268.8365677459514,2.2740610605246228,-1.0032995520060077,0.0,262680.02597465337,6289.045889537878,20408361.329634063,401.829529911711,312.81412251606616
0.5357142857142856,0.89,-0.005,268.82973264244333,1.9843473346427987,-0.9056643215089824,0.0,262677.3096212063,6289.045699760063,20407686.594401665,401.82646077408214,312.81292789078844
0.5357142857142856,0.89,0.005,268.82973264244333,1.9843543852034526,-0.9056451631510253,0.0,262677.3084551463,6289.04569985567,20407686.181173306,401.82645899544417,312.81292719847346
0.5357142857142856,0.89,0.015,268.82973264244333,1.9843473346427987,-0.9056643215089824,0.0,262677.3096212063,6289.045699760063,20407686.594401665,401.82646077408214,312.81292789078844
0.5357142857142856,0.91,-0.005,268.8241010924317,1.6896715969959333,-0.8004167649557812,0.0,262674.99164093233,6289.04545921264,20407128.045348637,401.82388027619095,312.81192345917987
0.5357142857142856,0.91,0.005,268.8241010924317,1.689676998185204,-0.8004005942838975,0.0,262674.990426019,6289.045459307489,20407127.615440767,401.8238784235186,312.81192273804555
0.5357142857142856,0.91,0.015,268.8241010924317,1.6896715969959333,-0.8004167649557812,0.0,262674.99164093233,6289.04545921264,20407128.045348637,401.82388027619095,312.81192345917987
0.5357142857142856,0.93,-0.005,268.8197057457275,1.3901062838878382,-0.6874149966714611,0.0,262673.08730337466,6289.045166007528,20406688.8161274,401.82180138465094,312.81111427021136
0.5357142857142856,0.93,0.005,268.8197057457275,1.3901099232228578,-0.687401846775328,0.0,262673.0860499385,6289.045166101482,20406688.373031482,401.8217994732983,312.81111352623435
0.5357142857142856,0.93,0.015,268.8197057457275,1.3901062838878382,-0.6874149966714611,0.0,262673.08730337466,6289.045166007528,20406688.8161274,401.82180138465094,312.81111427021136
0.5357142857142856,0.95,-0.005,268.81657510229047,1.0857261335479025,-0.5665166568771544,0.0,262671.61105143296,6289.044818550474,20406371.64387758,401.8202354493603,312.81050474325355
0.5357142857142856,0.95,0.005,268.81657510229047,1.0857279044994164,-0.5665065490969086,0.0,262671.6097700059,6289.044818643385,20406371.19113934,401.82023349491806,312.81050398250284
0.5357142857142856,0.95,0.015,268.81657510229047,1.0857261335479025,-0.5665166568771544,0.0,262671.61105143296,6289.044818550474,20406371.64387758,401.8202354493603,312.81050474325355
0.5357142857142856,0.9699999999999999,-0.005,268.81473360332495,0.776603330777634,-0.43757462480350107,0.0,262670.576457294,6289.044415371474,20406178.87288997,401.81919213809374,312.81009864258095
0.5357142857142856,0.9699999999999999,0.005,268.81473360332495,0.7766031334455448,-0.4375675686614325,0.0,262670.5751585334,6289.044415463182,20406178.414083686,401.81919015627494,312.8100978711731
0.5357142857142856,0.9699999999999999,0.015,268.81473360332495,0.776603330777634,-0.43757462480350107,0.0,262670.576457294,6289.044415371474,20406178.87288997,401.81919213809374,312.81009864258095
0.5357142857142856,0.99,-0.005,268.81431958972195,0.45716895770948757,-0.2961449409122017,0.0,262669.99288369314,6289.043873515259,20406121.450002454,401.8186802322362,312.8098993870751
0.5357142857142856,0.99,0.005,268.81431958972195,0.45716671169394163,-0.29614093455957025,0.0,262669.9915763181,6289.043873605324,20406120.98803342,401.8186782356676,312.80989860992554
0.5357142857142856,0.99,0.015,268.81431958972195,0.45716895770948757,-0.2961449409122017,0.0,262669.99288369314,6289.043873515259,20406121.450002454,401.8186802322362,312.8098993870751
0.5357142857142856,1.01,-0.005,268.81400026817585,5.430963783587501e-07,-3.5180701175840316e-07,0.0,262669.89521392446,6289.0442240773555,20406101.14587986,401.81875776426085,312.8099295658409
0.5357142857142856,1.01,0.005,268.81368094662974,-0.4571689577094875,0.2961449409122017,0.0,262669.79754392384,6289.043836233091,20406057.791540608,401.8183814116067,312.8097830733333
0.5357142857142856,1.01,0.015,268.81400026817585,5.430963783587501e-07,-3.5180701175840316e-07,0.0,262669.89521392446,6289.0442240773555,20406101.14587986,401.81875776426085,312.8099295658409
0.6071428571428572,-0.01,-0.005,269.4262886572948,9.193661136199944,6.593109099575821e-18,0.0,262882.94156241417,6289.039305117951,20465877.711386625,402.08001524191496,312.9116055726901
0.6071428571428572,-0.01,0.005,269.4262886572948,9.193661136199944,0.04264557437393644,0.0,262882.9415624142,6289.039302856405,20465877.640582968,402.0800138508807,312.9116050314163
0.6071428571428572,-0.01,0.015,269.4262886572948,9.193661136199944,6.593109099575821e-18,0.0,262882.94156241417,6289.039305117951,20465877.711386625,402.08001524191496,312.9116055726901
0.6071428571428572,0.01,-0.005,269.42628865729483,9.193661136199944,-0.04264557437393644,0.0,262882.9415624142,6289.039302856405,20465877.640582964,402.0800138508807,312.91160503141634
0.6071428571428572,0.01,0.005,269.42628865729483,9.193652611382026,-0.042643732821205545,0.0,262882.9447741246,6289.0393029552915,20465878.772512916,402.0800188840014,312.91160698988455
0.6071428571428572,0.01,0.015,269.42628865729483,9.193661136199944,-0.04264557437393644,0.0,262882.9415624142,6289.039302856405,20465877.640582964,402.0800138508807,312.91160503141634
0.6071428571428572,0.03,-0.005,269.42508269694395,9.18628303341654,-0.12783838035063735,0.0,262882.54634446005,6289.039316074916,20465759.979296796,402.07950188184486,312.9114058159639
0.6071428571428572,0.03,0.005,269.42508269694395,9.186274613987202,-0.1278329338111972,0.0,262882.5495427516,6289.039316173796,20465761.106418658,402.0795068938059,312.91140776619983
0.6071428571428572,0.03,0.015,269.42508269694395,9.18628303341654,-0.12783838035063735,0.0,262882.54634446005,6289.039316074916,20465759.979296796,402.07950188184486,312.9114058159639
0.6071428571428572,0.049999999999999996,-0.005,269.42267505310366,9.171477201337785,-0.21272874965630018,0.0,262881.75705678196,6289.039343301992,20465525.09665413,402.0784802516161,312.9110082826991
0.6071428571428572,0.049999999999999996,0.005,269.42267505310366,9.17146899081424,-0.2127196989195779,0.0,262881.7602397803,6289.039343400889,20465526.218170974,402.0784852389408,312.91101022335107
0.6071428571428572,0.049999999999999996,0.015,269.42267505310366,9.171477201337785,-0.21272874965630018,0.0,262881.75705678196,6289.039343301992,20465525.09665413,402.0784802516161,312.9110082826991
0.6071428571428572,0.07,-0.005,269.4190759976266,9.149270209082136,-0.2971156008621973,0.0,262880.57691478287,6289.039384248906,20465173.99224315,402.07695321164033,312.91041408517845
0.6071428571428572,0.07,0.005,269.4190759976266,9.149262309911283,-0.297102986679581,0.0,262880.5800748502,6289.039384347828,20465175.105359197,402.07695816203767,312.91041601146503
0.6071428571428572,0.07,0.015,269.4190759976266,9.149270209082136,-0.2971156008621973,0.0,262880.57691478287,6289.039384248906,20465173.99224315,402.07695321164033,312.91041408517845
0.6071428571428572,0.09,-0.005,269.41429992264926,9.119681278628342,-0.3807977905684508,0.0,262879.010378073,6289.039438784522,20464708.07242022,402.0749268737594,312.90962560051247
0.6071428571428572,0.09,0.005,269.41429992264926,9.119673790226878,-0.38078166964862364,0.0,262879.01350759575,6289.039438883474,20464709.1743542,402.07493177500055,312.90962750767636
0.6071428571428572,0.09,0.015,269.41429992264926,9.119681278628342,-0.3807977905684508,0.0,262879.010378073,6289.039438784522,20464708.07242022,402.0749268737594,312.90962560051247
0.6071428571428572,0.11,-0.005,269.4083659322949,9.082724586138273,-0.46357468899077897,0.0,262877.06331554125,6289.03950686198,20464129.20793357,402.0724094294523,312.908646014699
0.6071428571428572,0.11,0.005,269.4083659322949,9.082717604208936,-0.46355513365604517,0.0,262877.0664069369,6289.039506960968,20464130.295921918,402.072414269385,312.90864789801253
0.6071428571428572,0.11,0.015,269.4083659322949,9.082724586138273,-0.46357468899077897,0.0,262877.06331554125,6289.03950686198,20464129.20793357,402.0724094294523,312.908646014699
0.6071428571428572,0.13,-0.005,269.40129777056956,9.038413315402986,-0.5452462655739304,0.0,262874.74299291696,6289.039588442669,20463439.72444703,402.0694110723513,312.9074792925019
0.6071428571428572,0.13,0.005,269.40129777056956,9.0384069310982,-0.54522336331647,0.0,262874.74603864376,6289.039588541696,20463440.79574886,402.06941583892046,312.90748114727506
0.6071428571428572,0.13,0.015,269.40129777056956,9.038413315402986,-0.5452462655739304,0.0,262874.74299291696,6289.039588442669,20463439.72444703,402.0694110723513,312.9074792925019
0.6071428571428572,0.15,-0.005,269.3931237181446,8.986763407941154,-0.6256133879335307,0.0,262872.05806416826,6289.039683458518,20462642.391210742,402.0659439309922,312.9061301513188
0.6071428571428572,0.15,0.005,269.3931237181446,8.986757707008806,-0.6255872408815235,0.0,262872.0610567373,6289.039683557588,20462643.44311351,402.0659486122653,312.90613197290935
0.6071428571428572,0.15,0.015,269.3931237181446,8.986763407941154,-0.6256133879335307,0.0,262872.05806416826,6289.039683458518,20462642.391210742,402.0659439309922,312.9061301513188
0.6071428571428572,0.17,-0.005,269.3838764152311,8.927793272309582,-0.7044779631186086,0.0,262869.0185192281,6289.03979180908,20461740.403577935,402.06202199116234,312.9046040310069
0.6071428571428572,0.17,0.005,269.3838764152311,8.927788334368309,-0.7044486874269698,0.0,262869.0214512185,6289.039791908198,20461741.433403827,402.06202657535675,312.9046058148306
0.6071428571428572,0.17,0.015,269.3838764152311,8.927793272309582,-0.7044779631186086,0.0,262869.0185192281,6289.03979180908,20461740.403577935,402.06202199116234,312.9046040310069
0.6071428571428572,0.19,-0.005,269.37359276390134,8.86152275772599,-0.7816429726932219,0.0,262865.6356500596,6289.039913364184,20460737.373469327,402.0576610560085,312.90290707840626
0.6071428571428572,0.19,0.005,269.37359276390134,8.861518655545847,-0.7816106978517798,0.0,262865.6385141351,6289.039913463352,20460738.37858218,402.0576655315219,312.9029088199489
0.6071428571428572,0.19,0.015,269.37359276390134,8.86152275772599,-0.7816429726932219,0.0,262865.6356500596,6289.039913364184,20460737.373469327,402.0576610560085,312.90290707840626
0.6071428571428572,0.21000000000000002,-0.005,269.36231373634234,8.787974210974562,-0.8569126974611063,0.0,262861.92200636544,6289.040047959361,20459637.31039569,402.0528786611772,312.90104611436993
0.6071428571428572,0.21000000000000002,0.005,269.36231373634234,8.787971009816545,-0.8568775655307459,0.0,262861.92479529366,6289.0400480585795,20459638.288208745,402.0528830166212,312.9010478092005
0.6071428571428572,0.21000000000000002,0.015,269.36231373634234,8.787974210974562,-0.8569126974611063,0.0,262861.92200636544,6289.040047959361,20459637.31039569,402.0528786611772,312.90104611436993
0.6071428571428572,0.23,-0.005,269.3500842030103,8.707171828860867,-0.9300927687706055,0.0,262857.89133861684,6289.040195383524,20458444.604183353,402.0476939938274,312.89902860230416
0.6071428571428572,0.23,0.005,269.3500842030103,8.707169585901724,-0.9300549335565,0.0,262857.89404529147,6289.040195482798,20458445.552167647,402.0476982180644,312.89903024608884
0.6071428571428572,0.23,0.015,269.3500842030103,8.707171828860867,-0.9300927687706055,0.0,262857.89133861684,6289.040195383524,20458444.604183353,402.0476939938274,312.89902860230416
0.6071428571428572,0.25,-0.005,269.33695272988433,8.61914188364269,-1.000990319214622,0.0,262853.5585444673,6289.040355376651,20457164.004983794,402.0421278044833,312.896862613924
0.6071428571428572,0.25,0.005,269.33695272988433,8.61914064746968,-1.000949945382684,0.0,262853.56116193306,6289.040355475976,20457164.920677334,402.04213188666716,312.8968642024422
0.6071428571428572,0.25,0.015,269.33695272988433,8.61914188364269,-1.000990319214622,0.0,262853.5585444673,6289.040355376651,20457164.004983794,402.0421278044833,312.896862613924
0.6071428571428572,0.27,-0.005,269.3229713674261,8.523913234305455,-1.0694142027961733,0.0,262848.93961064017,6289.04052761554,20455800.60209756,402.03620230801465,312.89455679078026
0.6071428571428572,0.27,0.005,269.3229713674261,8.523913044480734,-1.0693714649401367,0.0,262848.94213211973,6289.040527714918,20455801.483115166,402.0362062376332,312.8945583199414
0.6071428571428572,0.27,0.015,269.3229713674261,8.523913234305455,-1.0694142027961733,0.0,262848.93961064017,6289.04052761554,20455800.60209756,402.03620230801465,312.89455679078026
0.6071428571428572,0.29,-0.005,269.30819543092093,8.421517144950652,-1.135175107392658,0.0,262844.05154972896,6289.040711708114,20454359.802220497,402.0299410861428,312.8921203063803
0.6071428571428572,0.29,0.005,269.30819543092093,8.421518031651333,-1.1351301890601344,0.0,262844.0539686536,6289.0407118075445,20454360.64626444,402.02994485306544,312.8921217722418
0.6071428571428572,0.29,0.015,269.30819543092093,8.421517144950652,-1.135175107392658,0.0,262844.05154972896,6289.040711708114,20454359.802220497,402.0299410861428,312.8921203063803
0.6071428571428572,0.31,-0.005,269.29268325360266,8.311987493990994,-1.1980857437862327,0.0,262838.9123315341,6289.040907184425,20452847.304923967,402.0233689761878,312.88956282295356
0.6071428571428572,0.31,0.005,269.29268325360266,8.311989477756931,-1.1980388364793866,0.0,262838.9146415757,6289.040907283908,20452848.109795123,402.023372570714,312.8895642217401
0.6071428571428572,0.31,0.015,269.29268325360266,8.311987493990994,-1.1980857437862327,0.0,262838.9123315341,6289.040907184425,20452847.304923967,402.0233689761878,312.88956282295356
0.6071428571428572,0.33,-0.005,269.2764959540126,8.195360754139083,-1.257960998674791,0.0,262833.5408194761,6289.041113495251,20451269.07976743,402.01651197059385,312.8868944524101
0.6071428571428572,0.33,0.005,269.2764959540126,8.195363845670075,-1.257912300822543,0.0,262833.5430145825,6289.0411135947825,20451269.84337709,402.0165153835061,312.886895780534
0.6071428571428572,0.33,0.015,269.2764959540126,8.195360754139083,-1.257960998674791,0.0,262833.5408194761,6289.041113495251,20451269.07976743,402.01651197059385,312.8868944524101
0.6071428571428572,0.35000000000000003,-0.005,269.2596971872809,8.071675963945271,-1.314618064197117,0.0,262827.9566991229,6289.04133000247,20449631.34158366,402.00939710444965,312.88412571262495
0.6071428571428572,0.35000000000000003,0.005,269.2596971872809,8.071680163981025,-1.3145677801123063,0.0,262827.95877355384,6289.041330102049,20449632.061965834,402.00940032706694,312.88412696670736
0.6071428571428572,0.35000000000000003,0.015,269.2596971872809,8.071675963945271,-1.314618064197117,0.0,262827.9566991229,6289.04133000247,20449631.34158366,402.00939710444965,312.88412571262495
0.6071428571428572,0.37,-0.005,269.2423528894526,7.940974760582147,-1.3678765748238344,0.0,262822.1804043567,6289.041555967208,20447940.52501657,402.0020523385764,312.8812674819941
0.6071428571428572,0.37,0.005,269.2423528894526,7.940980059865174,-1.3678249136540728,0.0,262822.18235272245,6289.0415560668325,20447941.200340554,402.0020553628103,312.8812686588863
0.6071428571428572,0.37,0.015,269.2423528894526,7.940974760582147,-1.3678765748238344,0.0,262822.1804043567,6289.041555967208,20447940.52501657,402.0020523385764,312.8812674819941
0.6071428571428572,0.39,-0.005,269.2245310204718,7.8033013211602835,-1.4175587130509493,0.0,262816.2330434809,6289.041790540775,20446203.259020817,401.99450644371734,312.8783309544149
0.6071428571428572,0.39,0.005,269.2245310204718,7.803307700477255,-1.4175058877305993,0.0,262816.2348607815,6289.041790640441,20446203.887604043,401.99450926212893,312.8783320512208
0.6071428571428572,0.39,0.015,269.2245310204718,7.8033013211602835,-1.4175587130509493,0.0,262816.2330434809,6289.041790540775,20446203.259020817,401.99450644371734,312.8783309544149
0.6071428571428572,0.41,-0.005,269.2063012919323,7.6587025000382605,-1.4634893634108,0.0,262810.13632507494,6289.042032761808,20444426.34007013,401.9867888819054,312.87532759316315
0.6071428571428572,0.41,0.005,269.2063012919323,7.658709930331707,-1.4634355896198037,0.0,262810.13800674,6289.042032861511,20444426.920390986,401.98679148776165,312.8753286072613
0.6071428571428572,0.41,0.015,269.2063012919323,7.6587025000382605,-1.4634893634108,0.0,262810.13632507494,6289.042032761808,20444426.34007013,401.9867888819054,312.87532759316315
0.6071428571428572,0.43,-0.005,269.18773490441333,7.50722762997031,-1.5054961728394518,0.0,262803.91248311923,6289.042281552008,20442616.706266545,401.9789296910281,312.8722690860093
0.6071428571428572,0.43,0.005,269.18773490441333,7.507236072523448,-1.5054416679774034,0.0,262803.9140250478,6289.042281651745,20442617.236977078,401.9789320783586,312.8722700150748
0.6071428571428572,0.43,0.015,269.18773490441333,7.50722762997031,-1.5054961728394518,0.0,262803.91248311923,6289.042281552008,20442616.706266545,401.9789296910281,312.8722690860093
0.6071428571428572,0.45,-0.005,269.16890428752544,7.348928928910197,-1.5434097647926865,0.0,262797.584204829,6289.0425357049335,20440781.41150515,401.97095936621594,312.86916729909166
0.6071428571428572,0.45,0.005,269.16890428752544,7.34893833559802,-1.5433547469740316,0.0,262797.58560342895,6289.042535804701,20440781.89144349,401.9709615298676,312.86916814111754
0.6071428571428572,0.45,0.015,269.16890428752544,7.348928928910197,-1.5434097647926865,0.0,262797.584204829,6289.0425357049335,20440781.41150515,401.97095936621594,312.86916729909166
0.6071428571428572,0.47,-0.005,269.14988282942346,7.183861545012248,-1.5770638520753664,0.0,262791.1745553611,6289.042793882549,20438927.598858297,401.9629087413701,312.866034230838
0.6071428571428572,0.47,0.005,269.14988282942346,7.1838718586139,-1.577008539151467,0.0,262791.1758075875,6289.042793982339,20438928.02706056,401.9629106770603,312.8660349841559
0.6071428571428572,0.47,0.015,269.14988282942346,7.183861545012248,-1.5770638520753664,0.0,262791.1745553611,6289.042793882549,20438927.598858297,401.9629087413701,312.866034230838
0.6071428571428572,0.49000000000000005,-0.005,269.1307446172177,7.012083207802447,-1.6062952116750604,0.0,262784.7069022088,6289.043054611389,20437062.475023117,401.9548088750742,312.86288196758534
0.6071428571428572,0.49000000000000005,0.005,269.1307446172177,7.012094362374397,-1.6062398202898946,0.0,262784.7080056008,6289.043054711198,20437062.85073472,401.9548105794407,312.86288263088505
0.6071428571428572,0.49000000000000005,0.015,269.1307446172177,7.012083207802447,-1.6062952116750604,0.0,262784.7069022088,6289.043054611389,20437062.475023117,401.9548088750742,312.86288196758534
0.6071428571428572,0.51,-0.005,269.11156418103116,6.833653982510568,-1.6309436530177692,0.0,262778.20484294486,6289.043316282501,20435193.28525174,401.94669094029217,312.8597226406671
0.6071428571428572,0.51,0.005,269.11156418103116,6.833665903816158,-1.630888397702512,0.0,262778.20579566056,6289.04331638232,20435193.607937925,401.94669241094044,312.8597232130149
0.6071428571428572,0.51,0.015,269.11156418103116,6.833653982510568,-1.6309436530177692,0.0,262778.20484294486,6289.043316282501,20435193.28525174,401.94669094029217,312.8597226406671
0.6071428571428572,0.53,-0.005,269.0924162417568,6.648636326607229,-1.6508520605276167,0.0,262771.6921338054,6289.043577145443,20433327.28846754,401.9385861119351,312.85656838266294
0.6071428571428572,0.53,0.005,269.0924162417568,6.6486489325904685,-1.650797152836013,0.0,262771.6929346539,6289.043577245261,20433327.557822905,401.93858734748017,312.856568863518
0.6071428571428572,0.53,0.015,269.0924162417568,6.648636326607229,-1.6508520605276167,0.0,262771.6921338054,6289.043577145443,20433327.28846754,401.9385861119351,312.85656838266294
0.6071428571428572,0.55,-0.005,269.07337544720434,6.457095394992801,-1.6658665297630546,0.0,262765.1926220627,6289.043835316197,20431471.73168762,401.93052545785594,312.85343128497584
0.6071428571428572,0.55,0.005,269.07337544720434,6.457108596288053,-1.665812177449494,0.0,262765.19327053323,6289.043835416003,20431471.947644632,401.9305264579603,312.8534316742049
0.6071428571428572,0.55,0.015,269.07337544720434,6.457095394992801,-1.6658665297630546,0.0,262765.1926220627,6289.043835316197,20431471.73168762,401.93052545785594,312.85343128497584
0.6071428571428572,0.57,-0.005,269.054516142182,6.259098944472502,-1.6758363480686547,0.0,262758.7301788674,6289.044088770771,20429633.827328455,401.92253983560335,312.85032335764276
0.6071428571428572,0.57,0.005,269.054516142182,6.25911264495032,-1.6757827543128627,0.0,262758.7306751554,6289.044088870552,20429633.99006475,401.92254060101,312.85032365553315
0.6071428571428572,0.57,0.015,269.054516142182,6.259098944472502,-1.6758363480686547,0.0,262758.7301788674,6289.044088770771,20429633.827328455,401.92253983560335,312.85032335764276
0.6071428571428572,0.59,-0.005,269.0359121187329,6.054717089919565,-1.6806138906865462,0.0,262752.32862912474,6289.0443353483615,20427820.728876363,401.91465978639235,312.847256488056
0.6071428571428572,0.59,0.005,269.0359121187329,6.054731187293945,-1.6805612533810037,0.0,262752.328974153,6289.044335448098,20427820.838820454,401.91466031894987,312.8472566953253
0.6071428571428572,0.59,0.015,269.0359121187329,6.054717089919565,-1.6806138906865462,0.0,262752.32862912474,6289.0443353483615,20427820.728876363,401.91465978639235,312.847256488056
0.6071428571428572,0.61,-0.005,269.01763639300606,5.84402229361737,-1.680054594855496,0.0,262746.01169400866,6289.044572763485,20426039.509452883,401.9069154459933,312.84424240626123
0.6071428571428572,0.61,0.005,269.01763639300606,5.844036680050371,-1.6800031059345077,0.0,262746.01188944443,6289.044572863156,20426039.567288518,401.9069157486752,312.84424252406495
0.6071428571428572,0.61,0.015,269.01763639300606,5.84402229361737,-1.680054594855496,0.0,262746.01169400866,6289.044572763485,20426039.509452883,401.9069154459933,312.84424240626123
0.6071428571428572,0.63,-0.005,268.9997609863326,5.627088741262785,-1.6740166331015436,0.0,262739.80292945815,6289.044798615615,20424297.14072093,401.89933645580965,312.8412926503237
0.6071428571428572,0.63,0.005,268.9997609863326,5.627103303987512,-1.6739664779192898,0.0,262739.802977726,6289.044798715196,20424297.147389866,401.8993365327273,312.8412926802603
0.6071428571428572,0.63,0.015,268.9997609863326,5.627088741262785,-1.6740166331015436,0.0,262739.80292945815,6289.044798615615,20424297.14072093,401.89933645580965,312.8412926503237
0.6071428571428572,0.65,-0.005,268.9823567134038,5.403992599183846,-1.6623609133517165,0.0,262733.72566856205,6289.045010388827,20422600.47218083,401.8919518707955,312.8384185304582
0.6071428571428572,0.65,0.005,268.9823567134038,5.404007221139587,-1.6623122701071589,0.0,262733.72557285073,6289.045010488284,20422600.42888387,401.89195172720275,312.8384184745709
0.6071428571428572,0.65,0.015,268.9823567134038,5.403992599183846,-1.6623609133517165,0.0,262733.72566856205,6289.045010388827,20422600.47218083,401.8919518707955,312.8384185304582
0.6071428571428572,0.67,-0.005,268.96549297154604,5.1748118909790035,-1.644950896968711,0.0,262727.80296460696,6289.0452054592915,20420956.21082589,401.8847900726018,312.8356310951887
0.6071428571428572,0.67,0.005,268.96549297154604,5.174826451475702,-1.644903936187053,0.0,262727.802728871,6289.045205558591,20420956.119021893,401.88478971489036,312.8356309559636
0.6071428571428572,0.67,0.015,268.96549297154604,5.1748118909790035,-1.644950896968711,0.0,262727.80296460696,6289.0452054592915,20420956.21082589,401.8847900726018,312.8356310951887
0.6071428571428572,0.69,-0.005,268.94923752297376,4.939626414085161,-1.6216524291425227,0.0,262722.0575395441,6289.045381120701,20419370.90067574,401.87787869062515,312.8329411005788
0.6071428571428572,0.69,0.005,268.94923752297376,4.93964078946779,-1.6216073132014783,0.0,262722.0571684998,6289.045381219798,20419370.7620789,401.8778781263132,312.8329408809407
0.6071428571428572,0.69,0.015,268.94923752297376,4.939626414085161,-1.6216524291425227,0.0,262722.0575395441,6289.045381120701,20419370.90067574,401.87787869062515,312.8329411005788
0.6071428571428572,0.71,-0.005,268.9336563034311,4.69851694777178,-1.5923332101278755,0.0,262716.5117308708,6289.045534596992,20417850.904501125,401.8712445265914,312.83035898083347
0.6071428571428572,0.71,0.005,268.9336563034311,4.698531012087624,-1.5922900928284005,0.0,262716.511229986,6289.045534695838,20417850.721076205,401.87124376430245,312.83035868413754
0.6071428571428572,0.71,0.015,268.9336563034311,4.69851694777178,-1.5923332101278755,0.0,262716.5117308708,6289.045534596992,20417850.904501125,401.8712445265914,312.83035898083347
0.6071428571428572,0.7300000000000001,-0.005,268.9188132406025,4.451564753122564,-1.5568623308770664,0.0,262711.18744532444,6289.045663058905,20416402.38662819,401.8649134856465,312.82789482143056
0.6071428571428572,0.7300000000000001,0.005,268.9188132406025,4.45157837878825,-1.5568213570564258,0.0,262711.18682080216,6289.045663157441,20416402.160583753,401.8649125350792,312.8278944514506
0.6071428571428572,0.7300000000000001,0.015,268.9188132406025,4.451564753122564,-1.5568623308770664,0.0,262711.18744532444,6289.045663058905,20416402.38662819,401.8649134856465,312.82789482143056
0.6071428571428572,0.75,-0.005,268.90477005504977,4.198852016903686,-1.5151102504506349,0.0,262706.1061168039,6289.045763649738,20415031.294323742,401.85891050551555,312.82555833149706
0.6071428571428572,0.75,0.005,268.90477005504977,4.198865075364689,-1.5150715556324683,0.0,262706.10537556035,6289.045763747897,20415031.02810348,401.85890937740595,312.8255578924107
0.6071428571428572,0.75,0.015,268.90477005504977,4.198852016903686,-1.5151102504506349,0.0,262706.1061168039,6289.045763649738,20415031.294323742,401.85891050551555,312.82555833149706
0.6071428571428572,0.7699999999999999,-0.005,268.89158606738243,3.9404612681845927,-1.4669482662991506,0.0,262701.2886587113,6289.045833506373,20413743.339645173,401.85325948539844,312.82335881608026
0.6071428571428572,0.7699999999999999,0.005,268.89158606738243,3.940473630564857,-1.4669119763767289,0.0,262701.28780834744,6289.04583360408,20413743.035917196,401.8532581914723,312.82335831245075
0.6071428571428572,0.7699999999999999,0.015,268.89158606738243,3.9404612681845927,-1.4669482662991506,0.0,262701.2886587113,6289.045833506373,20413743.339645173,401.85325948539844,312.82335881608026
0.6071428571428572,0.79,-0.005,268.87931801082703,3.676474707497086,-1.412247911619309,0.0,262696.7554177833,6289.04586977853,20412543.981765233,401.8479832160754,312.8213051488888
0.6071428571428572,0.79,0.005,268.87931801082703,3.67648624523312,-1.4122141425664008,0.0,262696.7544665502,6289.045869875701,20412543.64340941,401.84798176899244,312.8213045856431
0.6071428571428572,0.79,0.015,268.87931801082703,3.676474707497086,-1.412247911619309,0.0,262696.7554177833,6289.04586977853,20412543.981765233,401.8479832160754,312.8213051488888
0.6071428571428572,0.81,-0.005,268.8680198511097,3.40697416405257,-1.3508806600334906,0.0,262692.5261366975,6289.045869654819,20411438.410226308,401.84310331734105,312.8194057478849
0.6071428571428572,0.81,0.005,268.8680198511097,3.4069847495167034,-1.3508495176423432,0.0,262692.52509345626,6289.045869751361,20411438.040319704,401.84310173063045,312.81940513028826
0.6071428571428572,0.81,0.015,268.8680198511097,3.40697416405257,-1.3508806600334906,0.0,262692.5261366975,6289.045869654819,20411438.410226308,401.84310331734105,312.8194057478849
0.6071428571428572,0.83,-0.005,268.8577426012515,3.132038872974725,-1.2827163736913774,0.0,262688.6199112316,6289.045830398789,20410431.52800838,401.83864017936025,312.81766855240227
0.6071428571428572,0.83,0.005,268.8577426012515,3.1320483800893912,-1.2826879533356081,0.0,262688.6187854072,6289.045830494597,20410431.129808873,401.8386384673485,312.8176678860309
0.6071428571428572,0.83,0.015,268.8577426012515,3.132038872974725,-1.2827163736913774,0.0,262688.6199112316,6289.045830398789,20410431.52800838,401.83864017936025,312.81766855240227
0.6071428571428572,0.85,-0.005,268.84853410867083,2.8517446588338395,-1.2076224797640418,0.0,262685.0551519344,6289.04574939176,20409527.932099126,401.8346128962481,312.81610099723923
0.6071428571428572,0.85,0.005,268.84853410867083,2.851752963672536,-1.2075968661828838,0.0,262685.0539534638,6289.045749486721,20409527.509026997,401.8346110739775,312.8161002879479
0.6071428571428572,0.85,0.015,268.84853410867083,2.8517446588338395,-1.2076224797640418,0.0,262685.0551519344,6289.04574939176,20409527.932099126,401.8346128962481,312.81610099723923
0.6071428571428572,0.87,-0.005,268.84043886505765,2.566164495952946,-1.1254639703697575,0.0,262681.84955885913,6289.045624175056,20408731.89627128,401.8310392091175,312.8147099904369
0.6071428571428572,0.87,0.005,268.84043886505765,2.5661714773000788,-1.1254412374533942,0.0,262681.84829813446,6289.04562426905,20408731.45188944,401.83103729225877,312.8147092443253
0.6071428571428572,0.87,0.015,268.84043886505765,2.566164495952946,-1.1254639703697575,0.0,262681.84955885913,6289.045624175056,20408731.89627128,401.8310392091175,312.8147099904369
0.6071428571428572,0.89,-0.005,268.83349781224774,2.275367548674245,-1.0361025085307625,0.0,262679.0200867419,6289.0454524826855,20408047.353168,401.82793544154845,312.8135018881102
0.6071428571428572,0.89,0.005,268.83349781224774,2.27537308857457,-1.0360827191149498,0.0,262679.0187745498,6289.045452575581,20408046.89116081,401.8279334463076,312.8135011114864
0.6071428571428572,0.89,0.015,268.83349781224774,2.275367548674245,-1.0361025085307625,0.0,262679.0200867419,6289.0454524826855,20408047.353168,401.82793544154845,312.8135018881102
0.6071428571428572,0.9099999999999999,-0.005,268.8277482064958,1.9794160603219315,-0.9393940621374678,0.0,262676.5829150951,6289.045232251852,20407477.881408006,401.8253164467033,312.8124824738142
0.6071428571428572,0.9099999999999999,0.005,268.8277482064958,1.9794200446800208,-0.9393772678388925,0.0,262676.58156255184,6289.045232343512,20407477.405558743,401.825314389722,312.81248167315607
0.6071428571428572,0.9099999999999999,0.015,268.8277482064958,1.9794160603219315,-0.9393940621374678,0.0,262676.5829150951,6289.045232251852,20407477.881408006,401.8253164467033,312.8124824738142
0.6071428571428572,0.93,-0.005,268.8232234833381,1.6783698544057934,-0.8351911161614014,0.0,262674.55346040736,6289.044961676558,20407026.69408899,401.82319558122504,312.8116569483389
0.6071428571428572,0.93,0.005,268.8232234833381,1.6783721736388997,-0.8351773572553777,0.0,262674.5520788904,6289.044961766837,20407026.208256304,401.8231934794763,312.81165613025337
0.6071428571428572,0.93,0.015,268.8232234833381,1.6783698544057934,-0.8351911161614014,0.0,262674.55346040736,6289.044961676558,20407026.69408899,401.82319558122504,312.8116569483389
0.6071428571428572,0.9500000000000001,-0.005,268.8199530919972,1.3722902128933745,-0.7233446664226766,0.0,262672.9463609652,6289.044639237639,20406696.623570707,401.82158465155806,312.8110299087741
0.6071428571428572,0.9500000000000001,0.005,268.8199530919972,1.3722907626038952,-0.7233339717395121,0.0,262672.9449620414,6289.0446393263865,20406696.131663993,401.8215825222371,312.8110290799546
0.6071428571428572,0.9500000000000001,0.015,268.8199530919972,1.3722902128933745,-0.7233446664226766,0.0,262672.9463609652,6289.044639237639,20406696.623570707,401.82158465155806,312.8110299087741
0.6071428571428572,0.97,-0.005,268.81796261665977,1.061233513651527,-0.6036992428703029,0.0,262671.77543604,6289.044263524307,20406490.127814796,401.8204938561032,312.8106053259564
0.6071428571428572,0.97,0.005,268.81796261665977,1.0612321952811041,-0.6036916296960304,0.0,262671.77403138974,6289.044263611363,20406489.633768395,401.8204917165132,312.81060449313867
0.6071428571428572,0.97,0.015,268.81796261665977,1.061233513651527,-0.6036992428703029,0.0,262671.77543604,6289.044263524307,20406490.127814796,401.8204938561032,312.8106053259564
0.6071428571428572,0.99,-0.005,268.8173889317536,0.7390985734047439,-0.47174704135153384,0.0,262671.05080144963,6289.0437615614865,20406418.321746495,401.81993747770986,312.8103887601952
0.6071428571428572,0.99,0.005,268.8173889317536,0.7390953112083295,-0.4717425174952061,0.0,262671.04940064193,6289.043761646404,20406417.82876119,401.81993534178,312.81038792880156
0.6071428571428572,0.99,0.015,268.8173889317536,0.7390985734047439,-0.47174704135153384,0.0,262671.05080144963,6289.0437615614865,20406418.321746495,401.81993747770986,312.8103887601952
0.6071428571428572,1.01,-0.005,268.81710106519756,7.91595728726298e-07,-5.052545849681494e-07,0.0,262670.9850725681,6289.044756983976,20406421.22334443,401.8204249733865,312.8105785139277
0.6071428571428572,1.01,0.005,268.8168131986415,-0.7390985734047438,0.4717470413515339,0.0,262670.9193435458,6289.04383908261,20406364.39736742,401.81973638023896,312.81031048460443
0.6071428571428572,1.01,0.015,268.81710106519756,7.91595728726298e-07,-5.052545849681494e-07,0.0,262670.9850725681,6289.044756983976,20406421.22334443,401.8204249733865,312.8105785139277
0.6785714285714284,-0.01,-0.005,269.4285447148947,9.475338275553163,0.0,0.0,262885.9685004583,6289.038712428251,20466080.00953728,402.08062350472113,312.9118422574445
0.6785714285714284,-0.01,0.005,269.4285447148947,9.475338275553163,0.04218391975941645,0.0,262885.9685004583,6289.038710215407,20466079.940257687,402.08062214364065,312.91184172782664
0.6785714285714284,-0.01,0.015,269.4285447148947,9.475338275553163,0.0,0.0,262885.9685004583,6289.038712428251,20466080.00953728,402.08062350472113,312.9118422574445
0.6785714285714284,0.01,-0.005,269.4285447148947,9.475338275553163,-0.04218391975941645,0.0,262885.9685004583,6289.038710215407,20466079.940257687,402.08062214364065,312.91184172782664
0.6785714285714284,0.01,0.005,269.4285447148947,9.475328875690519,-0.04218209169229917,0.0,262885.9718325591,6289.038710317404,20466081.11738382,402.0806273772832,312.9118437643196
0.6785714285714284,0.01,0.015,269.4285447148947,9.475338275553163,-0.04218391975941645,0.0,262885.9685004583,6289.038710215407,20466079.940257687,402.08062214364065,312.91184172782664
0.6785714285714284,0.030000000000000002,-0.005,269.42734245043266,9.46797747337379,-0.12645801648777721,0.0,262885.57205766154,6289.03872293605,20465962.6255641,402.0801114680505,312.9116430158254
0.6785714285714284,0.030000000000000002,0.005,269.42734245043266,9.467968172013626,-0.12645261363036364,0.0,262885.57537495345,6289.038723038037,20465963.797405813,402.08011667843374,312.91164504326906
0.6785714285714284,0.030000000000000002,0.015,269.42734245043266,9.46797747337379,-0.12645801648777721,0.0,262885.57205766154,6289.03872293605,20465962.6255641,402.0801114680505,312.9116430158254
0.6785714285714284,0.05,-0.005,269.4249417662053,9.453211362511714,-0.2104439155509057,0.0,262884.78024362633,6289.038749187619,20465728.394229025,402.07909224992846,312.9112464214525
0.6785714285714284,0.05,0.005,269.4249417662053,9.45320225555471,-0.21043493699444862,0.0,262884.78354339954,6289.038749289616,20465729.55970796,402.0790974323364,312.91124843801316
0.6785714285714284,0.05,0.015,269.4249417662053,9.453211362511714,-0.2104439155509057,0.0,262884.78024362633,6289.038749187619,20465728.394229025,402.07909224992846,312.9112464214525
0.6785714285714284,0.07,-0.005,269.42135293288663,9.431060847890441,-0.2939504564163822,0.0,262883.5962692445,6289.038788769402,20465378.24856862,402.07756879477694,312.91065361930106
0.6785714285714284,0.07,0.005,269.42135293288663,9.431052030879234,-0.29393794196297923,0.0,262883.59954277176,6289.038788871416,20465379.404517133,402.0775739352804,312.91065561955975
0.6785714285714284,0.07,0.015,269.42135293288663,9.431060847890441,-0.2939504564163822,0.0,262883.5962692445,6289.038788769402,20465378.24856862,402.07756879477694,312.91065361930106
0.6785714285714284,0.08999999999999998,-0.005,269.4165904283268,9.40154488457438,-0.37678641846244365,0.0,262882.02463137434,6289.0388415517555,20464913.603368092,402.07554725234024,312.9098670012336
0.6785714285714284,0.08999999999999998,0.005,269.4165904283268,9.401536450218142,-0.37677042350022344,0.0,262882.02786997147,6289.038841653789,20464914.746639393,402.07555233709985,312.9098689798064
0.6785714285714284,0.08999999999999998,0.015,269.4165904283268,9.40154488457438,-0.37678641846244365,0.0,262882.02463137434,6289.0388415517555,20464913.603368092,402.07554725234024,312.9098670012336
0.6785714285714284,0.10999999999999999,-0.005,269.4106733847816,9.364677753592703,-0.4587610442670757,0.0,262880.0712238763,6289.0389074862505,20464336.332066163,402.07303582528465,312.90888975760555
0.6785714285714284,0.10999999999999999,0.005,269.4106733847816,9.364669791160589,-0.4587416394540617,0.0,262880.0744189193,6289.038907588306,20464337.45954085,402.07304084057967,312.9088917091545
0.6785714285714284,0.10999999999999999,0.015,269.4106733847816,9.364677753592703,-0.4587610442670757,0.0,262880.0712238763,6289.0389074862505,20464336.332066163,402.07303582528465,312.90888975760555
0.6785714285714284,0.13,-0.005,269.403625566954,9.320472735553393,-0.53968420208242,0.0,262877.74333962996,6289.038986536891,20463648.762416374,402.07004471779595,312.90772585729303
0.6785714285714284,0.13,0.005,269.403625566954,9.320465330116706,-0.5396614729197778,0.0,262877.7464825719,6289.038986638968,20463649.871009737,402.0700496500561,312.90772777653854
0.6785714285714284,0.13,0.015,269.403625566954,9.320472735553393,-0.53968420208242,0.0,262877.74333962996,6289.038986536891,20463648.762416374,402.07004471779595,312.90772585729303
0.6785714285714284,0.15,-0.005,269.3954752852558,9.26894563218418,-0.6193666547168183,0.0,262875.04966056684,6289.039078630592,20462853.66640238,402.06658606818246,312.9063800215031
0.6785714285714284,0.15,0.005,269.3954752852558,9.268938863853947,-0.6193407010394019,0.0,262875.0527429562,6289.039078732694,20462854.75307197,402.0665909040206,312.90638190323693
0.6785714285714284,0.15,0.015,269.3954752852558,9.26894563218418,-0.6193666547168183,0.0,262875.04966056684,6289.039078630592,20462853.66640238,402.06658606818246,312.9063800215031
0.6785714285714284,0.17,-0.005,269.386255192641,9.210114970682206,-0.6976202516722776,0.0,262872.00020584237,6289.039183662856,20461954.240473043,402.0626738652602,312.90485769127895
0.6785714285714284,0.17,0.005,269.386255192641,9.210108913925977,-0.6975911870617584,0.0,262872.0032193446,6289.039183764983,20461955.302227426,402.0626785915106,312.9048595303787
0.6785714285714284,0.17,0.015,269.386255192641,9.210114970682206,-0.6976202516722776,0.0,262872.00020584237,6289.039183662856,20461954.240473043,402.0626738652602,312.90485769127895
0.6785714285714284,0.19,-0.005,269.3760021981788,9.14400051380449,-0.7742579449947944,0.0,262868.6062962784,6289.039301500588,20460954.09711489,402.0583239134256,312.9031650139556
0.6785714285714284,0.19,0.005,269.3760021981788,9.143995236794561,-0.7742258961147416,0.0,262868.6092326985,6289.03930160274,20460955.131022334,402.05832851718196,312.9031668053995
0.6785714285714284,0.19,0.015,269.3760021981788,9.14400051380449,-0.7742579449947944,0.0,262868.6062962784,6289.039301500588,20460954.09711489,402.0583239134256,312.9031650139556
0.6785714285714284,0.21,-0.005,269.3647572708947,9.07062447003015,-0.8490940102886235,0.0,262864.8805097859,6289.039431976294,20459857.245404072,402.05355374513,312.9013088091517
0.6785714285714284,0.21,0.005,269.3647572708947,9.070620034028178,-0.8490591161511851,0.0,262864.88336109277,6289.039432078469,20459858.248602085,402.0535582137871,312.90131054803527
0.6785714285714284,0.21,0.015,269.3647572708947,9.07062447003015,-0.8490940102886235,0.0,262864.8805097859,6289.039431976294,20459857.245404072,402.05355374513,312.9013088091517
0.6785714285714284,0.23,-0.005,269.35256525953747,8.990010806128241,-0.9219440938352927,0.0,262860.8366218359,6289.039574877402,20458668.072962347,402.04838253728155,312.89929653629423
0.6785714285714284,0.23,0.005,269.35256525953747,8.990007264950057,-0.9219065050076775,0.0,262860.83938018925,6289.039574979599,20458669.042667743,402.04838685857914,312.8992982178468
0.6785714285714284,0.23,0.015,269.35256525953747,8.990010806128241,-0.9219440938352927,0.0,262860.8366218359,6289.039574877402,20458668.072962347,402.04838253728155,312.89929653629423
0.6785714285714284,0.25,-0.005,269.3394746848558,8.90218547989412,-0.9926253591951296,0.0,262856.48955022084,6289.039729943816,20457391.32547605,402.04283102087294,312.8971362595081
0.6785714285714284,0.25,0.005,269.3394746848558,8.902182879438763,-0.9925852369518365,0.0,262856.49220800085,6289.03973004603,20457392.25899564,402.042835182943,312.8971378791114
0.6785714285714284,0.25,0.015,269.3394746848558,8.90218547989412,-0.9926253591951296,0.0,262856.48955022084,6289.039729943816,20457391.32547605,402.04283102087294,312.8971362595081
0.6785714285714284,0.27,-0.005,269.32553752630065,8.807176921394591,-1.0609566903680352,0.0,262851.855295088,6289.039896851883,20456032.08524308,402.0369213798762,312.89483660833093
0.6785714285714284,0.27,0.005,269.32553752630065,8.807175299234942,-1.060914205795841,0.0,262851.8578449265,6289.03989695411,20456032.97998494,402.0369253712925,312.8948381615385
0.6785714285714284,0.27,0.015,269.32553752630065,8.807176921394591,-1.0609566903680352,0.0,262851.855295088,6289.039896851883,20456032.08524308,402.0369213798762,312.89483660833093
0.6785714285714284,0.29,-0.005,269.31080900026745,8.705015795296369,-1.1267587839992703,0.0,262846.95087416697,6289.040075208561,20454595.749210507,402.0306771527665,312.89240673945113
0.6785714285714284,0.29,0.005,269.31080900026745,8.705015180337028,-1.1267141170631492,0.0,262846.9533089809,6289.040075310797,20454596.602695797,402.0306809625964,312.8924082220082
0.6785714285714284,0.29,0.015,269.31080900026745,8.705015795296369,-1.1267587839992703,0.0,262846.95087416697,6289.040075208561,20454595.749210507,402.0306771527665,312.89240673945113
0.6785714285714284,0.31,-0.005,269.295347298872,8.595735333028635,-1.1898543527571737,0.0,262841.7942512253,6289.040264543443,20453088.003081836,402.0241231156881,312.88985629130156
0.6785714285714284,0.31,0.005,269.295347298872,8.595735745266174,-1.189807691341176,0.0,262841.79656425276,6289.0402646456805,20453088.81295716,402.02412673354706,312.88985769916655
0.6785714285714284,0.31,0.015,269.295347298872,8.595735333028635,-1.1898543527571737,0.0,262841.7942512253,6289.040264543443,20453088.003081836,402.0241231156881,312.88985629130156
0.6785714285714284,0.33,-0.005,269.2792133639734,8.479371155585454,-1.2500682443439732,0.0,262836.4042733428,6289.040464309355,20451514.7991461,402.01728518609235,312.88719534661783
0.6785714285714284,0.33,0.005,269.2792133639734,8.47937260590841,-1.2500197832631528,0.0,262836.4064581803,6289.040464411588,20451515.563196216,402.0172886022004,312.88719667598417
0.6785714285714284,0.33,0.015,269.2792133639734,8.479371155585454,-1.2500682443439732,0.0,262836.4042733428,6289.040464309355,20451514.7991461,402.01728518609235,312.88719534661783
0.6785714285714284,0.35,-0.005,269.26247063477444,8.35596121449858,-1.307227543068316,0.0,262830.8005974729,6289.0406738721595,20449882.331184894,402.01019030829815,312.88443438795946
0.6785714285714284,0.35,0.005,269.26247063477444,8.355963704563028,-1.3071774830660705,0.0,262830.80264811317,6289.0406739743785,20449883.047345642,402.01019351353636,312.8844356352775
0.6785714285714284,0.35,0.015,269.26247063477444,8.35596121449858,-1.307227543068316,0.0,262830.8005974729,6289.0406738721595,20449882.331184894,402.01019030829815,312.88443438795946
0.6785714285714284,0.37,-0.005,269.2451847882955,8.225545808255845,-1.361161680997563,0.0,262825.0036150206,6289.0408924989815,20448197.008637045,402.0028663349747,312.88158425164045
0.6785714285714284,0.37,0.005,269.2451847882955,8.225549330437207,-1.3611102277361289,0.0,262825.0055258928,6289.040892601177,20448197.675008472,402.0028693209438,312.88158541364055
0.6785714285714284,0.37,0.015,269.2451847882955,8.225545808255845,-1.361161680997563,0.0,262825.0036150206,6289.0408924989815,20448197.008637045,402.0028663349747,312.88158425164045
0.6785714285714284,0.39000000000000007,-0.005,269.2274234800295,8.088167475204155,-1.4117025119344302,0.0,262819.03437688976,6289.0411193502305,20446465.43090458,401.99534191097683,312.87865608257175
0.6785714285714284,0.39000000000000007,0.005,269.2274234800295,8.088172012621325,-1.411649874985244,0.0,262819.03614289867,6289.041119452393,20446466.04576398,401.99534467005464,312.87865715628635
0.6785714285714284,0.39000000000000007,0.015,269.2274234800295,8.088167475204155,-1.4117025119344302,0.0,262819.03437688976,6289.0411193502305,20446465.43090458,401.99534191097683,312.87865608257175
0.6785714285714284,0.41,-0.005,269.20925607036213,7.94387115430178,-1.4586844441209688,0.0,262812.9145194535,6289.041353478347,20444694.36048191,401.98764635511975,312.87566128829593
0.6785714285714284,0.41,0.005,269.20925607036213,7.94387668090439,-1.458630835959975,0.0,262812.9161360193,6289.041353580465,20444694.922296703,401.9876488805183,312.875662271082
0.6785714285714284,0.41,0.015,269.20925607036213,7.94387115430178,-1.4586844441209688,0.0,262812.9145194535,6289.041353478347,20444694.36048191,401.98764635511975,312.87566128829593
0.6785714285714284,0.43,-0.005,269.19075336143186,7.792703938491799,-1.501944466694563,0.0,262806.6661884931,6289.041593823013,20442890.697002806,401.97980954420694,312.8726114938938
0.6785714285714284,0.43,0.005,269.19075336143186,7.7927104192160135,-1.5018901017109683,0.0,262806.6676515904,6289.0415939250715,20442891.204443026,401.9798118300279,312.8726123834544
0.6785714285714284,0.43,0.015,269.19075336143186,7.792703938491799,-1.501944466694563,0.0,262806.6661884931,6289.041593823013,20442890.697002806,401.97980954420694,312.8726114938938
0.6785714285714284,0.45,-0.005,269.1719873365514,7.634715403068906,-1.5413223047818416,0.0,262800.31196642603,6289.041839201087,20441061.45138073,401.971861794848,312.86951849602474
0.6785714285714284,0.45,0.005,269.1719873365514,7.634722794054885,-1.5412673983060066,0.0,262800.31327262195,6289.041839303073,20441061.903331045,401.971863836136,312.8695192904296
0.6785714285714284,0.45,0.015,269.1719873365514,7.634715403068906,-1.5413223047818416,0.0,262800.31196642603,6289.041839201087,20441061.45138073,401.971861794848,312.86951849602474
0.6785714285714284,0.47,-0.005,269.1530308905918,7.469957659448289,-1.5766605005646284,0.0,262793.874797734,6289.042088304872,20439213.719332546,401.9638337464093,312.8663942174008
0.6785714285714284,0.47,0.005,269.1530308905918,7.469965908313959,-1.5766052679205258,0.0,262793.87594422436,6289.04208840677,20439214.114903618,401.9638355392025,312.86639491510624
0.6785714285714284,0.47,0.015,269.1530308905918,7.469957659448289,-1.5766605005646284,0.0,262793.874797734,6289.042088304872,20439213.719332546,401.9638337464093,312.8663942174008
0.6785714285714284,0.49,-0.005,269.1339575718258,7.298484967634465,-1.6078043507937543,0.0,262787.3779132429,6289.0423396986425,20437354.655977994,401.9557562477572,312.86325066273054
0.6785714285714284,0.49,0.005,269.1339575718258,7.298494013806137,-1.6077490063827626,0.0,262787.3788978865,6289.042339800433,20437354.994517073,401.9557577891339,312.8632512625977
0.6785714285714284,0.49,0.015,269.1339575718258,7.298484967634465,-1.6078043507937543,0.0,262787.3779132429,6289.0423396986425,20437354.655977994,401.9557562477572,312.86325066273054
0.6785714285714284,0.51,-0.005,269.1148413272325,7.120353443821984,-1.6346018328632477,0.0,262780.8447578216,6289.042591819145,20435491.450910497,401.94766024784366,312.86009987615097
0.6785714285714284,0.51,0.005,269.1148413272325,7.120363218917229,-1.634546589284264,0.0,262780.8455791728,6289.042591920808,20435491.732011102,401.94766153596606,312.86010037746263
0.6785714285714284,0.51,0.015,269.1148413272325,7.120353443821984,-1.6346018328632477,0.0,262780.8447578216,6289.042591819145,20435491.450910497,401.94766024784366,312.86009987615097
0.6785714285714284,0.53,-0.005,269.09575625374885,6.9356210754505785,-1.656903597654113,0.0,262774.2989198549,6289.0428429704425,20433631.303681463,401.9395766852834,312.8569538982594
0.6785714285714284,0.53,0.005,269.09575625374885,6.935631503702498,-1.656848664862271,0.0,262774.29957719287,6289.042843071955,20433631.52719209,401.93957771943633,312.85695430073525
0.6785714285714284,0.53,0.015,269.09575625374885,6.9356210754505785,-1.656903597654113,0.0,262774.2989198549,6289.0428429704425,20433631.303681463,401.9395766852834,312.8569538982594
0.6785714285714284,0.55,-0.005,269.0767763389774,6.744348075241074,-1.6745630760018035,0.0,262767.7640659035,6289.0430913333485,20431781.398717407,401.9315363822585,312.85382472482326
0.6785714285714284,0.55,0.005,269.0767763389774,6.744359073954237,-1.674508660507133,0.0,262767.7645592577,6289.043091434683,20431781.564749017,401.9315371628824,312.8538250286327
0.6785714285714284,0.55,0.015,269.0767763389774,6.744348075241074,-1.6745630760018035,0.0,262767.7640659035,6289.0430913333485,20431781.398717407,401.9315363822585,312.85382472482326
0.6785714285714284,0.57,-0.005,269.05797523851777,6.546596656440576,-1.687436375603578,0.0,262761.26387466065,6289.043334959174,20429948.883339502,401.92356994448716,312.8507242678418
0.6785714285714284,0.57,0.005,269.05797523851777,6.546608136478157,-1.6873826797127283,0.0,262761.26420483424,6289.0433350603,20429948.992271844,401.9235704732068,312.85072447361523
0.6785714285714284,0.57,0.015,269.05797523851777,6.546596656440576,-1.687436375603578,0.0,262761.26387466065,6289.043334959174,20429948.883339502,401.92356994448716,312.8507242678418
0.6785714285714284,0.59,-0.005,269.03942601890566,6.34243093027768,-1.6953822047313847,0.0,262754.8219662309,6289.043571773812,20428140.842748705,401.91570765261486,312.8476643132637
0.6785714285714284,0.59,0.005,269.03942601890566,6.342442796624473,-1.6953294258544807,0.0,262754.8221348183,6289.043571874698,20428140.89523502,401.91570793226015,312.8476644221004
0.6785714285714284,0.59,0.015,269.03942601890566,6.34243093027768,-1.6953822047313847,0.0,262754.8219662309,6289.043571773812,20428140.842748705,401.91570765261486,312.8476643132637
0.6785714285714284,0.61,-0.005,269.02120095222705,6.1319167767734255,-1.698261782013046,0.0,262748.4618495485,6289.043799591346,20426364.280373313,401.90797938166577,312.84465648961776
0.6785714285714284,0.61,0.005,269.02120095222705,6.131928929084355,-1.6982101120062945,0.0,262748.46185894933,6289.043799691952,20426364.2773435,401.9079794162865,312.84465650309215
0.6785714285714284,0.61,0.015,269.02120095222705,6.1319167767734255,-1.698261782013046,0.0,262748.4618495485,6289.043799591346,20426364.280373313,401.90797938166577,312.84465648961776
0.6785714285714284,0.63,-0.005,269.00337130781764,5.915121174918424,-1.6959384730892526,0.0,262742.20686315215,6289.044016122324,20424626.097772084,401.9004145158807,312.84171223484327
0.6785714285714284,0.63,0.005,269.00337130781764,5.9151335080808005,-1.6958880976426416,0.0,262742.2067165796,6289.044016222607,20424626.040434275,401.9004143107532,312.84171215500703
0.6785714285714284,0.63,0.015,269.00337130781764,5.915121174918424,-1.6959384730892526,0.0,262742.20686315215,6289.044016122324,20424626.097772084,401.9004145158807,312.84171223484327
0.6785714285714284,0.65,-0.005,268.9860071484357,5.692112411192033,-1.6882777205248742,0.0,262736.0801203162,6289.04421897424,20422933.074738268,401.8930418606096,312.83884276196727
0.6785714285714284,0.65,0.005,268.9860071484357,5.692124815896242,-1.6882288185923005,0.0,262736.0798218009,6289.044219074151,20422932.964578632,401.8930414222366,312.8388425913496
0.6785714285714284,0.65,0.015,268.9860071484357,5.692112411192033,-1.6882777205248742,0.0,262736.0801203162,6289.04421897424,20422933.074738268,401.8930418606096,312.83884276196727
0.6785714285714284,0.67,-0.005,268.9691771207454,5.462959989018545,-1.6751468445017104,0.0,262730.1044534105,6289.044405659625,20421291.84909092,401.88588955634737,312.8360590256114
0.6785714285714284,0.67,0.005,268.9691771207454,5.462972352372189,-1.6750995877900106,0.0,262730.10400779784,6289.044405759109,20421291.687871426,401.8858888924483,312.83605876721526
0.6785714285714284,0.67,0.015,268.9691771207454,5.462959989018545,-1.6751468445017104,0.0,262730.1044534105,6289.044405659625,20421291.84909092,401.88588955634737,312.8360590256114
0.6785714285714284,0.69,-0.005,268.95294824987513,5.22773463022194,-1.6564148893939785,0.0,262724.30236699997,6289.044573621531,20419708.897413913,401.8789850051534,312.8333716933133
0.6785714285714284,0.69,0.005,268.95294824987513,5.227746836356559,-1.656369441891749,0.0,262724.301779942,6289.044573720526,20419708.687168207,401.87898412464637,312.8333713506082
0.6785714285714284,0.69,0.015,268.95294824987513,5.22773463022194,-1.6564148893939785,0.0,262724.30236699997,6289.044573621531,20419708.897413913,401.8789850051534,312.8333716933133
0.6785714285714284,0.71,-0.005,268.9373857602317,4.986507468770182,-1.6319520948340736,0.0,262718.6959876382,6289.0447202440555,20418190.5179021,401.8723547991483,312.8307911176526
0.6785714285714284,0.71,0.005,268.9373857602317,4.986519399453547,-1.6319086123838609,0.0,262718.6952655795,6289.044720342493,20418190.26092944,401.87235371212336,312.8307906945645
0.6785714285714284,0.71,0.015,268.9373857602317,4.986507468770182,-1.6319520948340736,0.0,262718.6959876382,6289.0447202440555,20418190.5179021,401.8723547991483,312.8307911176526
0.6785714285714284,0.73,-0.005,268.9225529048323,4.7393494936494145,-1.601629404407192,0.0,262713.30702054163,6289.044842867888,20416742.814201657,401.86602465571553,312.82832731098307
0.6785714285714284,0.73,0.005,268.9225529048323,4.739361028900343,-1.6015880343193845,0.0,262713.30617069895,6289.044842965691,20416742.513058804,401.8660233733986,312.8283268118801
0.6785714285714284,0.73,0.015,268.9225529048323,4.7393494936494145,-1.601629404407192,0.0,262713.30702054163,6289.044842867888,20416742.814201657,401.86602465571553,312.82832731098307
0.6785714285714284,0.7499999999999999,-0.005,268.9085107770561,4.486332067498539,-1.5653184446225568,0.0,262708.1567123471,6289.044938817008,20415371.677881725,401.86001935192286,312.82598991985816
0.6785714285714284,0.7499999999999999,0.005,268.9085107770561,4.486343086193735,-1.565279325324578,0.0,262708.1557426838,6289.044938914092,20415371.335372966,401.860017886633,312.82598934953427
0.6785714285714284,0.7499999999999999,0.015,268.9085107770561,4.486332067498539,-1.5653184446225568,0.0,262708.1567123471,6289.044938817008,20415371.677881725,401.86001935192286,312.82598991985816
0.6785714285714284,0.77,-0.005,268.8953181334871,4.227526445319039,-1.5228910538393092,0.0,262703.26580828056,6289.045005417545,20414082.77174937,401.85436265887915,312.8237881994293
0.6785714285714284,0.77,0.005,268.8953181334871,4.227536825791711,-1.5228543145574227,0.0,262703.26472747396,6289.045005513815,20414082.39091451,401.8543610239745,312.82378756308304
0.6785714285714284,0.77,0.015,268.8953181334871,4.227526445319039,-1.5228910538393092,0.0,262703.26580828056,6289.045005417545,20414082.77174937,401.85436265887915,312.8237881994293
0.6785714285714284,0.79,-0.005,268.8830312224824,3.963003192851533,-1.474218739808111,0.0,262698.6545108475,6289.0450400151685,20412881.513680488,401.84907727762345,312.82173098843856
0.6785714285714284,0.79,0.005,268.8830312224824,3.9630128134774614,-1.474184500277149,0.0,262698.6533282511,6289.0450401105245,20412881.097780965,401.84907548744025,312.8217302916494
0.6785714285714284,0.79,0.015,268.8830312224824,3.963003192851533,-1.474218739808111,0.0,262698.6545108475,6289.0450400151685,20412881.513680488,401.84907727762345,312.82173098843856
0.6785714285714284,0.8100000000000002,-0.005,268.8717036182106,3.6928321608177685,-1.4191723883070642,0.0,262694.3424469717,6289.045040000384,20411773.061234217,401.8441847822224,312.8198266870165
0.6785714285714284,0.8100000000000002,0.005,268.8717036182106,3.6928409005915004,-1.4191407585063882,0.0,262694.3411725711,6289.0450400947175,20411772.613737334,401.8441828520054,312.8198259357177
0.6785714285714284,0.8100000000000002,0.015,268.8717036182106,3.6928321608177685,-1.4191723883070642,0.0,262694.3424469717,6289.045040000384,20411773.061234217,401.8441847822224,312.8198266870165
0.6785714285714284,0.8300000000000001,-0.005,268.8613860543373,3.417080385723048,-1.3576208689591567,0.0,262690.3486285932,6289.045002838053,20410762.296364557,401.83970556529647,312.8180832354248
0.6785714285714284,0.8300000000000001,0.005,268.8613860543373,3.417088124824455,-1.3575919488712163,0.0,262690.3472729574,6289.045002931242,20410761.820925914,401.8397035111219,312.81808243587346
0.6785714285714284,0.8300000000000001,0.015,268.8613860543373,3.417080385723048,-1.3576208689591567,0.0,262690.3486285932,6289.045002838053,20410762.296364557,401.83970556529647,312.8180832354248
0.6785714285714284,0.8499999999999999,-0.005,268.85212622105854,3.1358115819085004,-1.2894304274657469,0.0,262686.69141764066,6289.04492610752,20409853.80687679,401.8356587742459,312.81650808917954
0.6785714285714284,0.8499999999999999,0.005,268.85212622105854,3.1358182022793253,-1.2894043068678462,0.0,262686.6899918659,6289.044926199443,20409853.30732071,401.8356566129343,312.81650724792274
0.6785714285714284,0.8499999999999999,0.015,268.85212622105854,3.1358115819085004,-1.2894304274657469,0.0,262686.69141764066,6289.04492610752,20409853.80687679,401.8356587742459,312.81650808917954
0.6785714285714284,0.87,-0.005,268.84396860547236,2.849086703136285,-1.214464687659209,0.0,262683.38850974967,6289.044807545054,20409051.872194413,401.832062267611,312.8151082020122
0.6785714285714284,0.87,0.005,268.84396860547236,2.849092088992324,-1.2144414459050885,0.0,262683.3870254003,6289.044807635575,20409051.352493074,401.8320600166355,312.8151073258513
0.6785714285714284,0.87,0.015,268.84396860547236,2.849086703136285,-1.214464687659209,0.0,262683.38850974967,6289.044807545054,20409051.872194413,401.832062267611,312.8151082020122
0.6785714285714284,0.89,-0.005,268.83695431803216,2.5569630813128623,-1.1325838608121797,0.0,262680.4569040585,6289.044645073218,20408360.44735456,401.82893255742096,312.813890003379
0.6785714285714284,0.89,0.005,268.83695431803216,2.556967119636381,-1.1325635666160399,0.0,262680.45537310286,6289.044645162197,20408359.91160574,401.8289302348093,312.81388909933116
0.6785714285714284,0.89,0.015,268.83695431803216,2.5569630813128623,-1.1325838608121797,0.0,262680.4569040585,6289.044645073218,20408360.44735456,401.82893255742096,312.813890003379
0.6785714285714284,0.9099999999999999,-0.005,268.83112095557556,2.259491174987846,-1.043642476755861,0.0,262677.91286824655,6289.04443680327,20407783.149737734,401.82628475079304,312.8128593756808
0.6785714285714284,0.9099999999999999,0.005,268.83112095557556,2.2594937560781605,-1.0436251880200558,0.0,262677.9113029882,6289.044436890563,20407782.602140963,401.8262823750221,312.8128584509382
0.6785714285714284,0.9099999999999999,0.015,268.83112095557556,2.259491174987846,-1.043642476755861,0.0,262677.91286824655,6289.04443680327,20407783.149737734,401.82628475079304,312.8128593756808
0.6785714285714284,0.93,-0.005,268.82650245277847,1.956718643750347,-0.9474912149747862,0.0,262675.7719503718,6289.0441810966095,20407323.246503875,401.8241325228692,312.81202164368324
0.6785714285714284,0.93,0.005,268.82650245277847,1.956719661801777,-0.9474769786440345,0.0,262675.77036337816,6289.044181182066,20407322.69133575,401.82413011275577,312.8120207055708
0.6785714285714284,0.93,0.015,268.82650245277847,1.956718643750347,-0.9474912149747862,0.0,262675.7719503718,6289.0441810966095,20407323.246503875,401.8241325228692,312.81202164368324
0.6785714285714284,0.95,-0.005,268.8231289166378,1.648694110869084,-0.8439787320941012,0.0,262674.04896855226,6289.043876602297,20406983.639616977,401.8224880677743,312.8113815553866
0.6785714285714284,0.95,0.005,268.8231289166378,1.6486934645683968,-0.8439675840254872,0.0,262674.0473725801,6289.043876685762,20406983.0812055,401.822485642362,312.81138061131725
0.6785714285714284,0.95,0.015,268.8231289166378,1.648694110869084,-0.8439787320941012,0.0,262674.04896855226,6289.043876602297,20406983.639616977,401.8224880677743,312.8113815553866
0.6785714285714284,0.97,-0.005,268.82102676778806,1.3354591902598263,-0.7329460993636284,0.0,262672.7579757168,6289.043522087704,20406766.874429867,401.8213620550176,312.81094326501795
0.6785714285714284,0.97,0.005,268.82102676778806,1.3354567833706805,-0.7329380641963649,0.0,262672.7563836356,6289.0435221690195,20406766.31712834,401.82135963346076,312.81094232244806
0.6785714285714284,0.97,0.015,268.82102676778806,1.3354591902598263,-0.7329460993636284,0.0,262672.7579757168,6289.043522087704,20406766.874429867,401.8213620550176,312.81094326501795
0.6785714285714284,0.9900000000000001,-0.005,268.8203260953471,1.010398167096623,-0.6098994230510308,0.0,262671.91244521225,6289.043064757397,20406684.031960856,401.8207782407986,312.81071602032654
0.6785714285714284,0.9900000000000001,0.005,268.8203260953471,1.0103939299911577,-0.6098945169163228,0.0,262671.9108674489,6289.043064836098,20406683.479270175,401.8207758383447,312.8107150851916
0.6785714285714284,0.9900000000000001,0.015,268.8203260953471,1.010398167096623,-0.6098994230510308,0.0,262671.91244521225,6289.043064757397,20406684.031960856,401.8207782407986,312.81071602032654
0.6785714285714284,1.01,-0.005,268.82006639557017,9.763724528877254e-07,-5.89360724373561e-07,0.0,262671.87376761466,6289.044884270145,20406715.41347435,401.82178445289344,312.8111076796755
0.6785714285714284,1.01,0.005,268.8198066957932,-1.010398167096634,0.6098994230510375,0.0,262671.83508994227,6289.043237361529,20406638.58339548,401.82065990672584,312.8106699597807
0.6785714285714284,1.01,0.015,268.82006639557017,9.763724528877254e-07,-5.89360724373561e-07,0.0,262671.87376761466,6289.044884270145,20406715.41347435,401.82178445289344,312.8111076796755
0.75,-0.01,-0.005,269.43076678611567,9.751684500319591,0.0,0.0,262888.9215450482,6289.037891910179,20466271.831982356,402.0810769021708,312.9120186815035
0.75,-0.01,0.005,269.43076678611567,9.751684500319591,0.041409059781855245,0.0,262888.9215450482,6289.037889777884,20466271.76522398,402.0810755906335,312.9120181711639
0.75,-0.01,0.015,269.43076678611567,9.751684500319591,0.0,0.0,262888.9215450482,6289.037891910179,20466271.831982356,402.0810769021708,312.9120186815035
0.75,0.01,-0.005,269.43076678611567,9.751684500319591,-0.041409059781855245,0.0,262888.9215450482,6289.037889777884,20466271.76522398,402.0810755906335,312.9120181711639
0.75,0.01,0.005,269.43076678611567,9.751674277041586,-0.041407241891114575,0.0,262888.92504067934,6289.037889881215,20466273.002698936,402.08108109069053,312.9120203113217
0.75,0.01,0.015,269.43076678611567,9.751684500319591,-0.041409059781855245,0.0,262888.9215450482,6289.037889777884,20466271.76522398,402.0810755906335,312.9120181711639
0.75,0.03,-0.005,269.42956639789566,9.744329658918309,-0.12413778348728473,0.0,262888.52308820887,6289.037901720844,20466154.61033177,402.08056525210407,312.91181959043035
0.75,0.03,0.005,269.42956639789566,9.744319527462574,-0.12413241551547016,0.0,262888.5265673775,6289.03790182416,20466155.84195399,402.08057072639804,312.9118217205648
0.75,0.03,0.015,269.42956639789566,9.744329658918309,-0.12413778348728473,0.0,262888.52308820887,6289.037901720844,20466154.61033177,402.08056525210407,312.91181959043035
0.75,0.049999999999999996,-0.005,269.4271691409546,9.729583456660622,-0.20659163280768805,0.0,262887.7272208645,6289.0379264118865,20465920.666341286,402.0795465635575,312.9114232023478
0.75,0.049999999999999996,0.005,269.4271691409546,9.729573505444057,-0.20658271190915953,0.0,262887.7306799345,6289.037926515209,20465921.890719514,402.07955200599423,312.9114253200887
0.75,0.049999999999999996,0.015,269.4271691409546,9.729583456660622,-0.20659163280768805,0.0,262887.7272208645,6289.0379264118865,20465920.666341286,402.0795465635575,312.9114232023478
0.75,0.07,-0.005,269.4235852139886,9.707461857313247,-0.28858880687723815,0.0,262886.5371239004,6289.037963712079,20465570.930574913,402.0780238379804,312.91083068442106
0.75,0.07,0.005,269.4235852139886,9.707452174986063,-0.28857637211104853,0.0,262886.5405528804,6289.037963815409,20465572.144109316,402.0780292327275,312.9108327836092
0.75,0.07,0.015,269.4235852139886,9.707461857313247,-0.28858880687723815,0.0,262886.5371239004,6289.037963712079,20465570.930574913,402.0780238379804,312.91083068442106
0.75,0.09,-0.005,269.4188292119132,9.677983012900848,-0.36994752392666685,0.0,262884.9573473806,6289.038013520217,20465106.830164474,402.0760032930751,312.91004445495616
0.75,0.09,0.005,269.4188292119132,9.67797368557702,-0.3699316296308956,0.0,262884.9607363426,6289.038013623557,20465108.02928243,402.0760086244176,312.91004652947765
0.75,0.09,0.015,269.4188292119132,9.677983012900848,-0.36994752392666685,0.0,262884.9573473806,6289.038013520217,20465106.830164474,402.0760032930751,312.91004445495616
0.75,0.11,-0.005,269.41292035569717,9.641161259304491,-0.45048641633652703,0.0,262882.9938266245,6289.038075780206,20464530.246984947,402.07349316501694,312.9090677173473
0.75,0.11,0.005,269.41292035569717,9.64115236992274,-0.45046713183930637,0.0,262882.9971657312,6289.038075883557,20464531.42815148,402.0734984174036,312.90906976115195
0.75,0.11,0.015,269.41292035569717,9.641161259304491,-0.45048641633652703,0.0,262882.9938266245,6289.038075780206,20464530.246984947,402.07349316501694,312.9090677173473
0.75,0.13,-0.005,269.405882498545,9.597010004284604,-0.5300247548292993,0.0,262880.6539032738,6289.038150456789,20463843.517465986,402.0705036965732,312.90790445548294
0.75,0.13,0.005,269.405882498545,9.597001631920477,-0.5300021640386396,0.0,262880.6571828038,6289.03815056015,20463844.677193597,402.0705088546588,312.90790646260075
0.75,0.13,0.015,269.405882498545,9.597010004284604,-0.5300247548292993,0.0,262880.6539032738,6289.038150456789,20463843.517465986,402.0705036965732,312.90790445548294
0.75,0.15,-0.005,269.39774405290933,9.545544932443196,-0.6083826992149013,0.0,262877.9463089257,6289.038237466083,20463049.423229147,402.06704706336666,312.9065594050902
0.75,0.15,0.005,269.39774405290933,9.545537151645895,-0.6083569001307879,0.0,262877.94951929804,6289.038237569454,20463050.558087554,402.0670521120548,312.9065613696477
0.75,0.15,0.015,269.39774405290933,9.545544932443196,-0.6083826992149013,0.0,262877.9463089257,6289.038237466083,20463049.423229147,402.06704706336666,312.9065594050902
0.75,0.17,-0.005,269.3885377744887,9.486784794089106,-0.685381544139374,0.0,262874.8811220377,6289.038336698319,20462151.170600682,402.0631372952312,312.9050380231734
0.75,0.17,0.005,269.3885377744887,9.486777674212657,-0.6853526482818337,0.0,262874.88425384124,6289.0383368016965,20462152.277228005,402.06314221972343,312.9050399394128
0.75,0.17,0.015,269.3885377744887,9.486784794089106,-0.685381544139374,0.0,262874.8811220377,6289.038336698319,20462151.170600682,402.0631372952312,312.9050380231734
0.75,0.18999999999999997,-0.005,269.37830067579284,9.420749366810966,-0.7608437131893472,0.0,262871.4697240037,6289.038448014608,20461152.38199374,402.0587902375538,312.90334647301836
0.75,0.18999999999999997,0.005,269.37830067579284,9.420742971442882,-0.7608118449556514,0.0,262871.47276802413,6289.038448117991,20461153.457107037,402.0587950233948,312.90334833531523
0.75,0.18999999999999997,0.015,269.37830067579284,9.420749366810966,-0.7608437131893472,0.0,262871.4697240037,6289.038448014608,20461152.38199374,402.0587902375538,312.90334647301836
0.75,0.21,-0.005,269.36707383169755,9.34746079813063,-0.8345929771973266,0.0,262867.7247558652,6289.038571239758,20460057.076585222,402.05402346364576,312.9014915901445
0.75,0.21,0.005,269.36707383169755,9.347455184522717,-0.8345582731531641,0.0,262867.7277031164,6289.038571343142,20460058.11699196,402.05402809677435,312.90149339302764
0.75,0.21,0.015,269.36707383169755,9.34746079813063,-0.8345929771973266,0.0,262867.7247558652,6289.038571239758,20460057.076585222,402.05402346364576,312.9014915901445
0.75,0.23,-0.005,269.35490218918966,9.266942905734258,-0.9064544998448726,0.0,262863.66005716653,6289.038706156066,20458869.65143007,402.04885618956456,312.89948084921394
0.75,0.23,0.005,269.35490218918966,9.266938124306742,-0.9064171079577933,0.0,262863.6628989227,6289.0387062594455,20458870.65404004,402.0488606563657,312.89948258738553
0.75,0.23,0.015,269.35490218918966,9.266942905734258,-0.9064544998448726,0.0,262863.66005716653,6289.038706156066,20458869.65143007,402.04885618956456,312.89948084921394
0.75,0.25,-0.005,269.34183435456384,9.179221422499419,-0.9762549817475474,0.0,262859.29060839646,6289.038852498962,20457594.860423587,402.0433091803837,312.89732232761526
0.75,0.25,0.005,269.34183435456384,9.17921751640451,-0.9762150605685693,0.0,262859.2933362261,6289.038852602328,20457595.82226132,402.0433134677427,312.89732399597176
0.75,0.25,0.015,269.34183435456384,9.179221422499419,-0.9762549817475474,0.0,262859.29060839646,6289.038852498962,20457594.860423587,402.0433091803837,312.89732232761526
0.75,0.27,-0.005,269.3279223773603,9.08432443614956,-1.0438228475711766,0.0,262854.6324696197,6289.03900994091,20456237.792575717,402.037404647849,312.8950246656957
0.75,0.27,0.005,269.3279223773603,9.084321440889946,-1.043780565371361,0.0,262854.6350754221,6289.039010044257,20456238.710793365,402.0374087432087,312.89502625935046
0.75,0.27,0.015,269.3279223773603,9.08432443614956,-1.0438228475711766,0.0,262854.6324696197,6289.03900994091,20456237.792575717,402.037404647849,312.8950246656957
0.75,0.29,-0.005,269.313221526028,8.982282080311691,-1.1089883190235204,0.0,262849.7027141645,6289.039178086206,20454803.849816024,402.03116615117386,312.8925970282161
0.75,0.29,0.005,269.313221526028,8.982280023421678,-1.1089438528943079,0.0,262849.70519020717,6289.039178189525,20454804.721706595,402.03117004259235,312.89259854252157
0.75,0.29,0.015,269.313221526028,8.982282080311691,-1.1089883190235204,0.0,262849.7027141645,6289.039178086206,20454803.849816024,402.03116615117386,312.8925970282161
0.75,0.31,-0.005,269.29779001243344,8.873127075887565,-1.1715836459813642,0.0,262844.5193552427,6289.039356464325,20453298.71974588,402.0246184748643,312.8900490568656
0.75,0.31,0.005,269.29779001243344,8.873125976694439,-1.171537180906226,0.0,262844.5216942013,6289.039356567604,20453299.542757053,402.0246221510761,312.8900504874373
0.75,0.31,0.015,269.29779001243344,8.873127075887565,-1.1715836459813642,0.0,262844.5193552427,6289.039356464325,20453298.71974588,402.0246184748643,312.8900490568656
0.75,0.33,-0.005,269.2816887720739,8.756894308064618,-1.2314431836258573,0.0,262839.1012819448,6289.039544529707,20451728.35404893,402.01778753452663,312.88739083366454
0.75,0.33,0.005,269.2816887720739,8.756894177497884,-1.231394911524406,0.0,262839.103476943,6289.039544632932,20451729.125796754,402.017790985003,312.8873921764043
0.75,0.33,0.015,269.2816887720739,8.756894308064618,-1.2314431836258573,0.0,262839.1012819448,6289.039544529707,20451728.35404893,402.01778753452663,312.88739083366454
0.75,0.35,-0.005,269.26498120664945,8.633620745451468,-1.2884034710771588,0.0,262833.4681841479,6289.039741652407,20450098.942932744,402.0107002607739,312.88463283584105
0.75,0.35,0.005,269.26498120664945,8.63362158591933,-1.2883535898353062,0.0,262833.4702287982,6289.039741755568,20450099.66121541,402.01070347578406,312.8846340869611
0.75,0.35,0.015,269.26498120664945,8.633620745451468,-1.2884034710771588,0.0,262833.4681841479,6289.039741652407,20450098.942932744,402.0107002607739,312.88463283584105
0.75,0.37000000000000005,-0.005,269.2477329194635,8.503345453749294,-1.3423033233283366,0.0,262827.64047574427,6289.039947107469,20448416.888833217,402.00338447921916,312.88178588918265
0.75,0.37000000000000005,0.005,269.2477329194635,8.503347259082984,-1.3422520358207952,0.0,262827.6423641884,6289.039947210547,20448417.551644668,402.00338744989017,312.88178704522863
0.75,0.37000000000000005,0.015,269.2477329194635,8.503345453749294,-1.3423033233283366,0.0,262827.64047574427,6289.039947107469,20448416.888833217,402.00338447921916,312.88178588918265
0.75,0.38999999999999996,-0.005,269.2300114523572,8.366109444324637,-1.3929838801511591,0.0,262821.63921842526,6289.04016006833,20446688.78040042,401.9958687935553,312.8788611225832
0.75,0.38999999999999996,0.005,269.2300114523572,8.366112199789365,-1.3929313932626664,0.0,262821.6409453746,6289.040160171309,20446689.38594369,401.99587151193106,312.87886218045765
0.75,0.38999999999999996,0.015,269.2300114523572,8.366109444324637,-1.3929838801511591,0.0,262821.63921842526,6289.04016006833,20446688.78040042,401.9958687935553,312.8788611225832
0.75,0.41,-0.005,269.21188600985363,8.221955853408335,-1.4402887195718872,0.0,262815.4860473758,6289.040379606824,20444921.36544486,401.9881824671131,312.875869921994
0.75,0.41,0.005,269.21188600985363,8.2219595357709,-1.440235243221951,0.0,262815.48760815087,6289.040379709685,20444921.91214495,401.9881849262119,312.8758708789782
0.75,0.41,0.015,269.21188600985363,8.221955853408335,-1.4402887195718872,0.0,262815.4860473758,6289.040379606824,20444921.36544486,401.9881824671131,312.875869921994
0.75,0.43,-0.005,269.19342719389147,8.070929650073841,-1.4840638572514526,0.0,262809.203093552,6289.040604687718,20443121.524755817,401.98035530554944,312.8728238848081
0.75,0.43,0.005,269.19342719389147,8.070934227734249,-1.484009603431271,0.0,262809.2044841201,6289.040604790439,20443122.011271954,401.98035749941744,312.87282473858323
0.75,0.43,0.015,269.19342719389147,8.070929650073841,-1.4840638572514526,0.0,262809.203093552,6289.040604687718,20443121.524755817,401.98035530554944,312.8728238848081
0.75,0.45,-0.005,269.1747067410151,7.913077893545332,-1.5241578534201377,0.0,262802.81290998147,6289.040834159939,20441296.24606441,401.97241753849215,312.86973477383265
0.75,0.45,0.005,269.1747067410151,7.913083326725572,-1.5241030352473879,0.0,262802.8141269937,6289.040834262496,20441296.671301648,401.9724194622559,312.86973552250026
0.75,0.45,0.015,269.1747067410151,7.913077893545332,-1.5241578534201377,0.0,262802.81290998147,6289.040834159939,20441296.24606441,401.97241753849215,312.86973477383265
0.75,0.47,-0.005,269.15579725198427,7.74844979056657,-1.5604218669049117,0.0,262796.338397596,6289.041066756903,20439452.59755649,401.964399703416,312.86661447212373
0.75,0.47,0.005,269.15579725198427,7.748456031550631,-1.560366697701706,0.0,262796.3394384212,6289.041066859269,20439452.96067649,401.96440135333035,312.8666151142242
0.75,0.47,0.015,269.15579725198427,7.74844979056657,-1.5604218669049117,0.0,262796.338397596,6289.041066756903,20439452.59755649,401.964399703416,312.86661447212373
0.75,0.49,-0.005,269.13677193344466,7.577096270600566,-1.5927095645631841,0.0,262789.8027290211,6289.041301093476,20437597.702469286,401.9563325325721,312.8634749390011
0.75,0.49,0.005,269.13677193344466,7.577103264026982,-1.5926542569639925,0.0,262789.80359177804,6289.041301195622,20437598.002900198,401.95633390606315,312.8634754735308
0.75,0.49,0.015,269.13677193344466,7.577096270600566,-1.5927095645631841,0.0,262789.8027290211,6289.041301093476,20437597.702469286,401.9563325325721,312.8634749390011
0.75,0.51,-0.005,269.1177043431376,7.399069655997185,-1.6208770180254726,0.0,262783.22927594493,6289.041535667029,20435738.71417072,401.94824684386646,312.8603281675947
0.75,0.51,0.005,269.1177043431376,7.399077339199314,-1.6208217831197347,0.0,262783.2299595318,6289.041535768923,20435738.9516161,401.9482479395726,312.86032859402144
0.75,0.51,0.015,269.1177043431376,7.399069655997185,-1.6208770180254726,0.0,262783.22927594493,6289.041535667029,20435738.71417072,401.94824684386646,312.8603281675947
0.75,0.53,-0.005,269.0986681432326,7.214423634662266,-1.6447826575866893,0.0,262776.64153906493,6289.041768853042,20433882.79187157,401.94017343179723,312.85718614240517
0.75,0.53,0.005,269.0986681432326,7.2144319380468005,-1.6447277040987285,0.0,262776.642043186,6289.041768954648,20433882.96631822,401.9401742496035,312.8571864606821
0.75,0.53,0.015,269.0986681432326,7.214423634662266,-1.6447826575866893,0.0,262776.64153906493,6289.041768853042,20433882.79187157,401.94017343179723,312.85718614240517
0.75,0.55,-0.005,269.0797368447668,7.0232136539752235,-1.6642873523702342,0.0,262770.063084676,6289.041998915818,20432037.07594797,401.9321429637495,312.85406079894375
0.75,0.55,0.005,269.0797368447668,7.023222501428289,-1.664232885877437,0.0,262770.0634098647,6289.041999017096,20432037.187672555,401.9321435048177,312.8540610095208
0.75,0.55,0.015,269.0797368447668,7.0232136539752235,-1.6642873523702342,0.0,262770.063084676,6289.041998915818,20432037.07594797,401.9321429637495,312.85406079894375
0.75,0.57,-0.005,269.060983592179,6.825496547475841,-1.6792542319506851,0.0,262763.5174793962,6289.042224001963,20430208.666658163,401.9241858829115,312.85096398594095
0.75,0.57,0.005,269.060983592179,6.825505856797014,-1.679200454143297,0.0,262763.5176270345,6289.042224102867,20430208.71623249,401.9241861497037,312.8509640897742
0.75,0.57,0.015,269.060983592179,6.825496547475841,-1.6792542319506851,0.0,262763.5174793962,6289.042224001963,20430208.666658163,401.9241858829115,312.85096398594095
0.75,0.59,-0.005,269.0424808920292,6.621330705559872,-1.6895486876482662,0.0,262757.02821832534,6289.04244214633,20428404.597793408,401.9163322946586,312.8479074211154
0.75,0.59,0.005,269.0424808920292,6.621340388976823,-1.6894957956520007,0.0,262757.02819065866,6289.042442246812,20428404.58608823,401.9163322909542,312.8479074196736
0.75,0.59,0.015,269.0424808920292,6.621330705559872,-1.6895486876482662,0.0,262757.02821832534,6289.04244214633,20428404.597793408,401.9163322946586,312.8479074211154
0.75,0.61,-0.005,269.0243004268147,6.410775730163991,-1.6950382093434737,0.0,262750.61867677723,6289.042651286642,20426631.818937417,401.9086118949266,312.844902663277
0.75,0.61,0.005,269.0243004268147,6.410785694829913,-1.6949863950739668,0.0,262750.61847692466,6289.042651386647,20426631.74712442,401.9086116258316,312.8449025585455
0.75,0.61,0.015,269.0243004268147,6.410775730163991,-1.6950382093434737,0.0,262750.61867677723,6289.042651286642,20426631.818937417,401.9086118949266,312.844902663277
0.75,0.63,-0.005,269.0065128563698,6.193891694895044,-1.6955919896354308,0.0,262744.3120528634,6289.042849270392,20424897.176275685,401.90105388839135,312.84196108045796
0.75,0.63,0.005,269.0065128563698,6.1939018433957775,-1.6955414391951265,0.0,262744.31168482243,6289.042849369862,20424897.045827735,401.9010533603404,312.84196087493916
0.75,0.63,0.015,269.0065128563698,6.193891694895044,-1.6955919896354308,0.0,262744.3120528634,6289.042849270392,20424897.176275685,401.90105388839135,312.84196108045796
0.75,0.65,-0.005,268.98918762215686,5.970739299001682,-1.6910807906254088,0.0,262738.13131525746,6289.043033856011,20423207.39351494,401.8936869042872,312.8390938171183
0.75,0.65,0.005,268.98918762215686,5.970749529863058,-1.6910316837383559,0.0,262738.1307839027,6289.043033954881,20423207.206204504,401.8936861250364,312.839093513829
0.75,0.65,0.015,268.98918762215686,5.970739299001682,-1.6910807906254088,0.0,262738.13131525746,6289.043033856011,20423207.39351494,401.8936869042872,312.8390938171183
0.75,0.67,-0.005,268.9723927314388,5.741379892321906,-1.6813767666661625,0.0,262732.09914733225,6289.043202721698,20421569.05107975,401.8865389081836,312.83631175977376
0.75,0.67,0.005,268.9723927314388,5.741390100576612,-1.6813292761746261,0.0,262732.09845840954,6289.043202819896,20421568.808975298,401.88653788679534,312.83631136223954
0.75,0.67,0.015,268.9723927314388,5.741379892321906,-1.6813767666661625,0.0,262732.09914733225,6289.043202721698,20421569.05107975,401.8865389081836,312.83631175977376
0.75,0.69,-0.005,268.9561945648887,5.505875530432823,-1.6663533238536363,0.0,262726.23790484434,6289.043353491042,20419988.56813262,401.8796371341292,312.8336255105458
0.75,0.69,0.005,268.9561945648887,5.505885608172212,-1.6663076152499894,0.0,262726.2370649574,6289.043353588488,20419988.273593064,401.87963588094715,312.83362502279095
0.75,0.69,0.015,268.9561945648887,5.505875530432823,-1.6663533238536363,0.0,262726.23790484434,6289.043353491042,20419988.56813262,401.8796371341292,312.8336255105458
0.75,0.71,-0.005,268.9406577071913,5.264288146750572,-1.6458845994786018,0.0,262720.5695675856,6289.043483740785,20418472.18629107,401.87300801568466,312.83104536027514
0.75,0.71,0.005,268.9406577071913,5.264297983684394,-1.6458408304799774,0.0,262720.5685841787,6289.043483837393,20418471.841958303,401.8730065423022,312.8310447868107
0.75,0.71,0.015,268.9406577071913,5.264288146750572,-1.6458845994786018,0.0,262720.5695675856,6289.043483740785,20418472.18629107,401.87300801568466,312.83104536027514
0.75,0.73,-0.005,268.92584478476147,5.016678948364755,-1.6198449639175547,0.0,262715.115698248,6289.0435910153965,20417025.95425767,401.8666771241612,312.8285812644366
0.75,0.73,0.005,268.92584478476147,5.016688432386068,-1.6198032840820427,0.0,262715.11457958084,6289.043591111076,20417025.563047085,401.8666754433788,312.82858061024353
0.75,0.73,0.015,268.92584478476147,5.016678948364755,-1.6198449639175547,0.0,262715.115698248,6289.0435910153965,20417025.95425767,401.8666771241612,312.8285812644366
0.75,0.75,-0.005,268.91181628674025,4.763109014090707,-1.5881090092879941,0.0,262709.8974097028,6289.043672855348,20415655.711244695,401.86066910801225,312.8262428194997
0.75,0.75,0.005,268.91181628674025,4.763118031832142,-1.5880695596650742,0.0,262709.89616482105,6289.043672949998,20415655.27633382,401.86066723378815,312.82624209001
0.75,0.75,0.015,268.91181628674025,4.763109014090707,-1.5881090092879941,0.0,262709.8974097028,6289.043672855348,20415655.711244695,401.86066910801225,312.8262428194997
0.75,0.77,-0.005,268.89863040143547,4.503638893089715,-1.5505511296739598,0.0,262704.9353261948,6289.043726813928,20414367.07155521,401.855007631823,312.82403923913097
0.75,0.77,0.005,268.89863040143547,4.503647330472943,-1.550514042487307,0.0,262704.93396489386,6289.04372690744,20414366.596370455,401.85500557921466,312.82403844020445
0.75,0.77,0.015,268.89863040143547,4.503638893089715,-1.5505511296739598,0.0,262704.9353261948,6289.043726813928,20414367.07155521,401.855007631823,312.82403923913097
0.75,0.79,-0.005,268.8863428585374,4.23832809625007,-1.507045033984627,0.0,262700.24954613677,6289.043750473104,20413165.409700856,401.8497153171684,312.82197933112104
0.75,0.79,0.005,268.8863428585374,4.238335839025505,-1.5070104323434172,0.0,262700.2480789201,6289.043750565364,20413164.897902302,401.84971310226535,312.8219784690197
0.75,0.79,0.015,268.8863428585374,4.23832809625007,-1.507045033984627,0.0,262700.24954613677,6289.043750473104,20413165.409700856,401.8497153171684,312.82197933112104
0.75,0.81,-0.005,268.87500677591095,3.9672350898216746,-1.457463466922946,0.0,262695.8596133042,6289.043741468323,20412055.84624767,401.8448136909258,312.8200714772139
0.75,0.81,0.005,268.87500677591095,3.967242024098995,-1.45743146455892,0.0,262695.85805133596,6289.043741559205,20412055.301712092,401.8448113307748,312.8200705585724
0.75,0.81,0.015,268.87500677591095,3.9672350898216746,-1.457463466922946,0.0,262695.8596133042,6289.043741468323,20412055.84624767,401.8448136909258,312.8200714772139
0.75,0.83,-0.005,268.86467251104153,3.6904152910597863,-1.4016769543818604,0.0,262691.78448051575,6289.043697511968,20411043.23407609,401.8403231347739,312.81832361339553
0.75,0.83,0.005,268.86467251104153,3.690421303826794,-1.4016476554071695,0.0,262691.78283556824,6289.043697601345,20411042.66087822,401.84032064729666,312.81832264518954
0.75,0.83,0.015,268.86467251104153,3.6904152910597863,-1.4016769543818604,0.0,262691.78448051575,6289.043697511968,20411043.23407609,401.8403231347739,312.81832361339553
0.75,0.85,-0.005,268.85538745749363,3.407920957850742,-1.3395534426108946,0.0,262688.04247570556,6289.04361643184,20410132.139728196,401.8362628201596,312.8167432045288
0.75,0.85,0.005,268.85538745749363,3.4079259375309428,-1.339526941322359,0.0,262688.0407601002,6289.043616519576,20410131.54211994,401.83626022406065,312.8167421940385
0.75,0.85,0.015,268.85538745749363,3.407920957850742,-1.3395534426108946,0.0,262688.04247570556,6289.04361643184,20410132.139728196,401.8362628201596,312.8167432045288
0.75,0.87,-0.005,268.8471959246223,3.1198016116071776,-1.2709582465224938,0.0,262684.6512963895,6289.043496214137,20409326.83304116,401.8326506820125,312.81533723406886
0.75,0.87,0.005,268.8471959246223,3.1198054485270137,-1.2709346271850208,0.0,262684.6495229343,6289.043496300093,20409326.215429578,401.8326479966825,312.8153361888422
0.75,0.87,0.015,268.8471959246223,3.1198016116071776,-1.2709582465224938,0.0,262684.6512963895,6289.043496214137,20409326.83304116,401.8326506820125,312.81533723406886
0.75,0.89,-0.005,268.8401389879348,2.826103215836972,-1.1957533149379547,0.0,262681.62798480043,6289.043335029726,20408631.27338431,401.8295033695235,312.81411218485516
0.75,0.89,0.005,268.8401389879348,2.826105802656875,-1.19573265156162,0.0,262681.62616672245,6289.043335113755,20408630.640308287,401.82950061493597,312.81411111266686
0.75,0.89,0.015,268.8401389879348,2.826103215836972,-1.1957533149379547,0.0,262681.62798480043,6289.043335029726,20408631.27338431,401.8295033695235,312.81411218485516
0.75,0.91,-0.005,268.8342543439036,2.526864947159594,-1.1137951476415906,0.0,262678.9888866871,6289.043131229148,20408049.095353924,401.82683617966467,312.8130740131864
0.75,0.91,0.005,268.8342543439036,2.526866179396551,-1.1137775038181794,0.0,262678.9870375608,6289.043131311099,20408048.451459114,401.826833376266,312.81307292199523
0.75,0.91,0.015,268.8342543439036,2.526864947159594,-1.1137951476415906,0.0,262678.9888866871,6289.043131229148,20408049.095353924,401.82683617966467,312.8130740131864
0.75,0.93,-0.005,268.82957616301275,2.222123011489053,-1.024936372952122,0.0,262676.7496665181,6289.042883411312,20407583.596591398,401.82466303528247,312.81222814024767
0.75,0.93,0.005,268.82957616301275,2.2221227880328267,-1.0249218017020127,0.0,262676.74780019035,6289.042883491033,20407582.946604405,401.8246602038769,312.8122270381521
0.75,0.93,0.015,268.82957616301275,2.222123011489053,-1.024936372952122,0.0,262676.7496665181,6289.042883411312,20407583.596591398,401.82466303528247,312.81222814024767
0.75,0.9500000000000001,-0.005,268.82613492891477,1.9119143414352355,-0.9290274347189038,0.0,262674.92530223797,6289.042590467884,20407237.723479807,401.82299644230136,312.8115794354115
0.75,0.9500000000000001,0.005,268.82613492891477,1.9119125650854714,-0.9290159783558927,0.0,262674.9234327508,6289.042590545225,20407237.072181396,401.82299360393387,312.8115783306039
0.75,0.9500000000000001,0.015,268.82613492891477,1.9119143414352355,-0.9290274347189038,0.0,262674.92530223797,6289.042590467884,20407237.723479807,401.82299644230136,312.8115794354115
0.75,0.9700000000000001,-0.005,268.8239575983871,1.596266908399522,-0.8259105367972519,0.0,262673.53006639617,6289.0422514551565,20407014.082839154,401.82184747951123,312.81113221222466
0.75,0.9700000000000001,0.005,268.8239575983871,1.5962634863626906,-0.8259022267775996,0.0,262673.5282079083,6289.0422515299615,20407013.435037546,401.8218446553484,312.8111311129445
0.75,0.9700000000000001,0.015,268.8239575983871,1.596266908399522,-0.8259105367972519,0.0,262673.53006639617,6289.0422514551565,20407014.082839154,401.82184747951123,312.81113221222466
0.75,0.9900000000000001,-0.005,268.8231624554036,1.2680786381350473,-0.7111794451603671,0.0,262672.58315815934,6289.041842937838,20406923.51724614,401.8212528512634,312.81090075840325
0.75,0.9900000000000001,0.005,268.8231624554036,1.2680735082736534,-0.7111743042635039,0.0,262672.5813218957,6289.041843009625,20406922.876723465,401.8212500577867,312.8108996710666
0.75,0.9900000000000001,0.015,268.8231624554036,1.2680786381350473,-0.7111794451603671,0.0,262672.58315815934,6289.041842937838,20406923.51724614,401.8212528512634,312.81090075840325
0.75,1.01,-0.005,268.8229268244438,1.1119147373917158e-06,-6.235976872730325e-07,0.0,262672.5648720156,6289.0445933525625,20406986.313168507,401.8228416684973,312.8115191911706
0.75,1.01,0.005,268.822691193484,-1.2680786381350615,0.711179445160375,0.0,262672.5465858398,6289.0420832304435,20406884.88836134,401.82119690482926,312.81087898173644
0.75,1.01,0.015,268.8229268244438,1.1119147373917158e-06,-6.235976872730325e-07,0.0,262672.5648720156,6289.0445933525625,20406986.313168507,401.8228416684973,312.8115191911706
0.8214285714285712,-0.01,-0.005,269.4330317189632,10.02028540543806,0.0,0.0,262891.8087031104,6289.036880773742,20466461.86636547,402.08143145731395,312.9121566444014
0.8214285714285712,-0.01,0.005,269.4330317189632,10.02028540543806,0.04035165893729223,0.0,262891.8087031104,6289.036878748958,20466461.802972447,402.08143021190295,312.91215615979274
0.8214285714285712,-0.01,0.015,269.4330317189632,10.02028540543806,0.0,0.0,262891.8087031104,6289.036880773742,20466461.86636547,402.08143145731395,312.9121566444014
0.8214285714285712,0.01,-0.005,269.4330317189632,10.02028540543806,-0.04035165893729223,0.0,262891.8087031104,6289.036878748958,20466461.802972447,402.08143021190295,312.91215615979274
0.8214285714285712,0.01,0.005,269.4330317189632,10.020274425737924,-0.04034984791212873,0.0,262891.81241033226,6289.036878851816,20466463.117579546,402.08143605143255,312.91215843204367
0.8214285714285712,0.01,0.015,269.4330317189632,10.02028540543806,-0.04035165893729223,0.0,262891.8087031104,6289.036878748958,20466461.802972447,402.08143021190295,312.91215615979274
0.8214285714285712,0.03,-0.005,269.4318316054207,10.012925414092942,-0.12096969831387637,0.0,262891.4075479622,6289.03688967699,20466344.64375962,402.08091937438195,312.91195738498135
0.8214285714285712,0.03,0.005,269.4318316054207,10.012914519777864,-0.12096435651190184,0.0,262891.41123680264,6289.036889779829,20466345.95185318,402.0809251852378,312.9119596460763
0.8214285714285712,0.03,0.015,269.4318316054207,10.012925414092942,-0.12096969831387637,0.0,262891.4075479622,6289.03688967699,20466344.64375962,402.08091937438195,312.91195738498135
0.8214285714285712,0.049999999999999996,-0.005,269.42943470218313,9.998178856082516,-0.20132524189913267,0.0,262890.6063165941,6289.036912324807,20466110.671236403,402.07989959384713,312.9115605721631
0.8214285714285712,0.049999999999999996,0.005,269.42943470218313,9.998168128357703,-0.20131636424472749,0.0,262890.6099824038,6289.036912427647,20466111.97108191,402.0799053684236,312.911562819144
0.8214285714285712,0.049999999999999996,0.015,269.42943470218313,9.998178856082516,-0.20132524189913267,0.0,262890.6063165941,6289.036912324807,20466110.671236403,402.07989959384713,312.9115605721631
0.8214285714285712,0.07,-0.005,269.4258510916839,9.976058186515527,-0.2812451892052944,0.0,262889.4081427766,6289.036946572566,20465760.872089244,402.07837514550994,312.9109673841415
0.8214285714285712,0.07,0.005,269.4258510916839,9.97604770720323,-0.2812328142411022,0.0,262889.41177413147,6289.036946675409,20465762.159596343,402.0783808658151,312.9109696100088
0.8214285714285712,0.07,0.015,269.4258510916839,9.976058186515527,-0.2812451892052944,0.0,262889.4081427766,6289.036946572566,20465760.872089244,402.07837514550994,312.9109673841415
0.8214285714285712,0.09,-0.005,269.42109549305474,9.946580379934282,-0.3605566389361485,0.0,262887.81763423566,6289.0369923608705,20465296.68691982,402.0763523263039,312.910180270049
0.8214285714285712,0.09,0.005,269.42109549305474,9.946570228682651,-0.3605408202141098,0.0,262887.8212197938,6289.036992463716,20465297.958031077,402.07635797448825,312.9101824678585
0.8214285714285712,0.09,0.015,269.42109549305474,9.946580379934282,-0.3605566389361485,0.0,262887.81763423566,6289.0369923608705,20465296.68691982,402.0763523263039,312.910180270049
0.8214285714285712,0.11,-0.005,269.41518725626094,9.90975970315026,-0.43908707943961023,0.0,262885.84078573115,6289.037049641057,20464720.01046076,402.07383943252313,312.90920245666854
0.8214285714285712,0.11,0.005,269.41518725626094,9.909749956710721,-0.4390678852774124,0.0,262885.84431427415,6289.037049743904,20464721.26116718,402.07384499094763,312.9092046195576
0.8214285714285712,0.11,0.015,269.41518725626094,9.90975970315026,-0.43908707943961023,0.0,262885.84078573115,6289.037049641057,20464720.01046076,402.07383943252313,312.90920245666854
0.8214285714285712,0.13,-0.005,269.4081503806516,9.865609650899238,-0.5166646426734891,0.0,262883.4849995815,6289.037118363023,20464033.192979295,402.0708467607307,312.9080379488165
0.8214285714285712,0.13,0.005,269.4081503806516,9.865600382493868,-0.5166421557628823,0.0,262883.4884600467,6289.03711846587,20464034.419332717,402.0708522120209,312.9080400700254
0.8214285714285712,0.13,0.015,269.4081503806516,9.865609650899238,-0.5166646426734891,0.0,262883.4849995815,6289.037118363023,20464033.192979295,402.0708467607307,312.9080379488165
0.8214285714285712,0.15,-0.005,269.40001343241,9.814145821042054,-0.5931183531677898,0.0,262880.75907526707,6289.03719843372,20463239.030853134,402.06738654709517,312.9066915057732
0.8214285714285712,0.15,0.005,269.40001343241,9.814137099781894,-0.5930926701038349,0.0,262880.76245678146,6289.037198536563,20463240.228978697,402.0673918741962,312.9066935786664
0.8214285714285712,0.15,0.015,269.40001343241,9.814145821042054,-0.5931183531677898,0.0,262880.75907526707,6289.03719843372,20463239.030853134,402.06738654709517,312.9066915057732
0.8214285714285712,0.17,-0.005,269.3908093438531,9.755387199746696,-0.6682784084316872,0.0,262877.673175191,6289.037289738931,20462340.747551568,402.0634728947593,312.9051686130627
0.8214285714285712,0.17,0.005,269.3908093438531,9.755379089966091,-0.6682496391523152,0.0,262877.67646710516,6289.037289841766,20462341.91366095,402.0634780809932,312.9051706311513
0.8214285714285712,0.17,0.015,269.3908093438531,9.755387199746696,-0.6682784084316872,0.0,262877.673175191,6289.037289738931,20462340.747551568,402.0634728947593,312.9051686130627
0.8214285714285712,0.19,-0.005,269.38057530481535,9.6893536469452,-0.7419761588201915,0.0,262874.2387669257,6289.037392134833,20461341.982682604,402.05912172241733,312.90347546248984
0.8214285714285712,0.19,0.005,269.38057530481535,9.689346207712894,-0.7419444259831054,0.0,262874.24195884913,6289.037392237657,20461343.1130869,402.05912675153934,312.903477419453
0.8214285714285712,0.19,0.015,269.38057530481535,9.6893536469452,-0.7419761588201915,0.0,262874.2387669257,6289.037392134833,20461341.982682604,402.05912172241733,312.90347546248984
0.8214285714285712,0.21,-0.005,269.36935258053563,9.616067286616024,-0.8140443259074471,0.0,262870.4685818666,6289.03750543549,20460246.77371033,402.05435067873117,312.90161891888823
0.8214285714285712,0.21,0.005,269.36935258053563,9.616060571214197,-0.8140097642011244,0.0,262870.47166370443,6289.037505538296,20460247.86483361,402.0543555349893,312.9016208085967
0.8214285714285712,0.21,0.015,269.36935258053563,9.616067286616024,-0.8140443259074471,0.0,262870.4685818666,6289.03750543549,20460246.77371033,402.05435067873117,312.90161891888823
0.8214285714285712,0.23,-0.005,269.35718631053004,9.535551823695606,-0.8843170499195753,0.0,262866.3765540776,6289.0376294149155,20459059.536263492,402.049179057554,312.8996064871861
0.8214285714285712,0.23,0.005,269.35718631053004,9.535545879162662,-0.8842798053188942,0.0,262866.3795160693,6289.037629517695,20459060.58465681,402.0491837257506,312.89960830372615
0.8214285714285712,0.23,0.015,269.35718631053004,9.535551823695606,-0.8843170499195753,0.0,262866.3765540776,6289.0376294149155,20459059.536263492,402.049179057554,312.8996064871861
0.8214285714285712,0.25,-0.005,269.34412529021085,9.447832811733445,-0.9526300341022439,0.0,262861.97776074597,6289.0377638016635,20457785.042518627,402.0436277011488,312.8974462748027
0.8214285714285712,0.25,0.005,269.34412529021085,9.447827678461417,-0.952590263074357,0.0,262861.9805935052,6289.037763904407,20457786.0448744,402.04363216670333,312.8974480125004
0.8214285714285712,0.25,0.015,269.34412529021085,9.447832811733445,-0.9526300341022439,0.0,262861.97776074597,6289.0377638016635,20457785.042518627,402.0436277011488,312.8974462748027
0.8214285714285712,0.27,-0.005,269.3302217519845,9.352938040007524,-1.0188207185883733,0.0,262857.2883595728,6289.0379082633535,20456428.399215683,402.0377188970041,312.8951469515536
0.8214285714285712,0.27,0.005,269.3302217519845,9.35293375138978,-1.0187785872553976,0.0,262857.2910541289,6289.037908366051,20456429.352382403,402.037723146018,312.89514860500026
0.8214285714285712,0.27,0.015,269.3302217519845,9.352938040007524,-1.0188207185883733,0.0,262857.2883595728,6289.0379082633535,20456428.399215683,402.0377188970041,312.8951469515536
0.8214285714285712,0.29,-0.005,269.3155311372612,9.250897145924105,-1.082728339913948,0.0,262852.3255204996,6289.038062401954,20454995.025120687,402.0314762773536,312.8927177106099
0.8214285714285712,0.29,0.005,269.3155311372612,9.250893728065737,-1.0826840231820696,0.0,262852.3280683395,6289.038062504592,20454995.926117692,402.031480296675,312.89271927468695
0.8214285714285712,0.29,0.015,269.3155311372612,9.250897145924105,-1.082728339913948,0.0,262852.3255204996,6289.038062401954,20454995.025120687,402.0314762773536,312.8927177106099
0.8214285714285712,0.31,-0.005,269.3001118127103,9.141742422936787,-1.1441941921016678,0.0,262847.10735325963,6289.03822574943,20453490.62304182,402.0249246948569,312.8901682201779
0.8214285714285712,0.31,0.005,269.3001118127103,9.141739894401146,-1.1441478727540686,0.0,262847.10974637227,6289.038225851993,20453491.46907469,402.02492847214916,312.8901696900837
0.8214285714285712,0.31,0.015,269.3001118127103,9.141742422936787,-1.1441941921016678,0.0,262847.10735325963,6289.03822574943,20453490.62304182,402.0249246948569,312.8901682201779
0.8214285714285712,0.33,-0.005,269.2840248505551,9.025508090027568,-1.2030616577291502,0.0,262841.65283835394,6289.038397763391,20451921.15811867,402.0180901258944,312.88750858592414
0.8214285714285712,0.33,0.005,269.2840248505551,9.025506461662632,-1.203013525495494,0.0,262841.6550692729,6289.038397865861,20451921.946593963,402.0180936497005,312.8875099571993
0.8214285714285712,0.33,0.015,269.2840248505551,9.025508090027568,-1.2030616577291502,0.0,262841.65283835394,6289.038397763391,20451921.15811867,402.0180901258944,312.88750858592414
0.8214285714285712,0.35,-0.005,269.26733376530007,8.902230197791804,-1.2591762715044827,0.0,262835.9817510543,6289.038577820698,20450292.831784673,402.0109995537723,312.8847493055799
0.8214285714285712,0.35,0.005,269.26733376530007,8.902229472613941,-1.2591265221163646,0.0,262835.98381290084,6289.038577923057,20450293.560324498,402.01100281358015,312.8847505741324
0.8214285714285712,0.35,0.015,269.26733376530007,8.902230197791804,-1.2591762715044827,0.0,262835.9817510543,6289.038577820698,20450292.831784673,402.0109995537723,312.8847493055799
0.8214285714285712,0.37,-0.005,269.25010424379417,8.771946650278476,-1.312385799738724,0.0,262830.1145836518,6289.03876520871,20448612.055007987,402.0036808475643,312.8819012218435
0.8214285714285712,0.37,0.005,269.25010424379417,8.77194682341311,-1.312334633976048,0.0,262830.11647017644,6289.0387653109365,20448612.721464094,402.0036838338677,312.8819023839725
0.8214285714285712,0.37,0.015,269.25010424379417,8.771946650278476,-1.312385799738724,0.0,262830.1145836518,6289.03876520871,20448612.055007987,402.0036808475643,312.8819012218435
0.8214285714285712,0.39,-0.005,269.2324038772439,8.634697014916044,-1.3625402710086452,0.0,262824.0724676258,6289.038959119844,20446885.421831988,401.99616264377164,312.8789754763756
0.8214285714285712,0.39,0.005,269.2324038772439,8.634698073599578,-1.3624878937437832,0.0,262824.0741732493,6289.038959221915,20446886.02429939,401.9961653481319,312.8789765287954
0.8214285714285712,0.39,0.015,269.2324038772439,8.634697014916044,-1.3625402710086452,0.0,262824.0724676258,6289.038959119844,20446885.421831988,401.99616264377164,312.8789754763756
0.8214285714285712,0.4099999999999999,-0.005,269.2143018819988,8.490522714491396,-1.40949207290555,0.0,262817.8770988559,6289.03915865307,20445119.6820399,401.9884742273465,312.8759834635411
0.8214285714285712,0.4099999999999999,0.005,269.2143018819988,8.490524638123766,-1.4094386921502384,0.0,262817.8786187084,6289.039158754958,20445120.21886973,401.9884766424487,312.8759844034032
0.8214285714285712,0.4099999999999999,0.015,269.2143018819988,8.490522714491396,-1.40949207290555,0.0,262817.8770988559,6289.03915865307,20445119.6820399,401.9884742273465,312.8759834635411
0.8214285714285712,0.43000000000000005,-0.005,269.1958688306824,8.339466695102272,-1.453095931762858,0.0,262811.55065782793,6289.039362807578,20443321.71459388,401.98064541228786,312.8729367839795
0.8214285714285712,0.43000000000000005,0.005,269.1958688306824,8.33946945535882,-1.4530417577267432,0.0,262811.5519877858,6289.039362909255,20443322.18440542,401.9806475319945,312.87293760889344
0.8214285714285712,0.43000000000000005,0.015,269.1958688306824,8.339466695102272,-1.453095931762858,0.0,262811.55065782793,6289.039362807578,20443321.71459388,401.98064541228786,312.8729367839795
0.8214285714285712,0.45,-0.005,269.17717638580456,8.181573620572014,-1.493208982263234,0.0,262805.1157347968,6289.039570475525,20441498.501295596,401.97270642266614,312.86984719833583
0.8214285714285712,0.45,0.005,269.17717638580456,8.181577181567695,-1.4931542264299191,0.0,262805.116871518,6289.039570576956,20441498.902987506,401.9727082420675,312.86984790638866
0.8214285714285712,0.45,0.015,269.17717638580456,8.181573620572014,-1.493208982263234,0.0,262805.1157347968,6289.039570475525,20441498.501295596,401.97270642266614,312.86984719833583
0.8214285714285712,0.47,-0.005,269.1582970276794,8.016889929654534,-1.5296908000252691,0.0,262798.595255502,6289.039780443721,20439657.100176837,401.96468777660573,312.8667265821358
0.8214285714285712,0.47,0.005,269.1582970276794,8.016894248154099,-1.5296356742511894,0.0,262798.5961964586,6289.039780544872,20439657.432937466,401.9646892920653,312.8667271719101
0.8214285714285712,0.47,0.015,269.1582970276794,8.016889929654534,-1.5296908000252691,0.0,262798.595255502,6289.039780443721,20439657.100176837,401.96468777660573,312.8667265821358
0.8214285714285712,0.48999999999999994,-0.005,269.13930379455223,7.845463376819107,-1.5624032923461577,0.0,262792.0124044176,6289.039991391737,20437804.61998102,401.9566201732373,312.86358688181014
0.8214285714285712,0.48999999999999994,0.005,269.13930379455223,7.845468402495205,-1.5623480079890075,0.0,262792.01314792584,6289.03999149257,20437804.88329768,401.95662138243335,312.8635873524
0.8214285714285712,0.48999999999999994,0.015,269.13930379455223,7.845463376819107,-1.5624032923461577,0.0,262792.0124044176,6289.039991391737,20437804.61998102,401.9566201732373,312.86358688181014
0.8214285714285712,0.51,-0.005,269.1202700267456,7.667342673841409,-1.5912105774209213,0.0,262785.39055172756,6289.0402018937875,20435948.195164654,401.9485343836204,312.860440072257
0.8214285714285712,0.51,0.005,269.1202700267456,7.6673483495757235,-1.5911553445020794,0.0,262785.39109697525,6289.040201994257,20435948.38883197,401.94853528558366,312.86044042328285
0.8214285714285712,0.51,0.015,269.1202700267456,7.667342673841409,-1.5912105774209213,0.0,262785.39055172756,6289.0402018937875,20435948.195164654,401.9485343836204,312.860440072257
0.8214285714285712,0.53,-0.005,269.10126912093176,7.482577420387468,-1.6159789101875834,0.0,262778.75318360125,6289.04041041549,20434094.961738452,401.940461142796,312.8572981148371
0.8214285714285712,0.53,0.005,269.10126912093176,7.482583682607261,-1.6159239365913134,0.0,262778.75353067176,6289.0404105155485,20434095.08586539,401.9404617379408,312.8572983464577
0.8214285714285712,0.53,0.015,269.10126912093176,7.482577420387468,-1.6159789101875834,0.0,262778.75318360125,6289.04041041549,20434094.961738452,401.940461142796,312.8572981148371
0.8214285714285712,0.55,-0.005,269.0823742790595,7.291218527872208,-1.6365767402618046,0.0,262772.12383905856,6289.040615321325,20432252.032927487,401.9324310460062,312.85417291698315
0.8214285714285712,0.55,0.005,269.0823742790595,7.291225306911841,-1.6365222309721112,0.0,262772.12398895115,6289.040615420922,20432252.087943166,401.932431336157,312.85417302990624
0.8214285714285712,0.55,0.015,269.0823742790595,7.291218527872208,-1.6365767402618046,0.0,262772.12383905856,6289.040615321325,20432252.032927487,401.9324310460062,312.85417291698315
0.8214285714285712,0.57,-0.005,269.063658297924,7.093317676112061,-1.6528744691991886,0.0,262765.52604618366,6289.040814871667,20430426.478492316,401.9244744559626,312.85107629610314
0.8214285714285712,0.57,0.005,269.063658297924,7.093324896605978,-1.6528206255799929,0.0,262765.5260008293,6289.040814970743,20430426.465150185,401.92447444437266,312.8510762915924
0.8214285714285712,0.57,0.015,269.063658297924,7.093317676112061,-1.6528744691991886,0.0,262765.52604618366,6289.040814871667,20430426.478492316,401.9244744559626,312.85107629610314
0.8214285714285712,0.59,-0.005,269.0451932824193,6.888927915499355,-1.6647445733748873,0.0,262758.9832503659,6289.041007231128,20428625.29694122,401.9166213840279,312.8480199333234
0.8214285714285712,0.59,0.005,269.0451932824193,6.888935496830957,-1.6646915924997296,0.0,262758.98301264,6289.041007329623,20428625.21632207,401.91662107539366,312.8480198132045
0.8214285714285712,0.59,0.015,269.0451932824193,6.888927915499355,-1.6647445733748873,0.0,262758.9832503659,6289.041007231128,20428625.29694122,401.9166213840279,312.8480199333234
0.8214285714285712,0.61,-0.005,269.0270504748786,6.678102990402306,-1.6720613554672648,0.0,262752.5187680795,6289.041190483781,20426855.3993282,401.9089014256508,312.8450153483406
0.8214285714285712,0.61,0.005,269.0270504748786,6.678110847156781,-1.6720094294819565,0.0,262752.51834180736,6289.041190581628,20426855.252840754,401.90890082611446,312.8450151150017
0.8214285714285712,0.61,0.015,269.0270504748786,6.678102990402306,-1.6720613554672648,0.0,262752.5187680795,6289.041190483781,20426855.3993282,401.9089014256508,312.8450153483406
0.8214285714285712,0.63,-0.005,269.00930006459373,6.460896498092019,-1.6747005195584592,0.0,262746.1557302145,6289.041362637815,20425123.590787414,401.90134368067555,312.8420738683809
0.8214285714285712,0.63,0.005,269.00930006459373,6.460904540519048,-1.674649835085791,0.0,262746.1551201712,6289.041362734941,20425123.38016703,401.90134279782035,312.84207352477137
0.8214285714285712,0.63,0.015,269.00930006459373,6.460896498092019,-1.6747005195584592,0.0,262746.1557302145,6289.041362637815,20425123.590787414,401.90134368067555,312.8420738683809
0.8214285714285712,0.65,-0.005,268.99201100151805,6.237361960018885,-1.6725389741352084,0.0,262739.91703259625,6289.041521627382,20423436.55239486,401.89397667363903,312.83920659714954
0.8214285714285712,0.65,0.005,268.99201100151805,6.237370094485834,-1.672489711715462,0.0,262739.9162445009,6289.041521723707,20423436.27970032,401.893975516475,312.8392061467742
0.8214285714285712,0.65,0.015,268.99201100151805,6.237361960018885,-1.6725389741352084,0.0,262739.91703259625,6289.041521627382,20423436.55239486,401.89397667363903,312.83920659714954
0.8214285714285712,0.67,-0.005,268.975250767364,6.007553090071243,-1.6654547217062865,0.0,262733.8252789902,6289.041665322439,20421800.819116816,401.88682826052684,312.8364243785042
0.8214285714285712,0.67,0.005,268.975250767364,6.007561219582414,-1.665407055299701,0.0,262733.8243194949,6289.041665417877,20421800.486725237,401.88682683946934,312.83642382541495
0.8214285714285712,0.67,0.015,268.975250767364,6.007553090071243,-1.6654547217062865,0.0,262733.8252789902,6289.041665322439,20421800.819116816,401.88682826052684,312.8364243785042
0.8214285714285712,0.69,-0.005,268.95908519655484,5.771523848416025,-1.6533267199175918,0.0,262727.9027430975,6289.041791554836,20420222.763150077,401.87992556696537,312.83373777235914
0.8214285714285712,0.69,0.005,268.95908519655484,5.771531873113325,-1.653280816439419,0.0,262727.90161977016,6289.041791649295,20420222.37374984,401.8799238938039,312.8337371211431
0.8214285714285712,0.69,0.015,268.95908519655484,5.771523848416025,-1.6533267199175918,0.0,262727.9027430975,6289.041791554836,20420222.763150077,401.87992556696537,312.83373777235914
0.8214285714285712,0.71,-0.005,268.9435783145002,5.529327587979347,-1.6360343768123913,0.0,262722.1713207858,6289.041898121968,20418708.57826131,401.8732949200445,312.83115702810676
0.8214285714285712,0.71,0.005,268.9435783145002,5.529335405652543,-1.635990395710648,0.0,262722.1700420875,6289.041898215351,20418708.13484304,401.87329300790356,312.8311562838706
0.8214285714285712,0.71,0.015,268.9435783145002,5.529327587979347,-1.6360343768123913,0.0,262722.1713207858,6289.041898121968,20418708.57826131,401.8732949200445,312.83115702810676
0.8214285714285712,0.73,-0.005,268.9287921809946,5.281016416131782,-1.6134570630289298,0.0,262716.6524905786,6289.041982801034,20417264.26496286,401.8669617888228,312.82869206141424
0.8214285714285712,0.73,0.005,268.9287921809946,5.281023922736147,-1.61341515590384,0.0,262716.6510658346,6289.041982893234,20417263.770808533,401.8669596521135,312.82869122976587
0.8214285714285712,0.73,0.015,268.9287921809946,5.281016416131782,-1.6134570630289298,0.0,262716.6524905786,6289.041982801034,20417264.26496286,401.8669617888228,312.82869206141424
0.8214285714285712,0.75,-0.005,268.91478671900774,5.026641871296446,-1.5854741133533417,0.0,262711.36728506704,6289.042043379315,20415895.614762582,401.86095072832984,312.8263524323795
0.8214285714285712,0.75,0.005,268.91478671900774,5.026648961461055,-1.585434423610346,0.0,262711.36572443316,6289.04204347022,20415895.073432766,401.86094838269474,312.82635151940644
0.8214285714285712,0.75,0.015,268.91478671900774,5.026641871296446,-1.5854741133533417,0.0,262711.36728506704,6289.042043379315,20415895.614762582,401.86095072832984,312.8263524323795
0.8214285714285712,0.77,-0.005,268.9016195625364,4.766254580652171,-1.55196445079055,0.0,262706.33625536016,6289.042077669261,20414608.19580669,401.8552853224199,312.8241473232378
0.8214285714285712,0.77,0.005,268.9016195625364,4.766261148182785,-1.551927113325549,0.0,262706.3345697824,6289.042077758754,20414607.611125868,401.8552827846681,312.82414633548166
0.8214285714285712,0.77,0.015,268.9016195625364,4.766254580652171,-1.55196445079055,0.0,262706.33625536016,6289.042077669261,20414608.19580669,401.8552853224199,312.8241473232378
0.8214285714285712,0.79,-0.005,268.8893459101034,4.499903811434979,-1.512806149714297,0.0,262701.5794369796,6289.042083522509,20413407.33904404,401.84998812839007,312.82208551675296
0.8214285714285712,0.79,0.005,268.8893459101034,4.499909749810117,-1.5127712906279387,0.0,262701.57763814845,6289.042083610465,20413406.715084072,401.8499854164239,312.82208446118125
0.8214285714285712,0.79,0.015,268.8893459101034,4.499903811434979,-1.512806149714297,0.0,262701.5794369796,6289.042083522509,20413407.33904404,401.84998812839007,312.82208551675296
0.8214285714285712,0.81,-0.005,268.8780183825011,4.2276374817353295,-1.467876172167424,0.0,262697.1163245268,6289.042058854485,20412298.125137005,401.84508062991426,312.8201753778451
0.8214285714285712,0.81,0.005,268.8780183825011,4.2276426845945405,-1.4678439085052968,0.0,262697.1144248261,6289.042058940772,20412297.466198783,401.84507776264945,312.8201742618201
0.8214285714285712,0.81,0.015,268.8780183825011,4.2276374817353295,-1.467876172167424,0.0,262697.1163245268,6289.042058854485,20412298.125137005,401.84508062991426,312.8201753778451
0.8214285714285712,0.83,-0.005,268.86768689081714,3.949500215446172,-1.4170492306063054,0.0,262692.9658379551,6289.0420016621365,20411285.37216419,401.84058319018936,312.81842483530045
0.8214285714285712,0.83,0.005,268.86768689081714,3.9495045770666115,-1.41701967012041,0.0,262692.9638504052,6289.04200174662,20411284.682757486,401.84058018746526,312.81842366654416
0.8214285714285712,0.83,0.015,268.86768689081714,3.949500215446172,-1.4170492306063054,0.0,262692.9658379551,6289.0420016621365,20411285.37216419,401.84058319018936,312.81842483530045
0.8214285714285712,0.85,-0.005,268.8583984213217,3.6655337958780554,-1.3601977263965708,0.0,262689.1462876483,6289.041910061396,20410373.615803555,401.83651498130456,312.8168413542268
0.8214285714285712,0.85,0.005,268.8583984213217,3.6655372117087173,-1.360170967358589,0.0,262689.1442258445,6289.041910143935,20410372.900625195,401.836511863789,312.8168401407839
0.8214285714285712,0.85,0.015,268.8583984213217,3.6655337958780554,-1.3601977263965708,0.0,262689.1462876483,6289.041910061396,20410373.615803555,401.83651498130456,312.8168413542268
0.8214285714285712,0.8699999999999999,-0.005,268.8501969605988,3.3757772263621444,-1.29719156530419,0.0,262685.6753800448,6289.041782330941,20409567.103434253,401.8328939780605,312.8154319335957
0.8214285714285712,0.8699999999999999,0.005,268.8501969605988,3.375779593454794,-1.2971676962934462,0.0,262685.67325809,6289.041782411393,20409566.367344573,401.83289076714505,312.81543068379267
0.8214285714285712,0.8699999999999999,0.015,268.8501969605988,3.3757772263621444,-1.29719156530419,0.0,262685.6753800448,6289.041782330941,20409567.103434253,401.8328939780605,312.8154319335957
0.8214285714285712,0.89,-0.005,268.84312337512154,3.080265843538376,-1.2278974108464726,0.0,262682.57019889134,6289.04161693474,20408869.78311561,401.82973691909416,312.81420309106096
0.8214285714285712,0.89,0.005,268.84312337512154,3.080267060917564,-1.2278765105232035,0.0,262682.56803132506,6289.0416170129565,20408869.03111388,401.8297336367859,312.8142018134643
0.8214285714285712,0.89,0.015,268.84312337512154,3.080265843538376,-1.2278974108464726,0.0,262682.57019889134,6289.04161693474,20408869.78311561,401.82973691909416,312.81420309106096
0.8214285714285712,0.9100000000000001,-0.005,268.8372152418752,2.7790283685644814,-1.15217689705548,0.0,262679.84715473215,6289.041412510664,20408285.286715023,401.82705922603634,312.8131608314439
0.8214285714285712,0.9100000000000001,0.005,268.8372152418752,2.779028337735891,-1.1521590340142278,0.0,262679.84495645587,6289.041412586499,20408284.523913197,401.8270558948427,312.81315953481493
0.8214285714285712,0.9100000000000001,0.015,268.8372152418752,2.7790283685644814,-1.15217689705548,0.0,262679.84715473215,6289.041412510664,20408285.286715023,401.82705922603634,312.8131608314439
0.8214285714285712,0.93,-0.005,268.8325067162415,2.4720905277043745,-1.0698880134985114,0.0,262677.52200663934,6289.041167946039,20407816.919392094,401.82487499223816,312.8123106423001
0.8214285714285712,0.93,0.005,268.8325067162415,2.47208915312413,-1.0698732461181462,0.0,262677.5197928376,6289.0411680193465,20407816.150987696,401.8248716350465,312.8123093355481
0.8214285714285712,0.93,0.015,268.8325067162415,2.4720905277043745,-1.0698880134985114,0.0,262677.52200663934,6289.041167946039,20407816.919392094,401.82487499223816,312.8123106423001
0.8214285714285712,0.95,-0.005,268.82902837523835,2.1594787463772054,-0.9808866840587256,0.0,262675.60986185726,6289.040882430216,20407467.64595012,401.82319694677415,312.8116574798658
0.8214285714285712,0.95,0.005,268.82902837523835,2.1594759359519617,-0.9808750603785592,0.0,262675.6076479166,6289.040882500848,20407466.87719813,401.8231935867282,312.8116561720001
0.8214285714285712,0.95,0.015,268.82902837523835,2.1594787463772054,-0.9808866840587256,0.0,262675.60986185726,6289.040882430216,20407467.64595012,401.82319694677415,312.8116574798658
0.8214285714285712,0.9700000000000001,-0.005,268.8268074156816,1.841208561291263,-0.885020268962425,0.0,262674.12517280347,6289.040555356609,20407240.107212093,401.8220364792925,312.81120577869325
0.8214285714285712,0.9700000000000001,0.005,268.8268074156816,1.8412042267856803,-0.8850118265206938,0.0,262674.1229742316,6289.040555424421,20407239.343397293,401.82203313966977,312.81120447877515
0.8214285714285712,0.9700000000000001,0.015,268.8268074156816,1.841208561291263,-0.885020268962425,0.0,262674.12517280347,6289.040555356609,20407240.107212093,401.8220364792925,312.81120577869325
0.8214285714285712,0.99,-0.005,268.8259462344611,1.509729390188013,-0.7780362246012177,0.0,262673.0944671864,6289.040199097491,20407144.709239576,401.82144544232847,312.8109757228021
0.8214285714285712,0.99,0.005,268.8259462344611,1.5097234780130226,-0.7780309908117657,0.0,262673.092295912,6289.040199161987,20407143.954393823,401.82144214070905,312.81097443767555
0.8214285714285712,0.99,0.015,268.8259462344611,1.509729390188013,-0.7780362246012177,0.0,262673.0944671864,6289.040199097491,20407144.709239576,401.82144544232847,312.8109757228021
0.8214285714285712,1.01,-0.005,268.82572972419007,1.2164865073173305e-06,-6.269140519635465e-07,0.0,262673.08910386707,6289.04392739928,20407239.903326686,401.8236436111453,312.8118313396436
0.8214285714285712,1.01,0.005,268.82551321391895,-1.5097293901880127,0.7780362246012177,0.0,262673.0837405391,6289.040476852529,20407110.989196837,401.82142903326076,312.8109693357157
0.8214285714285712,1.01,0.015,268.82572972419007,1.2164865073173305e-06,-6.269140519635465e-07,0.0,262673.08910386707,6289.04392739928,20407239.903326686,401.8236436111453,312.8118313396436
0.8928571428571432,-0.01,-0.005,269.4354293529532,10.278957285642331,0.0,0.0,262894.6439852465,6289.035722235237,20466660.260799415,402.0817524910018,312.91228156352935
0.8928571428571432,-0.01,0.005,269.4354293529531,10.278957285642331,0.03905202394942042,0.0,262894.6439852465,6289.035720338781,20466660.20142359,402.08175132452254,312.9122811096344
0.8928571428571432,-0.01,0.015,269.4354293529532,10.278957285642331,0.0,0.0,262894.6439852465,6289.035722235237,20466660.260799415,402.0817524910018,312.91228156352935
0.8928571428571432,0.01,-0.005,269.4354293529532,10.278957285642331,-0.03905202394942042,0.0,262894.6439852465,6289.035720338781,20466660.20142359,402.08175132452254,312.9122811096344
0.8928571428571432,0.01,0.005,269.4354293529532,10.278945628994482,-0.039050216553406514,0.0,262894.6479562204,6289.035720439427,20466661.61128609,402.08175758251156,312.9122835447134
0.8928571428571432,0.01,0.015,269.4354293529532,10.278957285642331,-0.03905202394942042,0.0,262894.6439852465,6289.035720338781,20466660.20142359,402.08175132452254,312.9122811096344
0.8928571428571432,0.03,-0.005,269.43422815478283,10.271581743816638,-0.11707472449710148,0.0,262894.23957241717,6289.035730069883,20466542.89919878,402.0812392905248,312.9120818693348
0.8928571428571432,0.03,0.005,269.43422815478283,10.27157016616094,-0.11706940047961473,0.0,262894.2435228236,6289.035730170507,20466544.301794514,402.0812455165237,312.91208429196746
0.8928571428571432,0.03,0.015,269.43422815478283,10.271581743816638,-0.11707472449710148,0.0,262894.23957241717,6289.035730069883,20466542.89919878,402.0812392905248,312.9120818693348
0.8928571428571432,0.049999999999999996,-0.005,269.4318290731541,10.256815085844426,-0.1948464071817695,0.0,262893.43192601897,6289.035750306847,20466308.63884421,402.0802171009416,312.91168411927515
0.8928571428571432,0.049999999999999996,0.005,269.4318290731541,10.256803661952448,-0.19483755890821283,0.0,262893.43585012417,6289.0357504074655,20466310.032068864,402.0802232857158,312.9116865258697
0.8928571428571432,0.049999999999999996,0.015,269.4318290731541,10.256815085844426,-0.1948464071817695,0.0,262893.43192601897,6289.035750306847,20466308.63884421,402.0802171009416,312.91168411927515
0.8928571428571432,0.07,-0.005,269.42824200286594,10.234667948679377,-0.2722019581822517,0.0,262892.22412485577,6289.035780939117,20465958.38914848,402.07868895651615,312.9110894932779
0.8928571428571432,0.07,0.005,269.42824200286594,10.23465675352306,-0.27218962387176765,0.0,262892.22800963465,6289.035781039732,20465959.76836362,402.07869507966143,312.9110918758962
0.8928571428571432,0.07,0.015,269.42824200286594,10.234667948679377,-0.2722019581822517,0.0,262892.22412485577,6289.035780939117,20465958.38914848,402.07868895651615,312.9110894932779
0.8928571428571432,0.09,-0.005,269.4234818061975,10.205156132145815,-0.34897676231039226,0.0,262890.620828003,6289.035821919422,20465493.605111092,402.07666122329067,312.9103004673607
0.8928571428571432,0.09,0.005,269.4234818061975,10.205145239054875,-0.34896099497793925,0.0,262890.62466053275,6289.035822020031,20465494.96571661,402.07666726456813,312.9103028181287
0.8928571428571432,0.09,0.015,269.4234818061975,10.205156132145815,-0.34897676231039226,0.0,262890.620828003,6289.035821919422,20465493.605111092,402.07666122329067,312.9103004673607
0.8928571428571432,0.11,-0.005,269.417567992202,10.168293712461551,-0.42500659066516594,0.0,262888.62809782446,6289.035873205797,20464916.197249964,402.0741422701644,312.9093202965498
0.8928571428571432,0.11,0.005,269.417567992202,10.168283192163146,-0.42498745792153736,0.0,262888.6318653392,6289.0358733064,20464917.534705125,402.07414820959394,312.90932260769426
0.8928571428571432,0.11,0.015,269.417567992202,10.168293712461551,-0.42500659066516594,0.0,262888.62809782446,6289.035873205797,20464916.197249964,402.0741422701644,312.9093202965498
0.8928571428571432,0.13,-0.005,269.4105247390051,10.124094210568341,-0.5001278730428217,0.0,262886.25341449893,6289.035934750527,20464228.533409107,402.07114247211626,312.90815301616493
0.8928571428571432,0.13,0.005,269.4105247390051,10.124084130596295,-0.5001054567186554,0.0,262886.25710443064,6289.035934851121,20464229.84324794,402.07114829004337,312.90815528003895
0.8928571428571432,0.13,0.015,269.4105247390051,10.124094210568341,-0.5001278730428217,0.0,262886.25341449893,6289.035934750527,20464228.533409107,402.07114247211626,312.90815301616493
0.8928571428571432,0.15,-0.005,269.40238080310024,10.072573191793625,-0.5741779549897553,0.0,262883.5056625246,6289.03600646215,20463433.428645663,402.06767414819,312.9068034177237
0.8928571428571432,0.15,0.005,269.40238080310024,10.072563615954785,-0.574152350674005,0.0,262883.50926254527,6289.03600656273,20463434.7064924,402.0676798253528,312.90680562683303
0.8928571428571432,0.15,0.015,269.40238080310024,10.072573191793625,-0.5741779549897553,0.0,262883.5056625246,6289.03600646215,20463433.428645663,402.06767414819,312.9068034177237
0.8928571428571432,0.17,-0.005,269.3931693542923,10.013749785482277,-0.646995377939904,0.0,262880.39510234253,6289.036088210544,20462534.12917874,402.06375149397627,312.90527702271163
0.8928571428571432,0.17,0.005,269.3931693542923,10.013740773218304,-0.6469666944315345,0.0,262880.3986004062,6289.036088311106,20462535.370763488,402.0637570115753,312.9052791697416
0.8928571428571432,0.17,0.015,269.3931693542923,10.013749785482277,-0.646995377939904,0.0,262880.39510234253,6289.036088210544,20462534.12917874,402.06375149397627,312.90527702271163
0.8928571428571432,0.19,-0.005,269.3829278162251,9.947643968094791,-0.7184198643619453,0.0,262876.9333056825,6289.036179844242,20461534.297262065,402.05939052409224,312.9035800602463
0.8928571428571432,0.19,0.005,269.3829278162251,9.947635574053093,-0.7183882230643974,0.0,262876.9366900682,6289.036179944777,20461535.498436525,402.0593958638581,312.90358213808844
0.8928571428571432,0.19,0.015,269.3829278162251,9.947643968094791,-0.7184198643619453,0.0,262876.9333056825,6289.036179844242,20461534.297262065,402.05939052409224,312.9035800602463
0.8928571428571432,0.21,-0.005,269.3716977053984,9.874277845165524,-0.7882925366132294,0.0,262873.1331153427,6289.0362811682235,20460437.994667117,402.05460898976014,312.90171943505726
0.8928571428571432,0.21,0.005,269.3716977053984,9.874270118729703,-0.7882580708624249,0.0,262873.1363746989,6289.036281268725,20460439.151420522,402.05461413402384,312.9017214368363
0.8928571428571432,0.21,0.015,269.3716977053984,9.874277845165524,-0.7882925366132294,0.0,262873.1331153427,6289.0362811682235,20460437.994667117,402.05460898976014,312.90171943505726
0.8928571428571432,0.23,-0.005,269.35952442253335,9.793675009845396,-0.8564559700693106,0.0,262869.00858338724,6289.036391949571,20459249.662368435,402.0494262929996,312.89970269415005
0.8928571428571432,0.23,0.005,269.35952442253335,9.793667994716987,-0.8564188244085673,0.0,262869.0117067764,6289.036392050028,20459250.770843755,402.04943122476334,312.8997046132517
0.8928571428571432,0.23,0.015,269.35952442253335,9.793675009845396,-0.8564559700693106,0.0,262869.00858338724,6289.036391949571,20459249.662368435,402.0494262929996,312.89970269415005
0.8928571428571432,0.25,-0.005,269.34645702933483,9.705860848327346,-0.9227543408497636,0.0,262864.57490994676,6289.036511910847,20457974.09841316,402.0438633870135,312.8975379881011
0.8928571428571432,0.25,0.005,269.34645702933483,9.705854582154982,-0.9227146702558569,0.0,262864.5778868919,6289.036512011249,20457975.154923603,402.04386809002375,312.89753981820024
0.8928571428571432,0.25,0.015,269.34645702933483,9.705860848327346,-0.9227543408497636,0.0,262864.57490994676,6289.036511910847,20457974.09841316,402.0438633870135,312.8975379881011
0.8928571428571432,0.27,-0.005,269.3325480261507,9.610862867620368,-0.9870335901635254,0.0,262859.8483796915,6289.036640716636,20456616.435662642,402.0379426727589,312.89523403086815
0.8928571428571432,0.27,0.005,269.3325480261507,9.610857381676738,-0.986991559229964,0.0,262859.85120022256,6289.036640816966,20456617.436708152,402.0379471315779,312.8952357659571
0.8928571428571432,0.27,0.015,269.3325480261507,9.610862867620368,-0.9870335901635254,0.0,262859.8483796915,6289.036640716636,20456616.435662642,402.0379426727589,312.89523403086815
0.8928571428571432,0.29,-0.005,269.3178531180043,9.508710238946142,-1.0491414801285663,0.0,262854.8462910523,6289.036777969324,20455182.118685868,402.0316878962072,312.89280005987035
0.8928571428571432,0.29,0.005,269.3178531180043,9.508705557869392,-1.0490972622156627,0.0,262854.8489457531,6289.036778069569,20455183.06096952,402.031692096286,312.89280169428685
0.8928571428571432,0.29,0.015,269.3178531180043,9.508710238946142,-1.0491414801285663,0.0,262854.8462910523,6289.036777969324,20455182.118685868,402.0316878962072,312.89280005987035
0.8928571428571432,0.31,-0.005,269.3024309341049,9.39943484423308,-1.108927868106629,0.0,262849.5868880333,6289.036923207569,20453676.87618198,402.02512402715814,312.8902457888878
0.8928571428571432,0.31,0.005,269.3024309341049,9.399430985752655,-1.108881644448398,0.0,262849.5893680888,6289.036923307709,20453677.756626587,402.02512795490964,312.8902473173434
0.8928571428571432,0.31,0.015,269.3024309341049,9.39943484423308,-1.108927868106629,0.0,262849.5868880333,6289.036923207569,20453676.87618198,402.02512402715814,312.8902457888878
0.8928571428571432,0.33,-0.005,269.28634279572105,9.283070260121773,-1.166244696755775,0.0,262844.08928254404,6289.03707589729,20452106.69790796,402.0182771543191,312.8875813672895
0.8928571428571432,0.33,0.005,269.28634279572105,9.283067234907147,-1.1661966555492063,0.0,262844.09157978586,6289.037075997304,20452107.513671853,402.01828079718723,312.88758278489695
0.8928571428571432,0.33,0.015,269.28634279572105,9.283070260121773,-1.166244696755775,0.0,262844.08928254404,6289.03707589729,20452106.69790796,402.0182771543191,312.8875813672895
0.8928571428571432,0.35,-0.005,269.2696524476566,9.159651654392839,-1.220946052344038,0.0,262838.3733778328,6289.037235428473,20450477.808226995,402.01117436820925,312.88481733452113
0.8928571428571432,0.35,0.005,269.2696524476566,9.159649465949107,-1.2208963878227408,0.0,262838.37548478437,6289.037235528338,20450478.55671929,402.0111777147372,312.88481863682046
0.8928571428571432,0.35,0.015,269.2696524476566,9.159651654392839,-1.220946052344038,0.0,262838.3733778328,6289.037235428473,20450477.808226995,402.01117436820925,312.88481733452113
0.8928571428571432,0.37,-0.005,269.25242578363583,9.029215815903974,-1.2728882373479413,0.0,262832.4597902695,6289.037401108981,20448796.638971742,402.00384363955936,312.88196457283533
0.8928571428571432,0.37,0.005,269.25242578363583,9.02921446051225,-1.2728371488449568,0.0,262832.4617001891,6289.0374012086695,20448797.317866974,402.00384667945383,312.8819657558192
0.8928571428571432,0.37,0.015,269.25242578363583,9.029215815903974,-1.2728882373479413,0.0,262832.4597902695,6289.037401108981,20448796.638971742,402.00384363955936,312.88196457283533
0.8928571428571432,0.38999999999999996,-0.005,269.23473057204495,8.891800932334485,-1.3219297894358917,0.0,262826.36977004976,6289.037572161365,20447069.802441612,401.9963136996514,312.87903426077315
0.8928571428571432,0.38999999999999996,0.005,269.23473057204495,8.891800399047984,-1.32187748044385,0.0,262826.37147697195,6289.037572260848,20447070.409693573,401.99631642384435,312.8790353209108
0.8928571428571432,0.38999999999999996,0.015,269.23473057204495,8.891800932334485,-1.3219297894358917,0.0,262826.36977004976,6289.037572161365,20447069.802441612,401.9963136996514,312.87903426077315
0.8928571428571432,0.41,-0.005,269.21663617456613,8.747446788133018,-1.3679315643248606,0.0,262820.1251239341,6289.0377477200855,20445304.06372322,401.98861391777996,312.87603782552003
0.8928571428571432,0.41,0.005,269.21663617456613,8.747447058817876,-1.3678782415589679,0.0,262820.1266227086,6289.03774781933,20445304.5975779,401.98861631848564,312.8760387597795
0.8928571428571432,0.41,0.015,269.21663617456613,8.747446788133018,-1.3679315643248606,0.0,262820.1251239341,6289.0377477200855,20445304.06372322,401.98861391777996,312.87603782552003
0.8928571428571432,0.43,-0.005,269.1982132713575,8.596194399936444,-1.4107567034213158,0.0,262813.7481345414,6289.037926828605,20443506.313654196,401.9807741813799,312.87298689629364
0.8928571428571432,0.43,0.005,269.1982132713575,8.596195449366615,-1.4107025758943035,0.0,262813.7494208695,6289.037926927575,20443506.772661783,401.98077625214836,312.87298770216245
0.8928571428571432,0.43,0.015,269.1982132713575,8.596194399936444,-1.4107567034213158,0.0,262813.7481345414,6289.037926828605,20443506.313654196,401.9807741813799,312.87298689629364
0.8928571428571432,0.45,-0.005,269.1795335900037,8.438086156240965,-1.4502706764760607,0.0,262807.26148472435,6289.038108435054,20441683.54211933,401.97282477683484,312.8698932579904
0.8928571428571432,0.45,0.005,269.1795335900037,8.4380879522403,-1.4502159545911324,0.0,262807.26255519415,6289.03810853371,20441683.925145302,401.9728265126017,312.86989393349523
0.8928571428571432,0.45,0.015,269.1795335900037,8.438086156240965,-1.4502706764760607,0.0,262807.26148472435,6289.038108435054,20441683.54211933,401.97282477683484,312.8698932579904
0.8928571428571432,0.47,-0.005,269.16066963199836,8.273165871268795,-1.4863412987177826,0.0,262800.6881822793,6289.03829139288,20439842.811268337,401.96479627219026,312.86676880556627
0.8928571428571432,0.47,0.005,269.16066963199836,8.273168374893926,-1.4862861933848632,0.0,262800.6890343963,6289.03829149118,20439843.117503498,401.9647976693213,312.86676934929034
0.8928571428571432,0.47,0.015,269.16066963199836,8.273165871268795,-1.4863412987177826,0.0,262800.6881822793,6289.03829139288,20439842.811268337,401.96479627219026,312.86676880556627
0.8928571428571432,0.49,-0.005,269.1416944105143,8.101478295300495,-1.5188386120200053,0.0,262794.0514827764,6289.038474460798,20437991.22982477,401.95671940421727,312.8636255001048
0.8928571428571432,0.49,0.005,269.1416944105143,8.101481461067198,-1.5187833338017018,0.0,262794.052114993,6289.038474558692,20437991.45879424,401.95672046054864,312.86362591120337
0.8928571428571432,0.49,0.015,269.1416944105143,8.101478295300495,-1.5188386120200053,0.0,262794.0514827764,6289.038474460798,20437991.22982477,401.95671940421727,312.8636255001048
0.8928571428571432,0.51,-0.005,269.1226811928321,7.923068736295061,-1.5476347572507447,0.0,262787.37481627933,6289.038656306059,20436135.92796337,401.94862496944165,312.86047532642004
0.8928571428571432,0.51,0.005,269.1226811928321,7.9230725124436185,-1.547579515541967,0.0,262787.37522801996,6289.038656403494,20436136.07953439,401.9486256843149,312.8604756046342
0.8928571428571432,0.51,0.015,269.1226811928321,7.923068736295061,-1.5476347572507447,0.0,262787.37481627933,6289.038656306059,20436135.92796337,401.94862496944165,312.86047532642004
0.8928571428571432,0.53,-0.005,269.10370325488407,7.737982950905498,-1.572603883069893,0.0,262780.68171750277,6289.038835501671,20434284.03319239,401.94054371658495,312.85733025120265
0.8928571428571432,0.53,0.005,269.10370325488407,7.737987279699749,-1.5725488853137974,0.0,262780.68190918607,6289.0388355985915,20434284.107580807,401.9405440908766,312.8573303968708
0.8928571428571432,0.53,0.015,269.10370325488407,7.737982950905498,-1.572603883069893,0.0,262780.68171750277,6289.038835501671,20434284.03319239,401.94054371658495,312.85733025120265
0.8928571428571432,0.55,-0.005,269.0848336339153,7.546267590909168,-1.5936221876627295,0.0,262773.9957622548,6289.039010529473,20432442.646243002,401.9325062416965,312.85420218220605
0.8928571428571432,0.55,0.005,269.0848336339153,7.546272408960381,-1.5935676386038315,0.0,262773.9957353111,6289.039010625817,20432442.644018143,401.93250627784005,312.8542021962727
0.8928571428571432,0.55,0.015,269.0848336339153,7.546267590909168,-1.5936221876627295,0.0,262773.9957622548,6289.039010529473,20432442.646243002,401.9325062416965,312.85420218220605
0.8928571428571432,0.57,-0.005,269.0661449187642,7.34796948454718,-1.6105676317986701,0.0,262767.3405045751,6289.039179782553,20430618.820629083,401.92454289903594,312.8511029335557
0.8928571428571432,0.57,0.005,269.0661449187642,7.347974723181375,-1.6105137327822587,0.0,262767.34026145824,6289.039179878253,20430618.74271669,401.92454260103545,312.8511028175765
0.8928571428571432,0.57,0.015,269.0661449187642,7.34796948454718,-1.6105676317986701,0.0,262767.3405045751,6289.039179782553,20430618.820629083,401.92454289903594,312.8511029335557
0.8928571428571432,0.59,-0.005,269.0477089568735,7.143136779411079,-1.6233201934453367,0.0,262760.7394088612,6289.0393415765075,20428819.534339655,401.91668368134214,312.84804417913665
0.8928571428571432,0.59,0.005,269.0477089568735,7.143142365026527,-1.6232671417418023,0.0,262760.7389530572,6289.039341671491,20428819.382023778,401.91668305478134,312.8480439352822
0.8928571428571432,0.59,0.015,269.0477089568735,7.143136779411079,-1.6233201934453367,0.0,262760.7394088612,6289.0393415765075,20428819.534339655,401.91668368134214,312.84804417913665
0.8928571428571432,0.61,-0.005,269.02959668726,6.931817855360856,-1.6317615271067196,0.0,262754.2158002964,6289.039494162262,20427051.67391823,401.90895815536203,312.84503742748177
0.8928571428571432,0.61,0.005,269.02959668726,6.931823709842415,-1.6317095152775496,0.0,262754.21513632464,6289.039494256451,20427051.448840316,401.90895720740104,312.8450370585364
0.8928571428571432,0.61,0.015,269.02959668726,6.931817855360856,-1.6317615271067196,0.0,262754.2158002964,6289.039494162262,20427051.67391823,401.90895815536203,312.84503742748177
0.8928571428571432,0.63,-0.005,269.0118779540226,6.714060355085795,-1.63577451725335,0.0,262747.79280794755,6289.03963572964,20425322.01635374,401.90139538320113,312.84209399113627
0.8928571428571432,0.63,0.005,269.0118779540226,6.714066396237097,-1.635723732561634,0.0,262747.79194135504,6289.039635822953,20425321.720509518,401.90139412256303,312.8420935004927
0.8928571428571432,0.63,0.015,269.0118779540226,6.714060355085795,-1.63577451725335,0.0,262747.79280794755,6289.03963572964,20425322.01635374,401.90139538320113,312.84209399113627
0.8928571428571432,0.65,-0.005,268.99462133038776,6.489911120227506,-1.6352430157918136,0.0,262741.4933179174,6289.0397644099785,20423637.21197905,401.89402384756045,312.8392249575288
0.8928571428571432,0.65,0.005,268.99462133038776,6.4899172621910965,-1.6351936396522737,0.0,262741.49225526745,6289.039764502324,20423636.847713426,401.8940222845099,312.83922434918
0.8928571428571432,0.65,0.015,268.99462133038776,6.489911120227506,-1.6352430157918136,0.0,262741.4933179174,6289.0397644099785,20423637.21197905,401.89402384756045,312.8392249575288
0.8928571428571432,0.67,-0.005,268.9778938755511,6.259416855924739,-1.6300518391013838,0.0,262735.3399163252,6289.039878287732,20422003.76107907,401.88687135341877,312.836441150671
0.8928571428571432,0.67,0.005,268.9778938755511,6.259423009646035,-1.630004046585058,0.0,262735.3386651817,6289.039878379015,20422003.331079524,401.8868694997327,312.83644042919866
0.8928571428571432,0.67,0.015,268.9778938755511,6.259416855924739,-1.6300518391013838,0.0,262735.3399163252,6289.039878287732,20422003.76107907,401.88687135341877,312.836441150671
0.8928571428571432,0.69,-0.005,268.9617609675269,6.022624112217867,-1.6200866143171622,0.0,262729.3548542999,6289.039975426374,20420427.99838972,401.87996497124453,312.8337531090143
0.8928571428571432,0.69,0.005,268.9617609675269,6.022630185898111,-1.620040573689777,0.0,262729.3534232054,6289.0399755164935,20420427.505677667,401.87996284017504,312.83375227957447
0.8928571428571432,0.69,0.015,268.9617609675269,6.022624112217867,-1.6200866143171622,0.0,262729.3548542999,6289.039975426374,20420427.99838972,401.87996497124453,312.8337531090143
0.8928571428571432,0.71,-0.005,268.9462861470634,5.779578404582804,-1.6052332962945355,0.0,262723.55999992054,6289.040053867487,20418916.077846613,401.87333096844736,312.83117105872714
0.8928571428571432,0.71,0.005,268.9462861470634,5.7795843041425385,-1.6051891685978672,0.0,262723.55839836894,6289.040053956333,20418915.52576688,401.8733285746758,312.83117012703264
0.8928571428571432,0.71,0.015,268.9462861470634,5.779578404582804,-1.6052332962945355,0.0,262723.55999992054,6289.040053867487,20418916.077846613,401.87333096844736,312.83117105872714
0.8928571428571432,0.73,-0.005,268.9315309642654,5.5303235570573115,-1.5853777035166072,0.0,262717.9768000028,6289.040111645688,20417473.95809769,401.86699475169706,312.8287048911982
0.8928571428571432,0.73,0.005,268.9315309642654,5.530329186609018,-1.5853356421915477,0.0,262717.97503840644,6289.040111733149,20417473.350306146,401.8669921112794,312.8287038634969
0.8928571428571432,0.73,0.015,268.9315309642654,5.5303235570573115,-1.5853777035166072,0.0,262717.9768000028,6289.040111645688,20417473.95809769,401.86699475169706,312.8287048911982
0.8928571428571432,0.75,-0.005,268.91755481377317,5.274902450942116,-1.5604055313969418,0.0,262712.6262553764,6289.040146821726,20416107.387465682,401.86098081541104,312.82636414293717
0.8928571428571432,0.75,0.005,268.91755481377317,5.274907713253291,-1.560365681939469,0.0,262712.62434502726,6289.040146907684,20416106.72791499,401.86097794571566,312.8263630259883
0.8928571428571432,0.75,0.015,268.91755481377317,5.274902450942116,-1.5604055313969418,0.0,262712.6262553764,6289.040146821726,20416107.387465682,401.86098081541104,312.82636414293717
0.8928571428571432,0.77,-0.005,268.9044147942753,5.013356722019362,-1.53020201236022,0.0,262707.5288854348,6289.040157488423,20414821.890446972,401.8553126840384,312.8241579730602
0.8928571428571432,0.77,0.005,268.9044147942753,5.013361518972277,-1.5301645120093246,0.0,262707.5268384604,6289.040157572753,20414821.18337041,401.85530960367527,312.8241567741063
0.8928571428571432,0.77,0.015,268.9044147942753,5.013356722019362,-1.53020201236022,0.0,262707.5288854348,6289.040157488423,20414821.890446972,401.8553126840384,312.8241579730602
0.8928571428571432,0.7899999999999999,-0.005,268.89216556841353,4.745726362126874,-1.4946515239754594,0.0,262702.7046984318,6289.040141790012,20413622.754668556,401.85001286271853,312.8220951440322
0.8928571428571432,0.7899999999999999,0.005,268.89216556841353,4.745730595175078,-1.4946165014305974,0.0,262702.7025277447,6289.040141872586,20413622.00456194,401.8500095914593,312.82209387076836
0.8928571428571432,0.7899999999999999,0.015,268.89216556841353,4.745726362126874,-1.4946515239754594,0.0,262702.7046984318,6289.040141790012,20413622.754668556,401.85001286271853,312.8220951440322
0.8928571428571432,0.8099999999999999,-0.005,268.88085922944884,4.47204974279199,-1.4536373407361023,0.0,262698.1731686826,6289.0400979461,20412515.018652033,401.84510279368794,312.8201840046466
0.8928571428571432,0.8099999999999999,0.005,268.88085922944884,4.472053313412233,-1.4536049159016475,0.0,262698.17088792456,6289.040098026785,20412514.23025373,401.84509935237804,312.8201826651862
0.8928571428571432,0.8099999999999999,0.015,268.88085922944884,4.47204974279199,-1.4536373407361023,0.0,262698.1731686826,6289.0400979461,20412515.018652033,401.84510279368794,312.8201840046466
0.8928571428571432,0.83,-0.005,268.8705451838384,4.19236169413524,-1.4070405953515503,0.0,262693.9532042503,6289.040024262851,20411503.46073559,401.8406028116959,312.81843247261855
0.8928571428571432,0.83,0.005,268.8705451838384,4.1923645042740825,-1.407010879106916,0.0,262693.95082773064,6289.040024341508,20411502.639004737,401.8405992221585,312.8184310754558
0.8928571428571432,0.83,0.015,268.8705451838384,4.19236169413524,-1.4070405953515503,0.0,262693.9532042503,6289.040024262851,20411503.46073559,401.8406028116959,312.81843247261855
0.8928571428571432,0.85,-0.005,268.86126992015716,3.906694735947803,-1.3547405628585474,0.0,262690.0631111535,6289.039919170285,20410592.5776889,401.8365320663885,312.81684800432174
0.8928571428571432,0.85,0.005,268.86126992015716,3.906696688504978,-1.3547136568647942,0.0,262690.0606537848,6289.039919246776,20410591.727782536,401.83652835132426,312.8168465582926
0.8928571428571432,0.85,0.015,268.86126992015716,3.906694735947803,-1.3547405628585474,0.0,262690.0631111535,6289.039919170285,20410592.5776889,401.8365320663885,312.81684800432174
0.8928571428571432,0.87,-0.005,268.85307697587825,3.6150784966581715,-1.2966142582637346,0.0,262686.5206067761,6289.039781265481,20409786.58287362,401.83290853378907,312.8154375992051
0.8928571428571432,0.87,0.005,268.85307697587825,3.6150794958964596,-1.2965902547562644,0.0,262686.51808400155,6289.039781339667,20409785.71012141,401.832904716664,312.81543611344375
0.8928571428571432,0.87,0.015,268.85307697587825,3.6150784966581715,-1.2966142582637346,0.0,262686.5206067761,6289.039781265481,20409786.58287362,401.83290853378907,312.8154375992051
0.8928571428571432,0.89,-0.005,268.84600685209864,3.3175385921028506,-1.2325355961284767,0.0,262683.3428083383,6289.039609331788,20409089.398557708,401.82974899057047,312.8142077897291
0.8928571428571432,0.89,0.005,268.84600685209864,3.317538543978038,-1.2325145776966562,0.0,262683.34023605613,6289.039609403525,20409088.508435577,401.82974509550036,312.8142062736228
0.8928571428571432,0.89,0.015,268.84600685209864,3.3175385921028506,-1.2325355961284767,0.0,262683.3428083383,6289.039609331788,20409089.398557708,401.82974899057047,312.8142077897291
0.8928571428571432,0.91,-0.005,268.8400968049373,3.0140943484914526,-1.1623740339635165,0.0,262680.5461704857,6289.039402320681,20408504.634993196,401.8270689121302,312.813164601645
0.8928571428571432,0.91,0.005,268.8400968049373,3.014093161144147,-1.1623560734194187,0.0,262680.5435649705,6289.03940238983,20408503.73309596,401.8270649637592,312.8131630647868
0.8928571428571432,0.91,0.015,268.8400968049373,3.0140943484914526,-1.1623740339635165,0.0,262680.5461704857,6289.039402320681,20408504.634993196,401.8270689121302,312.813164601645
0.8928571428571432,0.9299999999999999,-0.005,268.83538073716966,2.7047621866957017,-1.085995774270116,0.0,262678.1465147937,6289.0391594327875,20408035.582395744,401.82488247495405,312.81231355486943
0.8928571428571432,0.9299999999999999,0.005,268.83538073716966,2.704759770887084,-1.0859809345063498,0.0,262678.1438926146,6289.039159499211,20408034.67440859,401.8248784983295,312.81231200700967
0.8928571428571432,0.9299999999999999,0.015,268.83538073716966,2.7047621866957017,-1.085995774270116,0.0,262678.1465147937,6289.0391594327875,20408035.582395744,401.82488247495405,312.81231355486943
0.8928571428571432,0.95,-0.005,268.8318890406186,2.3895594097550314,-1.0032652837438132,0.0,262676.15903164353,6289.038880176062,20407685.197388116,401.8232025237102,312.81165965063474
0.8928571428571432,0.95,0.005,268.8318890406186,2.3895556793521204,-1.003253617628037,0.0,262676.15640957793,6289.038880239627,20407684.28905689,401.82319854415107,312.81165810162946
0.8928571428571432,0.95,0.015,268.8318890406186,2.3895594097550314,-1.0032652837438132,0.0,262676.15903164353,6289.038880176062,20407685.197388116,401.8232025237102,312.81165965063474
0.8928571428571432,0.97,-0.005,268.8296488575347,2.068490387315193,-0.9140383490891059,0.0,262674.5982916282,6289.038564281339,20407456.125984084,401.8220406317216,312.8112073949888
0.8928571428571432,0.97,0.005,268.8296488575347,2.0684852596173102,-0.9140298992983985,0.0,262674.595686577,6289.038564341916,20407455.22308623,401.82203667469,312.8112058547499
0.8928571428571432,0.97,0.015,268.8296488575347,2.068490387315193,-0.9140383490891059,0.0,262674.5982916282,6289.038564281339,20407456.125984084,401.8220406317216,312.8112073949888
0.8928571428571432,0.99,-0.005,268.828743934785,1.733602236718505,-0.8142716538911614,0.0,262673.4987284715,6289.038262778343,20407358.15641904,401.82146435821915,312.8109830856472
0.8928571428571432,0.99,0.005,268.828743934785,1.7335956672983674,-0.814266450225636,0.0,262673.4961529704,6289.038262835441,20407357.263202675,401.82146044225516,312.81098156139245
0.8928571428571432,0.99,0.015,268.828743934785,1.733602236718505,-0.8142716538911614,0.0,262673.4987284715,6289.038262778343,20407358.15641904,401.82146435821915,312.8109830856472
0.8928571428571432,1.01,-0.005,268.82854125911496,1.3076982283664397e-06,-6.142248646425621e-07,0.0,262673.4991052911,6289.042970939622,20407485.294184715,401.8242708100207,312.8120754705645
0.8928571428571432,1.01,0.005,268.8283385834449,-1.7336022367185049,0.8142716538911614,0.0,262673.49948211125,6289.038549667781,20407327.42746281,401.82146551109804,312.81098353439523
0.8928571428571432,1.01,0.015,268.82854125911496,1.3076982283664397e-06,-6.142248646425621e-07,0.0,262673.4991052911,6289.042970939622,20407485.294184715,401.8242708100207,312.8120754705645
0.9642857142857144,-0.01,-0.005,269.438056136656,10.525812477408842,0.0,0.0,262897.44563959393,6289.034462645522,20466877.909066763,402.0821101026991,312.9124207156626
0.9642857142857144,-0.01,0.005,269.438056136656,10.525812477408842,0.0375576612533243,0.0,262897.44563959393,6289.03446089143,20466877.854147606,402.0821090237846,312.9124202958407
0.9642857142857144,-0.01,0.015,269.438056136656,10.525812477408842,0.0,0.0,262897.44563959393,6289.034462645522,20466877.909066763,402.0821101026991,312.9124207156626
0.9642857142857144,0.01,-0.005,269.4380561366559,10.525812477408842,-0.0375576612533243,0.0,262897.44563959393,6289.03446089143,20466877.854147606,402.0821090237846,312.9124202958407
0.9642857142857144,0.01,0.005,269.4380561366559,10.525800233420945,-0.03755585441509469,0.0,262897.44992963993,6289.034460988274,20466879.3783967,402.08211578372857,312.91242292623684
0.9642857142857144,0.01,0.015,269.4380561366559,10.525812477408842,-0.0375576612533243,0.0,262897.44563959393,6289.03446089143,20466877.854147606,402.0821090237846,312.9124202958407
0.9642857142857144,0.030000000000000002,-0.005,269.4368528024529,10.518412534256052,-0.1125953821097174,0.0,262897.037566341,6289.03446930642,20466760.30232217,402.0815952674052,312.9122203854246
0.9642857142857144,0.030000000000000002,0.005,269.4368528024529,10.518400362624115,-0.11259006809797778,0.0,262897.0418333366,6289.034469403242,20466761.81844978,402.0816019915964,312.9122230019104
0.9642857142857144,0.030000000000000002,0.015,269.4368528024529,10.518412534256052,-0.1125953821097174,0.0,262897.037566341,6289.03446930642,20466760.30232217,402.0815952674052,312.9122203854246
0.9642857142857144,0.049999999999999996,-0.005,269.434449588157,10.503607236907074,-0.18739270157746346,0.0,262896.2227384436,6289.034486894485,20466525.5554291,402.0805696808383,312.9118213137209
0.9642857142857144,0.049999999999999996,0.005,269.434449588157,10.503595207255566,-0.18738386980794428,0.0,262896.2269755315,6289.034486991296,20466527.060943864,402.0805763583378,312.9118239120416
0.9642857142857144,0.049999999999999996,0.015,269.434449588157,10.503607236907074,-0.18739270157746346,0.0,262896.2227384436,6289.034486894485,20466525.5554291,402.0805696808383,312.9118213137209
0.9642857142857144,0.07,-0.005,269.4308561544814,10.481408113180704,-0.2617918241807156,0.0,262895.00419273315,6289.034513549334,20466174.559698623,402.0790363674105,312.91122467664
0.9642857142857144,0.07,0.005,269.4308561544814,10.481396293490958,-0.2617795126687625,0.0,262895.0083851091,6289.0345136461365,20466176.049353592,402.07904297513556,312.9112272478153
0.9642857142857144,0.07,0.015,269.4308561544814,10.481408113180704,-0.2617918241807156,0.0,262895.00419273315,6289.034513549334,20466174.559698623,402.0790363674105,312.91122467664
0.9642857142857144,0.09,-0.005,269.42608751454526,10.451829747727905,-0.3356357808092195,0.0,262893.38663948065,6289.0345492313045,20465708.78513917,402.0770017627698,312.9104329772754
0.9642857142857144,0.09,0.005,269.42608751454526,10.45181820522006,-0.3356200422838597,0.0,262893.3907724762,6289.034549328095,20465710.25373448,402.0770082778414,312.91043551240404
0.9642857142857144,0.09,0.015,269.42608751454526,10.451829747727905,-0.3356357808092195,0.0,262893.38663948065,6289.0345492313045,20465708.78513917,402.0770017627698,312.9104329772754
0.9642857142857144,0.11000000000000001,-0.005,269.4201633600435,10.414885998076143,-0.4087680316592302,0.0,262891.37621283997,6289.0345938980945,20465130.16014323,402.0744743142143,312.9094495011487
0.9642857142857144,0.11000000000000001,0.005,269.4201633600435,10.41487479764112,-0.4087489333047079,0.0,262891.3802719772,6289.03459399487,20465131.602549464,402.0744807140606,312.909451991449
0.9642857142857144,0.11000000000000001,0.015,269.4201633600435,10.414885998076143,-0.4087680316592302,0.0,262891.37621283997,6289.0345938980945,20465130.16014323,402.0744743142143,312.9094495011487
0.9642857142857144,0.13,-0.005,269.4131080726633,10.370590389039938,-0.48103273321539075,0.0,262888.9804751164,6289.0346474956405,20464441.07228776,402.07146448040845,312.9082783161295
0.9642857142857144,0.13,0.005,269.4131080726633,10.370579592700304,-0.4810103563164383,0.0,262888.98444616195,6289.034647592398,20464442.48346569,402.0714707428508,312.9082807529724
0.9642857142857144,0.13,0.015,269.4131080726633,10.370590389039938,-0.48103273321539075,0.0,262888.9804751164,6289.0346474956405,20464441.07228776,402.07146448040845,312.9082783161295
0.9642857142857144,0.15,-0.005,269.4049506297727,10.318958516487214,-0.5522750029701333,0.0,262886.20840235095,6289.034709924192,20463644.357995886,402.06798467031985,312.90692424871133
0.9642857142857144,0.15,0.005,269.4049506297727,10.318948182889802,-0.5522494424618991,0.0,262886.2122713676,6289.0347100209265,20463645.73301525,402.0679907736545,312.90692662365257
0.9642857142857144,0.15,0.015,269.4049506297727,10.318958516487214,-0.5522750029701333,0.0,262886.20840235095,6289.034709924192,20463644.357995886,402.06798467031985,312.90692424871133
0.9642857142857144,0.17,-0.005,269.39572446788316,10.260009495903029,-0.622341168666678,0.0,262883.0703670045,6289.034781052218,20462743.289554764,402.0640491934415,312.90539286468453
0.9642857142857144,0.17,0.005,269.39572446788316,10.259999679750809,-0.622312532605439,0.0,262883.07412040036,6289.034781148922,20462744.623612393,402.06405511651985,312.90539516949536
0.9642857142857144,0.17,0.015,269.39572446788316,10.260009495903029,-0.622341168666678,0.0,262883.0703670045,6289.034781052218,20462743.289554764,402.0640491934415,312.90539286468453
0.9642857142857144,0.19,-0.005,269.38546728341663,10.193763421810912,-0.691078780947741,0.0,262879.57805887033,6289.0348607232845,20461741.555767227,402.0596741787027,312.90369043763036
0.9642857142857144,0.19,0.005,269.38546728341663,10.193754173452058,-0.6910471899208743,0.0,262879.5816834513,6289.03486081995,20461742.844205856,402.0596799010127,312.9036926643295
0.9642857142857144,0.19,0.015,269.38546728341663,10.193763421810912,-0.691078780947741,0.0,262879.57805887033,6289.0348607232845,20461741.555767227,402.0596741787027,312.90369043763036
0.9642857142857144,0.21,-0.005,269.37422088634383,10.120242367251338,-0.758336828129975,0.0,262875.74444773025,6289.034948737704,20460643.246987212,402.05487750073183,312.90182392028
0.9642857142857144,0.21,0.005,269.37422088634383,10.120233732264156,-0.7583024145988684,0.0,262875.747930751,6289.034948834323,20460644.485313807,402.0548830024788,312.90182606116514
0.9642857142857144,0.21,0.015,269.37422088634383,10.120242367251338,-0.758336828129975,0.0,262875.74444773025,6289.034948737704,20460643.246987212,402.05487750073183,312.90182392028
0.9642857142857144,0.23,-0.005,269.36203098719886,10.039469797930181,-0.8239658005332461,0.0,262871.58372127014,6289.035044859947,20459452.834433977,402.04967869326447,312.89980091087455
0.9642857142857144,0.23,0.005,269.36203098719886,10.039461816744783,-0.8239287081232879,0.0,262871.5870504854,6289.035044956506,20459454.01833809,402.0496839554513,312.8998029585533
0.9642857142857144,0.23,0.015,269.36203098719886,10.039469797930181,-0.8239658005332461,0.0,262871.58372127014,6289.035044859947,20459452.834433977,402.04967869326447,312.89980091087455
0.9642857142857144,0.25,-0.005,269.3489469699894,9.951470928321172,-0.8878178440534532,0.0,262867.11122290016,6289.0351488113565,20458175.147662938,402.0440988474582,312.89762961365403
0.9642857142857144,0.25,0.005,269.3489469699894,9.951463635877344,-0.8877782267938528,0.0,262867.11438661674,6289.03514890784,20458176.273035187,402.04410385196655,312.8976315610758
0.9642857142857144,0.25,0.015,269.3489469699894,9.951470928321172,-0.8878178440534532,0.0,262867.11122290016,6289.0351488113565,20458175.147662938,402.0440988474582,312.89762961365403
0.9642857142857144,0.27,-0.005,269.33502166473465,9.856272989776777,-0.949746918013582,0.0,262862.343387249,6289.0352602597195,20456815.35190102,402.038160508135,312.89531879854127
0.9642857142857144,0.27,0.005,269.33502166473465,9.856266415228488,-0.949704939533078,0.0,262862.3463743775,6289.035260356113,20456816.414851233,402.0381652378056,312.8953206390279
0.9642857142857144,0.27,0.015,269.33502166473465,9.856272989776777,-0.949746918013582,0.0,262862.343387249,6289.0352602597195,20456815.35190102,402.038160508135,312.89531879854127
0.9642857142857144,0.29,-0.005,269.3203111037684,9.753904732489168,-1.0096088568033805,0.0,262857.29766705824,6289.035378817967,20455378.924077623,402.0318875686288,312.8928777602821
0.9642857142857144,0.29,0.005,269.3203111037684,9.753898898971952,-1.009564689490556,0.0,262857.30046716396,6289.035378914251,20455379.920952752,402.0318920073396,312.89287948755924
0.9642857142857144,0.29,0.015,269.3203111037684,9.753904732489168,-1.0096088568033805,0.0,262857.29766705824,6289.035378817967,20455378.924077623,402.0318875686288,312.8928777602821
0.9642857142857144,0.31,-0.005,269.30487425951145,9.64439757137787,-1.067261626237054,0.0,262851.9924665555,6289.035504031289,20453871.62668083,402.02530515051825,312.8903162717045
0.9642857142857144,0.31,0.005,269.30487425951145,9.64439249573332,-1.067215450357392,0.0,262851.9950699076,6289.03550412744,20453872.554082364,402.02530928326155,312.8903178799308
0.9642857142857144,0.31,0.015,269.30487425951145,9.64439757137787,-1.067261626237054,0.0,262851.9924665555,6289.035504031289,20453871.62668083,402.02530515051825,312.8903162717045
0.9642857142857144,0.33,-0.005,269.2887727829507,9.52778442300426,-1.1225652902128327,0.0,262846.4470579052,6289.0356353790485,20452299.482147798,402.018439492732,312.8876445406215
0.9642857142857144,0.33,0.005,269.2887727829507,9.52778011564798,-1.1225172930127214,0.0,262846.4494555262,6289.035635475046,20452300.336948626,402.0184433056892,312.8876460244182
0.9642857142857144,0.33,0.015,269.2887727829507,9.52778442300426,-1.1225652902128327,0.0,262846.4470579052,6289.0356353790485,20452299.482147798,402.018439492732,312.8876445406215
0.9642857142857144,0.35,-0.005,269.2720707315144,9.404099585471839,-1.175382071948199,0.0,262840.6815036452,6289.03577227264,20450668.74609379,402.01131783355567,312.8848731639701
0.9642857142857144,0.35,0.005,269.2720707315144,9.404096050299783,-1.175332446741108,0.0,262840.6836873571,6289.035772368454,20450669.525454227,402.0113213141674,312.8848745184478
0.9642857142857144,0.35,0.015,269.2720707315144,9.404099585471839,-1.175382071948199,0.0,262840.6815036452,6289.03577227264,20450668.74609379,402.01131783355567,312.8848731639701
0.9642857142857144,0.37,-0.005,269.25483429186943,9.273378760471308,-1.2255764226250143,0.0,262834.7165775608,6289.035914049591,20448985.879930984,402.0039682880915,312.88201308017574
0.9642857142857144,0.37,0.005,269.25483429186943,9.273375994801691,-1.2255253678661555,0.0,262834.71854003094,6289.035914145191,20448986.58131411,402.0039714251266,312.88201430096206
0.9642857142857144,0.37,0.015,269.25483429186943,9.273378760471308,-1.2255764226250143,0.0,262834.7165775608,6289.035914049591,20448985.879930984,402.0039682880915,312.88201308017574
0.9642857142857144,0.39,-0.005,269.23713149951715,9.135658805297599,-1.2730150345782023,0.0,262828.5736838073,6289.0360599720225,20447257.52331572,401.99641972696116,312.8790755219974
0.9642857142857144,0.39,0.005,269.23713149951715,9.135656799862518,-1.2729627529371252,0.0,262828.5754185901,6289.036060067375,20447258.144501675,401.996422510579,312.8790766052605
0.9642857142857144,0.39,0.015,269.23713149951715,9.135658805297599,-1.2730150345782023,0.0,262828.5736838073,6289.0360599720225,20447257.52331572,401.99641972696116,312.8790755219974
0.9642857142857144,0.41,-0.005,269.21903195504325,8.990977928744206,-1.3175669134441683,0.0,262822.2747778311,6289.036209221482,20445490.466160774,401.98870165126493,312.8760719679096
0.9642857142857144,0.41,0.005,269.21903195504325,8.99097666772033,-1.3175136108811762,0.0,262822.2762794086,6289.036209316548,20445491.00526019,401.9887040730758,312.87607291038216
0.9642857142857144,0.41,0.015,269.21903195504325,8.990977928744206,-1.3175669134441683,0.0,262822.2747778311,6289.036209221482,20445490.466160774,401.98870165126493,312.8760719679096
0.9642857142857144,0.42999999999999994,-0.005,269.2006065436721,8.839375303036046,-1.359103341247968,0.0,262815.8422847951,6289.036360899036,20443691.62114275,401.98084407212986,312.8730140952645
0.9642857142857144,0.42999999999999994,0.005,269.2006065436721,8.839374764123882,-1.359049226103272,0.0,262815.84354861407,6289.036360993774,20443692.076609053,401.98084612524946,312.87301489426494
0.9642857142857144,0.42999999999999994,0.015,269.2006065436721,8.839375303036046,-1.359103341247968,0.0,262815.8422847951,6289.036360899036,20443691.62114275,401.98084407212986,312.8730140952645
0.9642857142857144,0.45,-0.005,269.18192716036816,8.680891156828482,-1.3974979020405158,0.0,262809.2990229437,6289.0365140225385,20441867.996671326,401.97287739082907,312.8699137336708
0.9642857142857144,0.45,0.005,269.18192716036816,8.680891311373884,-1.397443184141931,0.0,262809.3000454505,6289.036514116904,20441868.367312,401.9728790699293,312.8699143871228
0.9642857142857144,0.45,0.015,269.18192716036816,8.680891156828482,-1.3974979020405158,0.0,262809.2990229437,6289.0365140225385,20441867.996671326,401.97287739082907,312.8699137336708
0.9642857142857144,0.4699999999999999,-0.005,269.16306643526315,8.515566823448948,-1.4326264900078984,0.0,262802.66812723654,6289.036667525761,20440026.669956744,401.96483228010317,312.8667828188322
0.9642857142857144,0.4699999999999999,0.005,269.16306643526315,8.51556763660108,-1.4325713798019752,0.0,262802.66890590783,6289.036667619703,20440026.95494335,401.9648335814563,312.86678332528214
0.9642857142857144,0.4699999999999999,0.015,269.16306643526315,8.515566823448948,-1.4326264900078984,0.0,262802.66812723654,6289.036667525761,20440026.669956744,401.96483228010317,312.8667828188322
0.9642857142857144,0.49,-0.005,269.1440974685309,8.343444226633794,-1.4643671899544572,0.0,262795.9729721007,6289.036820261215,20438174.761125892,401.9567395717403,312.8636333488159
0.9642857142857144,0.49,0.005,269.1440974685309,8.343445657542974,-1.4643118976667002,0.0,262795.9735054717,6289.036820354679,20438174.960002854,401.95674049325885,312.8636337074485
0.9642857142857144,0.49,0.015,269.1440974685309,8.343444226633794,-1.4643671899544572,0.0,262795.9729721007,6289.036820261215,20438174.761125892,401.9567395717403,312.8636333488159
0.9642857142857144,0.51,-0.005,269.1250935707257,8.164565491745588,-1.4926001524372716,0.0,262789.2370976737,6289.036971004276,20436319.40792197,401.94863014721545,312.8604773415044
0.9642857142857144,0.51,0.005,269.1250935707257,8.164567493797101,-1.492544887264578,0.0,262789.23738536163,6289.036971097203,20436319.520613857,401.9486306884852,312.8604775521556
0.9642857142857144,0.51,0.015,269.1250935707257,8.164565491745588,-1.4926001524372716,0.0,262789.2370976737,6289.036971004276,20436319.40792197,401.94863014721545,312.8604773415044
0.9642857142857144,0.53,-0.005,269.10612801603895,7.978972803630619,-1.5172074962834556,0.0,262782.4841395797,6289.037118451161,20434467.741485402,401.9405348300396,312.85732679270495
0.9642857142857144,0.53,0.005,269.10612801603895,7.9789753247114,-1.5171524656210542,0.0,262782.4841823031,6289.037118543487,20434467.76830251,401.94053499234457,312.85732685587135
0.9642857142857144,0.53,0.015,269.10612801603895,7.978972803630619,-1.5172074962834556,0.0,262782.4841395797,6289.037118451161,20434467.741485402,401.9405348300396,312.85732679270495
0.9642857142857144,0.55,-0.005,269.0872737959171,7.786708874470419,-1.538073341701771,0.0,262775.7377646869,6289.037261218931,20432626.86224138,401.9324842794057,312.8541936347572
0.9642857142857144,0.55,0.005,269.0872737959171,7.786711857261183,-1.5380187504053668,0.0,262775.73756427935,6289.0372613105865,20432626.803883523,401.93248406574617,312.8541935516036
0.9642857142857144,0.55,0.015,269.0872737959171,7.786708874470419,-1.538073341701771,0.0,262775.7377646869,6289.037261218931,20432626.86224138,401.9324842794057,312.8541936347572
0.9642857142857144,0.57,-0.005,269.0686034032119,7.587816079538881,-1.5550835089531931,0.0,262769.02160704177,6289.037397852341,20430803.818999205,401.92450890114986,312.8510897018726
0.9642857142857144,0.57,0.005,269.0686034032119,7.58781946186295,-1.5550295586475402,0.0,262769.02116645937,6289.037397943252,20430803.676557116,401.924508316249,312.8510894742342
0.9642857142857144,0.57,0.015,269.0686034032119,7.587816079538881,-1.5550835089531931,0.0,262769.02160704177,6289.037397852341,20430803.818999205,401.92450890114986,312.8510897018726
0.9642857142857144,0.59,-0.005,269.05018855199836,7.382338092305369,-1.5681258561390308,0.0,262762.3592089336,6289.037526837853,20429005.581984665,401.91663873522964,312.84802668632733
0.9642857142857144,0.59,0.005,269.05018855199836,7.382341807384214,-1.5680727445284774,0.0,262762.35853225784,6289.037526927938,20429005.356940214,401.9166377855354,312.84802631671096
0.9642857142857144,0.59,0.015,269.05018855199836,7.382338092305369,-1.5681258561390308,0.0,262762.3592089336,6289.037526837853,20429005.581984665,401.91663873522964,312.84802668632733
0.9642857142857144,0.61,-0.005,269.03209999518396,7.170318424492299,-1.5770898596560008,0.0,262755.7739613704,6289.0376466107455,20427239.025238074,401.90890338110825,312.8450161094025
0.9642857142857144,0.61,0.005,269.03209999518396,7.170322401324344,-1.5770377798917254,0.0,262755.7730538041,6289.0376466999205,20427238.719461624,401.9089020747825,312.8450156009819
0.9642857142857144,0.61,0.015,269.03209999518396,7.170318424492299,-1.5770898596560008,0.0,262755.7739613704,6289.0376466107455,20427239.025238074,401.90890338110825,312.8450161094025
0.9642857142857144,0.63,-0.005,269.0144073360804,6.951799324719386,-1.5818661625057897,0.0,262749.28904608614,6289.037755559885,20425510.90835356,401.90133191899764,312.8420692907056
0.9642857142857144,0.63,0.005,269.0144073360804,6.951803488490997,-1.5818153026015869,0.0,262749.28791394306,6289.037755648061,20425510.524099257,401.90133026589604,312.8420686473142
0.9642857142857144,0.63,0.015,269.0144073360804,6.951799324719386,-1.5818661625057897,0.0,262749.28904608614,6289.037755559885,20425510.90835356,401.90133191899764,312.8420692907056
0.9642857142857144,0.65,-0.005,268.99717886039764,6.726821523315648,-1.58234625745557,0.0,262742.9273905088,6289.037852031987,20423827.86020789,401.8939528395377,312.83919732077084
0.9642857142857144,0.65,0.005,268.99717886039764,6.726825795815067,-1.5822967997527975,0.0,262742.9260411967,6289.037852119066,20423827.400106624,401.8939508511795,312.8391965468896
0.9642857142857144,0.65,0.015,268.99717886039764,6.726821523315648,-1.58234625745557,0.0,262742.9273905088,6289.037852031987,20423827.86020789,401.8939528395377,312.83919732077084
0.9642857142857144,0.67,-0.005,268.9804812885483,6.495425402657141,-1.578422608806284,0.0,262736.711615065,6289.037934346767,20422196.35523503,401.88679394569004,312.83641102283997
0.9642857142857144,0.67,0.005,268.9804812885483,6.495429702669149,-1.5783747294766348,0.0,262736.71005706553,6289.037934432647,20422195.822286528,401.8867916352241,312.83641012358436
0.9642857142857144,0.67,0.015,268.9804812885483,6.495425402657141,-1.578422608806284,0.0,262736.711615065,6289.037934346767,20422196.35523503,401.88679394569004,312.83641102283997
0.9642857142857144,0.69,-0.005,268.9643796178611,6.257650845329706,-1.5699884691480384,0.0,262730.6639962,6289.03800081355,20420622.698552094,401.8798822942829,312.83372093007057
0.9642857142857144,0.69,0.005,268.9643796178611,6.257655089043055,-1.5699423377357307,0.0,262730.6622390424,6289.0380008981265,20420622.096114732,401.8798796764425,312.8337199111732
0.9642857142857144,0.69,0.015,268.9643796178611,6.257650845329706,-1.5699884691480384,0.0,262730.6639962,6289.03800081355,20420622.698552094,401.8798822942829,312.83372093007057
0.9642857142857144,0.71,-0.005,268.94893696861834,6.0135363321919,-1.5569374225529176,0.0,262724.80641931214,6289.038049731644,20419113.010955837,401.8732441291616,312.83113725947396
0.9642857142857144,0.71,0.005,268.94893696861834,6.0135404336183,-1.5568932015597043,0.0,262724.8044735413,6289.038049814803,20419112.342734706,401.8732412202133,312.83113612726424
0.9642857142857144,0.71,0.015,268.94893696861834,6.0135363321919,-1.5569374225529176,0.0,262724.80641931214,6289.038049731644,20419113.010955837,401.8732441291616,312.83113725947396
0.9642857142857144,0.73,-0.005,268.9342144310334,5.763118284874218,-1.539162953834134,0.0,262719.16034235875,6289.038079409251,20417673.214595087,401.8669048261136,312.8286698904321
0.9642857142857144,0.73,0.005,268.9342144310334,5.763122156278538,-1.5391207983451,0.0,262719.15821949806,6289.038079490878,20417672.48462809,401.866901643796,312.8286686518128
0.9642857142857144,0.73,0.015,268.9342144310334,5.763118284874218,-1.539162953834134,0.0,262719.16034235875,6289.038079409251,20417673.214595087,401.8669048261136,312.8286698904321
0.9642857142857144,0.75,-0.005,268.92027090733137,5.5064318754616,-1.5165584695626293,0.0,262713.74677267054,6289.038088193711,20416309.018520057,401.860888842589,312.82632834507854
0.9642857142857144,0.75,0.005,268.92027090733137,5.506435427783833,-1.5165185269038377,0.0,262713.744485178,6289.0380882736845,20416308.23116199,401.8608854060428,312.8263270074986
0.9642857142857144,0.75,0.015,268.92027090733137,5.5064318754616,-1.5165584695626293,0.0,262713.74677267054,6289.038088193711,20416309.018520057,401.860888842589,312.82632834507854
0.9642857142857144,0.77,-0.005,268.9071629795168,5.243510746186233,-1.489016986917599,0.0,262708.5862316721,6289.038074471475,20415025.905802656,401.8552196598785,312.82412176574223
0.9642857142857144,0.77,0.005,268.9071629795168,5.243513889463231,-1.4889793963452422,0.0,262708.5837928908,6289.0380745496705,20415025.065707278,401.855215989568,312.82412033716594
0.9642857142857144,0.77,0.015,268.9071629795168,5.243510746186233,-1.489016986917599,0.0,262708.5862316721,6289.038074471475,20415025.905802656,401.8552196598785,312.82412176574223
0.9642857142857144,0.79,-0.005,268.89494477288946,4.974386656601935,-1.4564307824926317,0.0,262703.69872853026,6289.038036692454,20413829.1210038,401.8499197384236,312.82205889750014
0.9642857142857144,0.79,0.005,268.89494477288946,4.974389300389831,-1.4563956749122169,0.0,262703.69615263277,6289.038036768742,20413828.2331039,401.8499158560491,312.82205738637333
0.9642857142857144,0.79,0.015,268.89494477288946,4.974386656601935,-1.4564307824926317,0.0,262703.69872853026,6289.038036692454,20413829.1210038,401.8499197384236,312.82205889750014
0.9642857142857144,0.8100000000000002,-0.005,268.88366782908133,4.6990895190174085,-1.4186911608020816,0.0,262699.10373857594,6289.037973392239,20412723.658506416,401.84501047590976,312.8201480718135
0.9642857142857144,0.8100000000000002,0.005,268.88366782908133,4.699091572813805,-1.4186586585162642,0.0,262699.1010405032,6289.037973466491,20412722.72799202,401.8450064043116,312.82014648702597
0.9642857142857144,0.8100000000000002,0.015,268.88366782908133,4.6990895190174085,-1.4186911608020816,0.0,262699.10373857594,6289.037973392239,20412723.658506416,401.84501047590976,312.8201480718135
0.9642857142857144,0.83,-0.005,268.87338099818766,4.417645484370051,-1.3756875085531635,0.0,262694.8201708917,6289.03788319694,20411714.25217428,401.84051216291704,312.81839718921225
0.9642857142857144,0.83,0.005,268.87338099818766,4.417646858043434,-1.375657725041298,0.0,262694.8173662861,6289.037883269023,20411713.284469005,401.8405079259714,312.8183955400573
0.9642857142857144,0.83,0.015,268.87338099818766,4.417645484370051,-1.3756875085531635,0.0,262694.8201708917,6289.03788319694,20411714.25217428,401.84051216291704,312.81839718921225
0.9642857142857144,0.85,-0.005,268.86413020303036,4.1300790989679665,-1.3273079095227176,0.0,262690.86633568135,6289.037764860491,20410805.35351071,401.8364439033052,312.816813688254
0.9642857142857144,0.85,0.005,268.86413020303036,4.130079703141131,-1.3272809492181215,0.0,262690.8634408182,6289.037764930273,20410804.35424765,401.8364395258177,312.816811984387
0.9642857142857144,0.85,0.015,268.86413020303036,4.1300790989679665,-1.3273079095227176,0.0,262690.86633568135,6289.037764860491,20410805.35351071,401.8364439033052,312.816813688254
0.9642857142857144,0.8699999999999999,-0.005,268.8559584252511,3.836411852471312,-1.2734384709826518,0.0,262687.2599573466,6289.037617306735,20410001.131674588,401.83282363336286,312.81540455292543
0.9642857142857144,0.8699999999999999,0.005,268.8559584252511,3.8364115989290033,-1.273414429070373,0.0,262687.25698905735,6289.037617374083,20410000.106669333,401.8328191409503,312.8154028043178
0.9642857142857144,0.8699999999999999,0.015,268.8559584252511,3.836411852471312,-1.2734384709826518,0.0,262687.2599573466,6289.037617306735,20410001.131674588,401.83282363336286,312.81540455292543
0.9642857142857144,0.8900000000000001,-0.005,268.84890565647106,3.536660613986455,-1.213962327718531,0.0,262684.0181693431,6289.037439644578,20409305.469233457,401.82966810933715,312.8141763077393
0.9642857142857144,0.8900000000000001,0.005,268.84890565647106,3.5366594160201195,-1.2139412899425361,0.0,262684.01514493284,6289.03743970936,20409304.424455523,401.8296635283007,312.81417452462904
0.9642857142857144,0.8900000000000001,0.015,268.84890565647106,3.536660613986455,-1.213962327718531,0.0,262684.0181693431,6289.037439644578,20409305.469233457,401.82966810933715,312.8141763077393
0.9642857142857144,0.91,-0.005,268.8430086520472,3.230836494477828,-1.1487588413674479,0.0,262681.15744280897,6289.0372311434485,20408721.93735721,401.8269927853305,312.81313497015907
0.9642857142857144,0.91,0.005,268.8430086520472,3.2308342673338712,-1.1487408839029773,0.0,262681.1543799751,6289.037231205539,20408720.878901575,401.8269881425304,312.8131331630022
0.9642857142857144,0.91,0.015,268.8430086520472,3.230836494477828,-1.1487588413674479,0.0,262681.15744280897,6289.0372311434485,20408721.93735721,401.8269927853305,312.81313497015907
0.9642857142857144,0.93,-0.005,268.8383008463692,2.9189478870269,-1.0777046007257678,0.0,262678.6936214252,6289.036991316218,20408253.790172268,401.82481182705743,312.8122860559091
0.9642857142857144,0.93,0.005,268.8383008463692,2.9189445483176675,-1.077689790044248,0.0,262678.69053817104,6289.036991375494,20408252.724229295,401.8248071497806,312.81228423532764
0.9642857142857144,0.93,0.015,268.8383008463692,2.9189478870269,-1.0777046007257678,0.0,262678.6936214252,6289.036991316218,20408253.790172268,401.82481182705743,312.8122860559091
0.9642857142857144,0.9500000000000001,-0.005,268.83481218752695,2.601004498270992,-1.0006749448922319,0.0,262676.6419207229,6289.036719975575,20407903.95039365,401.82313807451936,312.81163456440396
0.9642857142857144,0.9500000000000001,0.005,268.83481218752695,2.6009999684489076,-1.0006633376653062,0.0,262676.63883526705,6289.03672003192,20407902.883217815,401.82313339034096,312.8116327411323
0.9642857142857144,0.9500000000000001,0.015,268.83481218752695,2.601004498270992,-1.0006749448922319,0.0,262676.6419207229,6289.036719975575,20407903.95039365,401.82313807451936,312.81163456440396
0.9642857142857144,0.97,-0.005,268.83256947858615,2.2770007991462506,-0.9175365198697251,0.0,262675.0169556186,6289.036417161456,20407675.040497568,401.8219831442968,312.8111850185266
0.9642857142857144,0.97,0.005,268.83256947858615,2.2769950017731455,-0.9175281628036409,0.0,262675.01388630416,6289.036417214759,20407673.978376336,401.8219784809426,312.8111832033579
0.9642857142857144,0.97,0.015,268.83256947858615,2.2770007991462506,-0.9175365198697251,0.0,262675.0169556186,6289.036417161456,20407675.040497568,401.8219831442968,312.8111850185266
0.9642857142857144,0.99,-0.005,268.8316364566343,1.938634510174472,-0.8244986699321137,0.0,262673.8606270899,6289.03617181802,20407576.074720386,401.8214292585003,312.81096942338826
0.9642857142857144,0.99,0.005,268.8316364566343,1.9386274100945808,-0.8244935928766258,0.0,262673.8575869846,6289.0361718678205,20407575.02209173,401.82142463536474,312.81096762387307
0.9642857142857144,0.99,0.015,268.8316364566343,1.938634510174472,-0.8244986699321137,0.0,262673.8606270899,6289.03617181802,20407576.074720386,401.8214292585003,312.81096942338826
0.9642857142857144,1.01,-0.005,268.8314427176261,1.3979214729560607e-06,-5.945341367840677e-07,0.0,262673.860762976,6289.041830840571,20407733.772825513,401.8248240551559,312.81229081556967
0.9642857142857144,1.01,0.005,268.83124897861785,-1.9386345101744717,0.8244986699321137,0.0,262673.86089886236,6289.036444949363,20407546.664636817,401.8214296742437,312.8109695852127
0.9642857142857144,1.01,0.015,268.8314427176261,1.3979214729560607e-06,-5.945341367840677e-07,0.0,262673.860762976,6289.041830840571,20407733.772825513,401.8248240551559,312.81229081556967
1.035714285714286,-0.01,-0.005,269.4410024367212,10.759301117766276,3.296374595563445e-18,0.0,262900.2324307461,6289.033148561098,20467125.11633407,402.08257189544344,312.9126004061293
1.035714285714286,-0.01,0.005,269.4410024367212,10.759301117766274,0.0359189554191308,0.0,262900.232430746,6289.033146956737,20467125.066102255,402.08257090862486,312.9126000221435
1.035714285714286,-0.01,0.015,269.4410024367212,10.759301117766276,3.296374595563445e-18,0.0,262900.2324307461,6289.033148561098,20467125.11633407,402.08257189544344,312.9126004061293
1.035714285714286,0.01,-0.005,269.4410024367212,10.759301117766274,-0.0359189554191308,0.0,262900.232430746,6289.033146956737,20467125.06610225,402.08257090862486,312.9126000221435
1.035714285714286,0.01,0.005,269.4410024367212,10.759288384992027,-0.035917146651240295,0.0,262900.2370973185,6289.033147048413,20467126.72451731,402.08257825697314,312.91260288149493
1.035714285714286,0.01,0.015,269.4410024367212,10.759301117766274,-0.0359189554191308,0.0,262900.232430746,6289.033146956737,20467125.06610225,402.08257090862486,312.9126000221435
1.035714285714286,0.029999999999999995,-0.005,269.4397964247691,10.751869597321527,-0.10768283835284077,0.0,262899.8205097583,6289.033154002021,20467007.210034315,402.08205516425096,312.91239933828354
1.035714285714286,0.029999999999999995,0.005,269.4397964247691,10.751856930384452,-0.10767752832522583,0.0,262899.8251504806,6289.033154093675,20467008.859363817,402.0820624726028,312.91240218207355
1.035714285714286,0.029999999999999995,0.015,269.4397964247691,10.751869597321527,-0.10768283835284077,0.0,262899.8205097583,6289.033154002021,20467007.210034315,402.08205516425096,312.91239933828354
1.035714285714286,0.05,-0.005,269.4373879552717,10.737009868689354,-0.17921628949055537,0.0,262898.9981042923,6289.033168834389,20466771.863407526,402.081025632423,312.91199873164544
1.035714285714286,0.05,0.005,269.4373879552717,10.736997332614903,-0.17920746408061852,0.0,262899.0027111489,6289.033168926029,20466773.500759434,402.08103288807615,312.9120015549333
1.035714285714286,0.05,0.015,269.4373879552717,10.737009868689354,-0.17921628949055537,0.0,262898.9981042923,6289.033168834389,20466771.863407526,402.081025632423,312.91199873164544
1.035714285714286,0.07,-0.005,269.4337865522278,10.714736913369295,-0.2503682634130906,0.0,262897.7682645973,6289.033191350725,20466419.959458347,402.07948636064333,312.91139977641075
1.035714285714286,0.07,0.005,269.4337865522278,10.714724569157315,-0.25035596037065977,0.0,262897.7728207785,6289.033191442351,20466421.578899927,402.07949353749655,312.9114025690417
1.035714285714286,0.07,0.015,269.4337865522278,10.714736913369295,-0.2503682634130906,0.0,262897.7682645973,6289.033191350725,20466419.959458347,402.07948636064333,312.91139977641075
1.035714285714286,0.09,-0.005,269.4290072356737,10.685064032925707,-0.32098877580189344,0.0,262896.13570990565,6289.03322151777,20465952.96904718,402.0774437912076,312.91060497824935
1.035714285714286,0.09,0.005,269.4290072356737,10.68505194209705,-0.3209730477043526,0.0,262896.14019886043,6289.033221609379,20465954.564730693,402.0774508635302,312.9106077302127
1.035714285714286,0.09,0.015,269.4290072356737,10.685064032925707,-0.32098877580189344,0.0,262896.13570990565,6289.03322151777,20465952.96904718,402.0774437912076,312.91060497824935
1.035714285714286,0.11,-0.005,269.4230698988963,10.64800493232074,-0.39092846215114824,0.0,262894.106651575,6289.033259290624,20465372.84023185,402.07490645658237,312.90961765581005
1.035714285714286,0.11,0.005,269.4230698988963,10.647993154173612,-0.3909093759167689,0.0,262894.1110569644,6289.033259382212,20465374.406387445,402.0749133989832,312.9096203572271
1.035714285714286,0.11,0.015,269.4230698988963,10.64800493232074,-0.39092846215114824,0.0,262894.106651575,6289.033259290624,20465372.84023185,402.07490645658237,312.90961765581005
1.035714285714286,0.13,-0.005,269.4159991216684,10.603573159598936,-0.4600386679715908,0.0,262891.68873317086,6289.033304608839,20464681.979787096,402.071884896695,312.90844190856717
1.035714285714286,0.13,0.005,269.4159991216684,10.603561750855079,-0.46001630453814124,0.0,262891.69303894916,6289.033304700401,20464683.51075144,402.0718916842474,312.9084445497397
1.035714285714286,0.13,0.015,269.4159991216684,10.603573159598936,-0.4600386679715908,0.0,262891.68873317086,6289.033304608839,20464681.979787096,402.071884896695,312.90844190856717
1.035714285714286,0.15,-0.005,269.40782410602037,10.551784374810188,-0.5281717448166251,0.0,262888.8910249268,6289.03335736593,20463883.245923955,402.06839161298444,312.90708259897815
1.035714285714286,0.15,0.005,269.40782410602037,10.55177338913351,-0.5281461987132469,0.0,262888.8952154048,6289.033357457461,20463884.736162934,402.068398221326,312.9070851704273
1.035714285714286,0.15,0.015,269.40782410602037,10.551784374810188,-0.5281717448166251,0.0,262888.8910249268,6289.03335736593,20463883.245923955,402.06839161298444,312.90708259897815
1.035714285714286,0.17,-0.005,269.3985785578726,10.492657529739514,-0.5951812641244582,0.0,262885.72401024547,6289.033417426642,20462979.937192157,402.06444102853135,312.90554533701214
1.035714285714286,0.17,0.005,269.3985785578726,10.49264701726508,-0.5951526429594112,0.0,262885.7280701475,6289.033417518131,20462981.381321535,402.0644474339538,312.9055478295133
1.035714285714286,0.17,0.015,269.3985785578726,10.492657529739514,-0.5951812641244582,0.0,262885.72401024547,6289.033417426642,20462979.937192157,402.06444102853135,312.90554533701214
1.035714285714286,0.19,-0.005,269.3883004627512,10.426212791176509,-0.6609220691214726,0.0,262882.1995031219,6289.03348463232,20461975.77063146,402.06004939525343,312.9038364440861
1.035714285714286,0.19,0.005,269.3883004627512,10.426202798092268,-0.6608904930018504,0.0,262882.2034176462,6289.033484723759,20461977.1634386,402.06005557479784,312.9038388487059
1.035714285714286,0.19,0.015,269.3883004627512,10.426212791176509,-0.6609220691214726,0.0,262882.1995031219,6289.03348463232,20461975.77063146,402.06004939525343,312.9038364440861
1.035714285714286,0.21000000000000002,-0.005,269.3770319410806,10.352472166896991,-0.7252504802866073,0.0,262878.33060753153,6289.033558782988,20460874.866981503,402.05523472114135,312.90196292480283
1.035714285714286,0.21000000000000002,0.005,269.3770319410806,10.352462735083366,-0.7252160811723406,0.0,262878.33436240925,6289.033558874366,20460876.203446254,402.0552406526898,312.9019652329349
1.035714285714286,0.21000000000000002,0.015,269.3770319410806,10.352472166896991,-0.7252504802866073,0.0,262878.33060753153,6289.033558782988,20460874.866981503,402.05523472114135,312.90196292480283
1.035714285714286,0.23000000000000004,-0.005,269.36481903385396,10.271458970542994,-0.7880243783906196,0.0,262874.1316551231,6289.0336396445255,20459681.729857173,402.05001668296,312.8999324330369
1.035714285714286,0.23000000000000004,0.005,269.36481903385396,10.27145013723551,-0.7879872993935101,0.0,262874.1352366764,6289.033639735828,20459683.00517257,402.0500223453265,312.89993463643697
1.035714285714286,0.23000000000000004,0.015,269.36481903385396,10.271458970542994,-0.7880243783906196,0.0,262874.1316551231,6289.0336396445255,20459681.729857173,402.05001668296,312.8999324330369
1.035714285714286,0.25,-0.005,269.35171147332454,10.18319822589036,-0.8491033653454518,0.0,262869.6181428351,6289.033726941459,20458401.22300389,402.044416523655,312.89775323207004
1.035714285714286,0.25,0.005,269.35171147332454,10.183190023365098,-0.8490637599761632,0.0,262869.6215380349,6289.033727032671,20458402.432596534,402.0444218966746,312.897755322891
1.035714285714286,0.25,0.015,269.35171147332454,10.18319822589036,-0.8491033653454518,0.0,262869.6181428351,6289.033726941459,20458401.22300389,402.044416523655,312.89775323207004
1.035714285714286,0.27,-0.005,269.3377624493329,10.08771688182968,-0.9083489177768655,0.0,262864.8066667895,6289.033820348642,20457038.547090437,402.03845694721866,312.8954341537408
1.035714285714286,0.27,0.005,269.3377624493329,10.087709337133903,-0.9083069491468643,0.0,262864.8098633118,6289.033820439744,20457039.6866404,402.03846201183546,312.8954361245665
1.035714285714286,0.27,0.015,269.3377624493329,10.08771688182968,-0.9083489177768655,0.0,262864.8066667895,6289.033820348642,20457038.547090437,402.03845694721866,312.8954341537408
1.035714285714286,0.29,-0.005,269.32302835589155,9.985043308318549,-0.9656244607600759,0.0,262859.714846146,6289.033919490131,20455599.214793853,402.0321620094671,312.89298455600107
1.035714285714286,0.29,0.005,269.32302835589155,9.985036443056376,-0.9655803007459515,0.0,262859.7178324275,6289.033919581104,20455600.28025406,402.0321667478195,312.89298639988
1.035714285714286,0.29,0.015,269.32302835589155,9.985043308318549,-0.9656244607600759,0.0,262859.714846146,6289.033919490131,20455599.214793853,402.0321620094671,312.89298455600107
1.035714285714286,0.31,-0.005,269.30756854450976,9.875208343553789,-1.0207955811803966,0.0,262854.36126200494,6289.034023931595,20454089.02634343,402.0255570077351,312.8904142800523
1.035714285714286,0.31,0.005,269.30756854450976,9.875202173645064,-1.0207494095522402,0.0,262854.3640272946,6289.034024022412,20454090.013957933,402.0255614032359,312.8904159905282
1.035714285714286,0.31,0.015,269.30756854450976,9.875208343553789,-1.0207955811803966,0.0,262854.36126200494,6289.034023931595,20454089.02634343,402.0255570077351,312.8904142800523
1.035714285714286,0.33,-0.005,269.2914450363788,9.758244193421621,-1.0737299985119044,0.0,262848.76536471484,6289.034133177508,20452514.041188654,402.018668355746,312.8877336017095
1.035714285714286,0.33,0.005,269.2914450363788,9.758238728977544,-1.0736820020486617,0.0,262848.76789912645,6289.0341332681455,20452514.947510656,402.01867239316266,312.8877351728531
1.035714285714286,0.33,0.015,269.2914450363788,9.758244193421621,-1.0737299985119044,0.0,262848.76536471484,6289.034133177508,20452514.041188654,402.018668355746,312.8877336017095
1.035714285714286,0.35,-0.005,269.2747222474185,9.634184279763575,-1.1242976338144788,0.0,262842.94739562727,6289.034246670664,20450880.551002555,402.0115234654133,312.8849531854603
1.035714285714286,0.35,0.005,269.2747222474185,9.634179524997252,-1.1242480054003958,0.0,262842.94969018886,6289.034246761088,20450881.372911476,402.01152713094314,312.8849546118984
1.035714285714286,0.35,0.015,269.2747222474185,9.634184279763575,-1.1242976338144788,0.0,262842.94739562727,6289.034246670664,20450880.551002555,402.0115234654133,312.8849531854603
1.035714285714286,0.37,-0.005,269.2574667090417,9.50306322903154,-1.172370676775497,0.0,262836.9283078882,6289.034363788783,20449195.05217993,402.0041506249706,312.8820840370914
1.035714285714286,0.37,0.005,269.2574667090417,9.503059182201032,-1.1723196144856576,0.0,262836.9303545892,6289.03436387896,20449195.786897488,402.00415390631207,312.88208531403455
1.035714285714286,0.37,0.015,269.2574667090417,9.50306322903154,-1.172370676775497,0.0,262836.9283078882,6289.034363788783,20449195.05217993,402.0041506249706,312.8820840370914
1.035714285714286,0.39,-0.005,269.23974678289795,9.364916605323147,-1.2178236000697473,0.0,262830.7296841234,6289.034483843846,20447464.217836373,401.9965788761128,312.8791374559252
1.035714285714286,0.39,0.005,269.23974678289795,9.364913258718124,-1.2177713062540008,0.0,262830.7314759593,6289.034483933739,20447464.862941783,401.99658176253286,312.87913857919426
1.035714285714286,0.39,0.015,269.23974678289795,9.364916605323147,-1.2178236000697473,0.0,262830.7296841234,6289.034483843846,20447464.217836373,401.9965788761128,312.8791374559252
1.035714285714286,0.41,-0.005,269.22163237483693,9.219781096108727,-1.2605332258219215,0.0,262824.3736566508,6289.034606077326,20445694.869609386,401.9888378882179,312.8761249859159
1.035714285714286,0.41,0.005,269.22163237483693,9.21977843607124,-1.2604799061928698,0.0,262824.37518766493,6289.034606166893,20445695.423053354,401.9888403706148,312.876125951966
1.035714285714286,0.41,0.015,269.22163237483693,9.219781096108727,-1.2605332258219215,0.0,262824.3736566508,6289.034606077326,20445694.869609386,401.9888378882179,312.8761249859159
1.035714285714286,0.43,-0.005,269.2031946498262,9.067694111334733,-1.3003786923540723,0.0,262817.88282480434,6289.03472966169,20443893.949755616,401.9809578367522,312.8730583683665
1.035714285714286,0.43,0.005,269.2031946498262,9.067692118323354,-1.3003245550870735,0.0,262817.88409012626,6289.034729750884,20443894.409873147,401.98095990771196,312.87305917430956
1.035714285714286,0.43,0.015,269.2031946498262,9.067694111334733,-1.3003786923540723,0.0,262817.88282480434,6289.03472966169,20443893.949755616,401.9809578367522,312.8730583683665
1.035714285714286,0.44999999999999996,-0.005,269.18450575362135,8.908693838075457,-1.3372414724623123,0.0,262811.2801770118,6289.034853698031,20442068.49379631,401.9729692821383,312.8699494948203
1.035714285714286,0.44999999999999996,0.005,269.18450575362135,8.90869248676758,-1.3371867273126767,0.0,262811.2811728917,6289.034853786801,20442068.859318122,401.97297093598604,312.8699501384448
1.035714285714286,0.44999999999999996,0.015,269.18450575362135,8.908693838075457,-1.3372414724623123,0.0,262811.2801770118,6289.034853698031,20442068.49379631,401.9729692821383,312.8699494948203
1.035714285714286,0.47,-0.005,269.1656385362049,8.742819281917594,-1.371005378674725,0.0,262804.5890133819,6289.034977214386,20440225.603365015,401.9649030497129,312.8668103603698
1.035714285714286,0.47,0.005,269.1656385362049,8.742818541344903,-1.3709502361163937,0.0,262804.5897372215,6289.034977302679,20440225.873427432,401.9649042825575,312.86681084015817
1.035714285714286,0.47,0.015,269.1656385362049,8.742819281917594,-1.371005378674725,0.0,262804.5890133819,6289.034977214386,20440225.603365015,401.9649030497129,312.8668103603698
1.035714285714286,0.49,-0.005,269.1466662822265,8.570109735450323,-1.401556450103055,0.0,262797.8328679488,6289.035099171246,20438372.419973888,401.95679011703686,312.863653019819
1.035714285714286,0.49,0.005,269.1466662822265,8.570109569171375,-1.4015011204936958,0.0,262797.833318327,6289.035099259003,20438372.59412707,401.95679092680786,312.8636533349623
1.035714285714286,0.49,0.015,269.1466662822265,8.570109735450323,-1.401556450103055,0.0,262797.8328679488,6289.035099171246,20438372.419973888,401.95679011703686,312.863653019819
1.035714285714286,0.51,-0.005,269.12766244708683,8.39060438847066,-1.428782836498114,0.0,262791.0354338405,6289.035218466312,20436516.099317636,401.9486615030882,312.86048954457266
1.035714285714286,0.51,0.005,269.12766244708683,8.390604754776978,-1.4287275292734365,0.0,262791.0356105342,6289.0352185534675,20436516.177531954,401.9486618895648,312.8604896949814
1.035714285714286,0.51,0.015,269.12766244708683,8.39060438847066,-1.428782836498114,0.0,262791.0354338405,6289.035218466312,20436516.099317636,401.9486615030882,312.86048954457266
1.035714285714286,0.53,-0.005,269.1087004055778,8.204342160658815,-1.452574701001036,0.0,262784.2204919958,6289.035333933754,20434663.78664313,401.94054815939893,312.8573319802729
1.035714285714286,0.53,0.005,269.1087004055778,8.204343012812576,-1.4525196239008822,0.0,262784.2203959952,6289.03533402024,20434663.76931356,401.94054812423013,312.85733196658583
1.035714285714286,0.53,0.015,269.1087004055778,8.204342160658815,-1.452574701001036,0.0,262784.2204919958,6289.035333933754,20434663.78664313,401.94054815939893,312.8573319802729
1.035714285714286,0.55,-0.005,269.0898532020693,8.011362192573413,-1.472824248002466,0.0,262777.4118458255,6289.0354443432,20432822.59227018,401.9324808615901,312.85419230458615
1.035714285714286,0.55,0.005,269.0898532020693,8.011363479069601,-1.472769606329953,0.0,262777.41147934325,6289.035444428942,20432822.480218563,401.9324804083063,312.85419212817374
1.035714285714286,0.55,0.015,269.0898532020693,8.011362192573413,-1.472824248002466,0.0,262777.4118458255,6289.0354443432,20432822.59227018,401.9324808615901,312.85419230458615
1.035714285714286,0.57,-0.005,269.0711933208128,7.811702897877558,-1.4894254342901538,0.0,262770.63325448585,6289.035548411736,20430999.56949665,401.9244901175082,312.85108239144154
1.035714285714286,0.57,0.005,269.0711933208128,7.8117045627658666,-1.4893714302145125,0.0,262770.63262096036,6289.035548496656,20430999.36397178,401.92448925152155,312.851082054407
1.035714285714286,0.57,0.015,269.0711933208128,7.811702897877558,-1.4894254342901538,0.0,262770.63325448585,6289.035548411736,20430999.56949665,401.9244901175082,312.85108239144154
1.035714285714286,0.59,-0.005,269.0527924424304,7.605403834315989,-1.502274292453462,0.0,262763.9083807038,6289.035644803479,20429201.690770596,401.9166060616605,312.8480139699319
1.035714285714286,0.59,0.005,269.0527924424304,7.605405817387302,-1.5022211243136672,0.0,262763.90748479567,6289.035644887492,20429201.393446334,401.9166047902586,312.8480134751084
1.035714285714286,0.59,0.015,269.0527924424304,7.605403834315989,-1.502274292453462,0.0,262763.9083807038,6289.035644803479,20429201.690770596,401.9166060616605,312.8480139699319
1.035714285714286,0.61,-0.005,269.03472122567285,7.392504074428958,-1.5112684756321864,0.0,262757.26072290627,6289.035732145462,20427435.8268528,401.9088583704978,312.84499859132137
1.035714285714286,0.61,0.005,269.03472122567285,7.392506311556744,-1.511216337310191,0.0,262757.25957048987,6289.035732228479,20427435.439824156,401.90885670282654,312.8449979422655
1.035714285714286,0.61,0.015,269.03472122567285,7.392504074428958,-1.5112684756321864,0.0,262757.26072290627,6289.035732145462,20427435.8268528,401.9088583704978,312.84499859132137
1.035714285714286,0.63,-0.005,269.01704911199886,7.173041010173634,-1.5163068263585295,0.0,262750.7135560453,6289.035809036392,20425708.727997236,401.9012761830869,312.84204759814463
1.035714285714286,0.63,0.005,269.01704911199886,7.1730434337002515,-1.5162559067038472,0.0,262750.712154195,6289.03580911832,20425708.253774483,401.90127413012556,312.84204679912676
1.035714285714286,0.63,0.015,269.01704911199886,7.173041010173634,-1.5163068263585295,0.0,262750.7135560453,6289.035809036392,20425708.727997236,401.9012761830869,312.84204759814463
1.035714285714286,0.65,-0.005,268.9998441601719,6.947049891885591,-1.517289040002108,0.0,262744.28988498496,6289.035874048443,20424027.007858355,401.89388803038975,312.83917209665077
1.035714285714286,0.65,0.005,268.9998441601719,6.947052431042434,-1.5172395223140678,0.0,262744.28824195487,6289.035874129182,20424026.449358784,401.89388560491557,312.8391711526412
1.035714285714286,0.65,0.015,268.9998441601719,6.947049891885591,-1.517289040002108,0.0,262744.28988498496,6289.035874048443,20424027.007858355,401.89388803038975,312.83917209665077
1.035714285714286,0.67,-0.005,268.9831728155771,6.714565467875255,-1.5141158848323857,0.0,262738.0124014529,6289.0359257445625,20422397.121498436,401.8867217458155,312.83638292195315
1.035714285714286,0.67,0.005,268.9831728155771,6.714568049101719,-1.5140679463598872,0.0,262738.01052665216,6289.03592582401,20422396.482037093,401.8867189623635,312.8363818386067
1.035714285714286,0.67,0.015,268.9831728155771,6.714565467875255,-1.5141158848323857,0.0,262738.0124014529,6289.0359257445625,20422397.121498436,401.8867217458155,312.83638292195315
1.035714285714286,0.69,-0.005,268.9670997522597,6.475621691622899,-1.506688985768936,0.0,262731.9034430729,6289.035962687949,20420825.350274306,401.8798044023031,312.8336906135007
1.035714285714286,0.69,0.005,268.9670997522597,6.475624238931788,-1.5066427972574346,0.0,262731.90134703537,6289.035962765998,20420824.633552466,401.8798012771161,312.83368939713733
1.035714285714286,0.69,0.015,268.9670997522597,6.475621691622899,-1.506688985768936,0.0,262731.9034430729,6289.035962687949,20420825.350274306,401.8798044023031,312.8336906135007
1.035714285714286,0.71,-0.005,268.95168771994315,6.23025080596911,-1.4949103974718598,0.0,262725.98494690505,6289.035983443559,20419317.786966503,401.8731622465986,312.8311053894541
1.035714285714286,0.71,0.005,268.95168771994315,6.23025324132562,-1.494866122751134,0.0,262725.98264125217,6289.0359835201,20419316.997057997,401.8731587975674,312.8311040470351
1.035714285714286,0.71,0.015,268.95168771994315,6.23025080596911,-1.4949103974718598,0.0,262725.98494690505,6289.035983443559,20419317.786966503,401.8731622465986,312.8311053894541
1.035714285714286,0.73,-0.005,268.93699738961186,5.978482706034426,-1.4786822135573154,0.0,262720.2784144461,6289.0359866010685,20417880.321441732,401.866820646055,312.82863712593115
1.035714285714286,0.73,0.005,268.93699738961186,5.978484949748729,-1.4786400091673055,0.0,262720.27591184404,6289.035986675983,20417879.462777253,401.8668168926498,312.8286356650335
1.035714285714286,0.73,0.015,268.93699738961186,5.978482706034426,-1.4786822135573154,0.0,262720.2784144461,6289.0359866010685,20417880.321441732,401.866820646055,312.82863712593115
1.035714285714286,0.75,-0.005,268.92308720271365,5.720345796709579,-1.4579065905478643,0.0,262714.80488736706,6289.035970796103,20416518.626619004,401.8608040358994,312.8262953364337
1.035714285714286,0.75,0.005,268.92308720271365,5.7203477678231325,-1.4578666053945188,0.0,262714.80220147694,6289.035970869274,20416517.703968026,401.86079999909043,312.82629376521805
1.035714285714286,0.75,0.015,268.92308720271365,5.720345796709579,-1.4579065905478643,0.0,262714.80488736706,6289.035970796103,20416518.626619004,401.8608040358994,312.8262953364337
1.035714285714286,0.77,-0.005,268.9100132413052,5.455866722225892,-1.4324854600783299,0.0,262709.58491435193,6289.035934713685,20415238.14593121,401.85513586457046,312.82408915051946
1.035714285714286,0.77,0.005,268.9100132413052,5.455868338899764,-1.432447835120177,0.0,262709.58205977385,6289.035934784991,20415237.16438198,401.85513156674045,312.8240874776968
1.035714285714286,0.77,0.015,268.9100132413052,5.455866722225892,-1.4324854600783299,0.0,262709.58491435193,6289.035934713685,20415238.14593121,401.85513586457046,312.82408915051946
1.035714285714286,0.79,-0.005,268.89782909404346,5.185070059706838,-1.4023202153446057,0.0,262704.63852512726,6289.035877111237,20414044.080993213,401.84983854927754,312.82202729645223
1.035714285714286,0.79,0.005,268.89782909404346,5.185071239612364,-1.4022850833094573,0.0,262704.6355173388,6289.035877180558,20414043.045930695,401.84983401412444,312.82202553124586
1.035714285714286,0.79,0.015,268.89782909404346,5.185070059706838,-1.4023202153446057,0.0,262704.63852512726,6289.035877111237,20414044.080993213,401.84983854927754,312.82202729645223
1.035714285714286,0.81,-0.005,268.8865857320222,4.907978371170467,-1.367311498578416,0.0,262699.9852090502,6289.035796839189,20412941.380158264,401.84493343431046,312.8201180849217
1.035714285714286,0.81,0.005,268.8865857320222,4.90797903188166,-1.3672789837093013,0.0,262699.9820643394,6289.0357969064,20412940.297240432,401.84492868674334,312.8201162370267
1.035714285714286,0.81,0.015,268.8865857320222,4.907978371170467,-1.367311498578416,0.0,262699.9852090502,6289.035796839189,20412941.380158264,401.84493343431046,312.8201180849217
1.035714285714286,0.83,-0.005,268.87633140303416,4.624610310485973,-1.3273583540684504,0.0,262695.6438806825,6289.035692839969,20411934.728203386,401.84044074403243,312.81836939069353
1.035714285714286,0.83,0.005,268.87633140303416,4.624610369889708,-1.3273285719035266,0.0,262695.6406160757,6289.035692904947,20411933.603335768,401.84043581005915,312.8183674702329
1.035714285714286,0.83,0.015,268.87633140303416,4.624610310485973,-1.3273583540684504,0.0,262695.6438806825,6289.035692839969,20411934.728203386,401.84044074403243,312.81836939069353
1.035714285714286,0.85,-0.005,268.867111418275,4.334983622786304,-1.282359048326099,0.0,262691.6328584649,6289.035564187461,20411028.52675083,401.83637951428176,312.81678862585574
1.035714285714286,0.85,0.005,268.867111418275,4.334982999333294,-1.282332105436986,0.0,262691.6294916535,6289.035564250085,20411027.366060745,401.836374420896,312.8167866433366
1.035714285714286,0.85,0.015,268.867111418275,4.334983622786304,-1.282359048326099,0.0,262691.6328584649,6289.035564187461,20411028.52675083,401.83637951428176,312.81678862585574
1.035714285714286,0.8699999999999999,-0.005,268.85896812127004,4.039112821694665,-1.2322101547541362,0.0,262687.9698635655,6289.035410119798,20410226.892314203,401.8327675984069,312.81538274211636
1.035714285714286,0.8699999999999999,0.005,268.85896812127004,4.039111434819836,-1.232186148553742,0.0,262687.966412824,6289.035410179949,20410225.70212222,401.8327623734616,312.81538070838064
1.035714285714286,0.8699999999999999,0.015,268.85896812127004,4.039112821694665,-1.2322101547541362,0.0,262687.9698635655,6289.035410119798,20410226.892314203,401.8327675984069,312.81538274211636
1.035714285714286,0.8900000000000001,-0.005,268.85194086171055,3.7370070395434047,-1.1768054174765998,0.0,262684.6720181432,6289.035230054376,20409533.65426722,401.829621664525,312.8141582296862
1.035714285714286,0.8900000000000001,0.005,268.85194086171055,3.737004810097139,-1.17678443607483,0.0,262684.66850224155,6289.035230111936,20409532.441056386,401.8296163365971,312.8141561558579
1.035714285714286,0.8900000000000001,0.015,268.85194086171055,3.7370070395434047,-1.1768054174765998,0.0,262684.6720181432,6289.035230054376,20409533.65426722,401.829621664525,312.8141582296862
1.035714285714286,0.91,-0.005,268.8460657433558,3.428670359831655,-1.1160355447909216,0.0,262681.755777671,6289.03502356146,20408952.32940524,401.82695706975244,312.81312106827795
1.035714285714286,0.91,0.005,268.8460657433558,3.4286672104378577,-1.1160176668503268,0.0,262681.7522157893,6289.035023616319,20408951.099791337,401.8269516680113,312.8131189657118
1.035714285714286,0.91,0.015,268.8460657433558,3.428670359831655,-1.1160355447909216,0.0,262681.755777671,6289.03502356146,20408952.32940524,401.82695706975244,312.81312106827795
1.035714285714286,0.93,-0.005,268.8413755502265,3.1141044251920316,-1.04978898994123,0.0,262679.2369626559,6289.034790438828,20408486.117108095,401.82478787360526,312.812276732276
1.035714285714286,0.93,0.005,268.8413755502265,3.1141002806338025,-1.0497742845417732,0.0,262679.2333742928,6289.034790490885,20408484.877807885,401.82478242767303,312.8122746125033
1.035714285714286,0.93,0.015,268.8413755502265,3.1141044251920316,-1.04978898994123,0.0,262679.2369626559,6289.034790438828,20408486.117108095,401.82478787360526,312.812276732276
1.035714285714286,0.95,-0.005,268.83789956597855,2.7933128916034993,-0.9779535268499422,0.0,262677.130755553,6289.034530771265,20408137.88357194,401.82312679598886,312.81163017434375
1.035714285714286,0.95,0.005,268.83789956597855,2.7933076792519946,-0.977942053374795,0.0,262677.12716043164,6289.0345308204205,20408136.641370624,401.82312133579615,312.8116280490158
1.035714285714286,0.95,0.015,268.83789956597855,2.7933128916034993,-0.9779535268499422,0.0,262677.130755553,6289.034530771265,20408137.88357194,401.82312679598886,312.81163017434375
1.035714285714286,0.97,-0.005,268.8356639942735,2.4662815101797393,-0.9004082428478466,0.0,262675.4517395848,6289.034244865191,20407910.200947467,401.8219853581067,312.81118588023213
1.035714285714286,0.97,0.005,268.8356639942735,2.46627516025822,-0.900400050826097,0.0,262675.4481575552,6289.0342449113605,20407908.96266515,401.82197991374437,312.8111837610631
1.035714285714286,0.97,0.015,268.8356639942735,2.4662815101797393,-0.9004082428478466,0.0,262675.4517395848,6289.034244865191,20407910.200947467,401.8219853581067,312.81118588023213
1.035714285714286,0.9899999999999999,-0.005,268.83471257677496,2.124416419107917,-0.813645981822826,0.0,262674.24791706866,6289.034055516499,20407811.184115876,401.8214579541816,312.8109805929316
1.035714285714286,0.9899999999999999,0.005,268.83471257677496,2.1244089052919697,-0.8136410988586386,0.0,262674.24436169525,6289.034055559273,20407809.95436728,401.82145254585225,312.81097848778666
1.035714285714286,0.9899999999999999,0.015,268.83471257677496,2.124416419107917,-0.813645981822826,0.0,262674.24791706866,6289.034055516499,20407811.184115876,401.8214579541816,312.8109805929316
1.035714285714286,1.01,-0.005,268.8345239518593,1.4914473299968179e-06,-5.712204613898041e-07,0.0,262674.2435872057,6289.040616972939,20407997.55792578,401.82540967977155,312.81251876379474
1.035714285714286,1.01,0.005,268.83433532694363,-2.124416419107893,0.8136459818228169,0.0,262674.2392573367,6289.034299228015,20407781.856711846,401.82144470697364,312.81097543657165
1.035714285714286,1.01,0.015,268.8345239518593,1.4914473299968179e-06,-5.712204613898041e-07,0.0,262674.2435872057,6289.040616972939,20407997.55792578,401.82540967977155,312.81251876379474
1.1071428571428572,-0.01,-0.005,269.44434751282927,10.978232647729453,0.0,0.0,262903.02198942064,6289.031824057719,20467411.023407307,402.0831991577852,312.91284448312695
1.1071428571428572,-0.01,0.005,269.44434751282927,10.978232647729453,0.034186625469827744,0.0,262903.02198942064,6289.031822604382,20467410.977903333,402.0831982638576,312.9128441352867
1.1071428571428572,-0.01,0.015,269.44434751282927,10.978232647729453,0.0,0.0,262903.02198942064,6289.031824057719,20467411.023407307,402.0831991577852,312.91284448312695
1.1071428571428572,0.01,-0.005,269.44434751282927,10.978232647729453,-0.034186625469827744,0.0,262903.02198942064,6289.031822604382,20467410.977903333,402.0831982638576,312.9128441352867
1.1071428571428572,0.01,0.005,269.44434751282927,10.9782195314973,-0.034184812637864374,0.0,262903.0270900212,6289.031822689795,20467412.79019058,402.083206286859,312.9128472571533
1.1071428571428572,0.01,0.015,269.44434751282927,10.978232647729453,-0.034186625469827744,0.0,262903.02198942064,6289.031822604382,20467410.977903333,402.0831982638576,312.9128441352867
1.1071428571428572,0.03,-0.005,269.44313855755985,10.970764102756652,-0.10248927784320078,0.0,262902.6061800366,6289.031828289012,20467292.791907243,402.0826804234744,312.9126426359951
1.1071428571428572,0.03,0.005,269.44313855755985,10.970751046129758,-0.10248396685847228,0.0,262902.61125174584,6289.031828374404,20467294.594061006,402.0826884018671,312.91264574050575
1.1071428571428572,0.03,0.015,269.44313855755985,10.970764102756652,-0.10248927784320078,0.0,262902.6061800366,6289.031828289012,20467292.791907243,402.0826804234744,312.9126426359951
1.1071428571428572,0.05,-0.005,269.44072420930314,10.955838276956007,-0.17057100423812327,0.0,262901.7760845579,6289.031840382846,20467056.785017464,402.0816466895616,312.912240394573
1.1071428571428572,0.05,0.005,269.44072420930314,10.955825339339603,-0.1705621769834879,0.0,262901.78111817595,6289.031840468221,20467058.573740665,402.08165460886227,312.91224347609403
1.1071428571428572,0.05,0.015,269.44072420930314,10.955838276956007,-0.17057100423812327,0.0,262901.7760845579,6289.031840382846,20467056.785017464,402.0816466895616,312.912240394573
1.1071428571428572,0.07,-0.005,269.437114057676,10.9334743021153,-0.23828710805498632,0.0,262900.53483448434,6289.031858789613,20466703.897449885,402.08010114351407,312.91163899838256
1.1071428571428572,0.07,0.005,269.437114057676,10.933461540665505,-0.23827480195298392,0.0,262900.5398110807,6289.03185887497,20466705.666073374,402.0801089743792,312.91164204549784
1.1071428571428572,0.07,0.015,269.437114057676,10.9334743021153,-0.23828710805498632,0.0,262900.53483448434,6289.031858789613,20466703.897449885,402.08010114351407,312.91163899838256
1.1071428571428572,0.09,-0.005,269.4323230049662,10.903685340717207,-0.3054939788868029,0.0,262898.88713339507,6289.0318834788995,20466235.58862647,402.07805017842094,312.91084093393545
1.1071428571428572,0.09,0.005,269.4323230049662,10.903672809896099,-0.3054782461708884,0.0,262898.89203429647,6289.031883564236,20466237.33057759,402.07805789193,312.91084393539325
1.1071428571428572,0.09,0.015,269.4323230049662,10.903685340717207,-0.3054939788868029,0.0,262898.88713339507,6289.0318834788995,20466235.58862647,402.07805017842094,312.91084093393545
1.1071428571428572,0.11,-0.005,269.42637103897084,10.86648452875466,-0.372048820721077,0.0,262896.8392334797,6289.0319143997485,20465653.815655492,402.0755023634855,312.9098495341605
1.1071428571428572,0.11,0.005,269.42637103897084,10.866472282697817,-0.37202972813929325,0.0,262896.84404033405,6289.031914485057,20465655.524470616,402.07550993119355,312.9098524788939
1.1071428571428572,0.11,0.015,269.42637103897084,10.86648452875466,-0.372048820721077,0.0,262896.8392334797,6289.0319143997485,20465653.815655492,402.0755023634855,312.9098495341605
1.1071428571428572,0.13,-0.005,269.41928294274675,10.821885458935236,-0.43780964261480365,0.0,262894.39886202954,6289.031951487454,20464961.005077932,402.07246832338046,312.9086689314899
1.1071428571428572,0.13,0.005,269.41928294274675,10.821873549253224,-0.43778727095594056,0.0,262894.4035568518,6289.031951572731,20464962.67442573,402.07247571742016,312.9086718086567
1.1071428571428572,0.13,0.015,269.41928294274675,10.821885458935236,-0.43780964261480365,0.0,262894.39886202954,6289.031951487454,20464961.005077932,402.07246832338046,312.9086689314899
1.1071428571428572,0.15,-0.005,269.4110881517684,10.769903830177839,-0.502635492726241,0.0,262891.57518740464,6289.031994633251,20464160.037897345,402.06896065852044,312.90730402687353
1.1071428571428572,0.15,0.005,269.4110881517684,10.769892305738496,-0.5026099363439431,0.0,262891.57975261804,6289.031994718489,20464161.661593053,402.06896785166447,312.9073068258801
1.1071428571428572,0.15,0.015,269.4110881517684,10.769903830177839,-0.502635492726241,0.0,262891.57518740464,6289.031994633251,20464160.037897345,402.06896065852044,312.90730402687353
1.1071428571428572,0.17,-0.005,269.40182063621376,10.710558328619902,-0.5663866519467334,0.0,262888.3788026642,6289.032043701746,20463254.238537304,402.06499390552585,312.90576047443824
1.1071428571428572,0.17,0.005,269.40182063621376,10.710547235159494,-0.5663580182628978,0.0,262888.3832211736,6289.032043786934,20463255.810568813,402.06500087130047,312.9057631849839
1.1071428571428572,0.17,0.015,269.40182063621376,10.710558328619902,-0.5663866519467334,0.0,262888.3788026642,6289.032043701746,20463254.238537304,402.06499390552585,312.90576047443824
1.1071428571428572,0.19,-0.005,269.3915186799187,10.643869084022512,-0.6289247256603966,0.0,262884.82164786576,6289.032098533229,20462247.353215035,402.06058444394233,312.9040446452391
1.1071428571428572,0.19,0.005,269.3915186799187,10.643858463724584,-0.6288931345932429,0.0,262884.825903128,6289.032098618358,20462248.86776803,402.0605911567385,312.9040472573592
1.1071428571428572,0.19,0.015,269.3915186799187,10.643869084022512,-0.6289247256603966,0.0,262884.82164786576,6289.032098533229,20462247.353215035,402.06058444394233,312.9040446452391
1.1071428571428572,0.21000000000000002,-0.005,269.3802247198605,10.569857978133559,-0.6901128401518976,0.0,262880.9169645696,6289.0321589332825,20461143.53383892,402.0557504213045,312.90216359815275
1.1071428571428572,0.21000000000000002,0.005,269.3802247198605,10.569847869309617,-0.6900784234785131,0.0,262880.9210406614,6289.032159018338,20461144.985320967,402.05575685648245,312.90216610225957
1.1071428571428572,0.21000000000000002,0.015,269.3802247198605,10.569857978133559,-0.6901128401518976,0.0,262880.9169645696,6289.0321589332825,20461143.53383892,402.0557504213045,312.90216359815275
1.1071428571428572,0.23,-0.005,269.3679851336462,10.488548134631895,-0.7498157502327006,0.0,262876.6792327656,6289.032224676749,20459947.317260914,402.0505116646488,312.90012504550157
1.1071428571428572,0.23,0.005,269.3679851336462,10.488538571419797,-0.7497786508923627,0.0,262876.6831144496,6289.032224761717,20459948.700324725,402.0505177986404,312.900127432424
1.1071428571428572,0.23,0.015,269.3679851336462,10.488548134631895,-0.7498157502327006,0.0,262876.6792327656,6289.032224676749,20459947.317260914,402.0505116646488,312.90012504550157
1.1071428571428572,0.25,-0.005,269.3548500106575,10.399964345788435,-0.807900006854179,0.0,262872.12410824955,6289.032295499197,20458663.602534845,402.0448895773152,312.8979373129549
1.1071428571428572,0.25,0.005,269.3548500106575,10.399955357866556,-0.8078603781984042,0.0,262872.12778103794,6289.032295584059,20458664.912100725,402.04489538772293,312.8979395739768
1.1071428571428572,0.25,0.015,269.3548500106575,10.399964345788435,-0.807900006854179,0.0,262872.12410824955,6289.032295499197,20458663.602534845,402.0448895773152,312.8979373129549
1.1071428571428572,0.27,-0.005,269.34087291166475,10.304133246823637,-0.8642341081499809,0.0,262867.26835503895,6289.032371091045,20457297.627127778,402.03890703242666,312.89560929813894
1.1071428571428572,0.27,0.005,269.34087291166475,10.304124859165727,-0.8641921131478567,0.0,262867.27180525486,6289.032371175782,20457298.858405296,402.0389124981186,312.8956114250363
1.1071428571428572,0.27,0.015,269.34087291166475,10.304133246823637,-0.8642341081499809,0.0,262867.26835503895,6289.032371091045,20457297.627127778,402.03890703242666,312.89560929813894
1.1071428571428572,0.29,-0.005,269.32611060738554,10.201082835398141,-0.9186885871449484,0.0,262862.12976703304,6289.0324510967175,20455854.941227213,402.0325882603793,312.8931504269156
1.1071428571428572,0.29,0.005,269.32611060738554,10.201075068070937,-0.9186443975498836,0.0,262862.13298187114,6289.032451181305,20455856.08973628,402.03259336158226,312.89315241199284
1.1071428571428572,0.29,0.015,269.32611060738554,10.201082835398141,-0.9186885871449484,0.0,262862.12976703304,6289.0324510967175,20455854.941227213,402.0325882603793,312.8931504269156
1.1071428571428572,0.31,-0.005,269.31062284069077,10.090843264550804,-0.9711361781891052,0.0,262856.7271080964,6289.0325351102165,20454341.38425334,402.02595874432495,312.890570612771
1.1071428571428572,0.31,0.005,269.31062284069077,10.090836132526187,-0.9710899736770671,0.0,262856.73007567844,6289.032535194629,20454342.445843816,402.02596346271037,312.89057244889415
1.1071428571428572,0.31,0.015,269.31062284069077,10.090843264550804,-0.9711361781891052,0.0,262856.7271080964,6289.0325351102165,20454341.38425334,402.02595874432495,312.890570612771
1.1071428571428572,0.33,-0.005,269.2944720203316,9.97344597604674,-1.021451814875676,0.0,262851.0800154688,6289.032622670502,20452763.054662216,402.0190450859616,312.88788020464733
1.1071428571428572,0.33,0.005,269.2944720203316,9.973439489075012,-1.021403782166224,0.0,262851.0827248999,6289.032622754709,20452764.025533248,402.0190494047317,312.8878818852777
1.1071428571428572,0.33,0.015,269.2944720203316,9.97344597604674,-1.021451814875676,0.0,262851.0800154688,6289.032622670502,20452763.054662216,402.0190450859616,312.88788020464733
1.1071428571428572,0.35,-0.005,269.27772294253185,9.848923503428816,-1.0695127057151639,0.0,262845.20892032253,6289.03271326213,20451126.28264601,402.01187488654676,312.8850899406954
1.1071428571428572,0.35,0.005,269.27772294253185,9.848917665947985,-1.0694630376742424,0.0,262845.2113617438,6289.0327133461,20451127.159364324,402.011878790515,312.88509145992106
1.1071428571428572,0.35,0.015,269.27772294253185,9.848923503428816,-1.0695127057151639,0.0,262845.20892032253,6289.03271326213,20451126.28264601,402.01187488654676,312.8850899406954
1.1071428571428572,0.37,-0.005,269.2604425092588,9.717309406270415,-1.1151983996847925,0.0,262839.13496774156,6289.0328063133975,20449437.602434628,402.00447662489273,312.8822109008491
1.1071428571428572,0.37,0.005,269.2604425092588,9.717304217350135,-1.1151472944178302,0.0,262839.1371323804,6289.032806397092,20449438.38195168,402.00448010056044,312.88221225341437
1.1071428571428572,0.37,0.015,269.2604425092588,9.717309406270415,-1.1151983996847925,0.0,262839.13496774156,6289.0328063133975,20449437.602434628,402.00447662489273,312.8822109008491
1.1071428571428572,0.39,-0.005,269.24269943857956,9.578637990358787,-1.1583908054134624,0.0,262832.8799330511,6289.032901196195,20447703.723881446,401.99687953294017,312.87925445845235
1.1071428571428572,0.39,0.005,269.24269943857956,9.578633443682996,-1.1583384653567372,0.0,262832.8818132678,6289.032901279573,20447704.40354942,401.9968825685668,312.8792556397856
1.1071428571428572,0.39,0.015,269.24269943857956,9.578637990358787,-1.1583908054134624,0.0,262832.8799330511,6289.032901196195,20447703.723881446,401.99687953294017,312.87925445845235
1.1071428571428572,0.41,-0.005,269.224563975956,9.432944474883048,-1.1989742536511272,0.0,262826.4661416218,6289.032997222815,20445931.50405224,401.98911346979475,312.8762322312832
1.1071428571428572,0.41,0.005,269.224563975956,9.432940558763512,-1.1989208846666812,0.0,262826.4677309531,6289.032997305833,20445932.081638783,401.9891160554643,312.87623323752257
1.1071428571428572,0.41,0.015,269.224563975956,9.432944474883048,-1.1989742536511272,0.0,262826.4661416218,6289.032997222815,20445931.50405224,401.98911346979475,312.8762322312832
1.1071428571428572,0.43,-0.005,269.20610760455537,9.280264589268823,-1.2368354708598877,0.0,262819.91638473223,6289.033093647608,20444127.918876488,401.9812087982418,312.87315603353574
1.1071428571428572,0.43,0.005,269.20610760455537,9.28026128669778,-1.2367812813409402,0.0,262819.9176779306,6289.033093730217,20444128.392577853,401.9812109259212,312.8731568615517
1.1071428571428572,0.43,0.015,269.20610760455537,9.280264589268823,-1.2368354708598877,0.0,262819.91638473223,6289.033093647608,20444127.918876488,401.9812087982418,312.87315603353574
1.1071428571428572,0.45000000000000007,-0.005,269.1874027628023,9.120634596734947,-1.271863594054629,0.0,262813.253840227,6289.0331896649695,20442300.03540085,401.9731962620511,312.87003782810297
1.1071428571428572,0.45000000000000007,0.005,269.1874027628023,9.12063188547271,-1.2718087940462353,0.0,262813.25483329524,6289.033189747114,20442300.40385342,401.97319792564195,312.870038475519
1.1071428571428572,0.45000000000000007,0.015,269.1874027628023,9.120634596734947,-1.271863594054629,0.0,262813.253840227,6289.0331896649695,20442300.03540085,401.9731962620511,312.87003782810297
1.1071428571428572,0.47,-0.005,269.16852256451483,8.954091327292252,-1.3039501743384332,0.0,262806.5019940036,6289.033284407634,20440454.98431337,401.9651068644949,312.8668896793255
1.1071428571428572,0.47,0.005,269.16852256451483,8.954089179985498,-1.3038949746775998,0.0,262806.5026842238,6289.033284489259,20440455.246603172,401.965108059876,312.866890144534
1.1071428571428572,0.47,0.015,269.16852256451483,8.954091327292252,-1.3039501743384332,0.0,262806.5019940036,6289.033284407634,20440454.98431337,401.9651068644949,312.8668896793255
1.1071428571428572,0.48999999999999994,-0.005,269.1495405239908,8.780671636032379,-1.3329890718448207,0.0,262799.68456117745,6289.033376953908,20438599.933240086,401.95697175440296,312.86372370866536
1.1071428571428572,0.48999999999999994,0.005,269.1495405239908,8.780670020366705,-1.332933683324963,0.0,262799.6849471352,6289.03337703495,20438600.08891036,401.9569724794655,312.863723990842
1.1071428571428572,0.48999999999999994,0.015,269.1495405239908,8.780671636032379,-1.3329890718448207,0.0,262799.68456117745,6289.033376953908,20438599.933240086,401.95697175440296,312.86372370866536
1.1071428571428572,0.51,-0.005,269.13053028705286,8.600412019531545,-1.3588763497681544,0.0,262792.8254097997,6289.033466332513,20436742.060558956,401.94882211322926,312.860552050767
1.1071428571428572,0.51,0.005,269.13053028705286,8.600410898414443,-1.3588209823312205,0.0,262792.825491401,6289.033466412907,20436742.10961551,401.94882236790073,312.86055214987994
1.1071428571428572,0.51,0.015,269.13053028705286,8.600412019531545,-1.3588763497681544,0.0,262792.8254097997,6289.033466332513,20436742.060558956,401.94882211322926,312.860552050767
1.1071428571428572,0.53,-0.005,269.11156537410113,8.413348430172023,-1.3815101798021063,0.0,262785.94848853734,6289.033551523767,20434888.530283064,401.94068904494833,312.8573868106122
1.1071428571428572,0.53,0.005,269.11156537410113,8.413347761944728,-1.3814550417618863,0.0,262785.9482670204,6289.033551603439,20434888.473197434,401.94068883120786,312.8573867274279
1.1071428571428572,0.53,0.015,269.11156537410113,8.413348430172023,-1.3815101798021063,0.0,262785.94848853734,6289.033551523767,20434888.530283064,401.94068904494833,312.8573868106122
1.1071428571428572,0.55,-0.005,269.0927189268087,8.219516790236622,-1.4007908653971135,0.0,262779.07776023186,6289.033631457617,20433046.467210792,401.9326034654996,312.8542400204912
1.1071428571428572,0.55,0.005,269.0927189268087,8.219516528906478,-1.4007361626958788,0.0,262779.0772381719,6289.033631536493,20433046.304921184,401.93260278738313,312.85423975657676
1.1071428571428572,0.55,0.015,269.0927189268087,8.219516790236622,-1.4007908653971135,0.0,262779.07776023186,6289.033631457617,20433046.467210792,401.9326034654996,312.8542400204912
1.1071428571428572,0.57,-0.005,269.0740634661282,8.018952032411455,-1.4166205836963588,0.0,262772.2371315041,6289.033705025828,20431222.933633137,401.92459600571095,312.851123602213
1.1071428571428572,0.57,0.005,269.0740634661282,8.018952127933261,-1.4165665192024752,0.0,262772.2363128131,6289.033705103827,20431222.66754343,401.92459486930767,312.85112315993473
1.1071428571428572,0.57,0.015,269.0740634661282,8.018952032411455,-1.4166205836963588,0.0,262772.2371315041,6289.033705025828,20431222.933633137,401.92459600571095,312.851123602213
1.1071428571428572,0.59,-0.005,269.0556706861705,7.811689847722809,-1.4289036111156672,0.0,262765.45041143143,6289.033771084164,20429424.90924843,401.9166969234786,312.8480493329118
1.1071428571428572,0.59,0.005,269.0556706861705,7.811690246178631,-1.428850383941858,0.0,262765.4493013493,6289.033771161203,20429424.541224465,401.9166953369162,312.8480487154294
1.1071428571428572,0.59,0.015,269.0556706861705,7.811689847722809,-1.4289036111156672,0.0,262765.45041143143,6289.033771084164,20429424.90924843,401.9166969234786,312.8480493329118
1.1071428571428572,0.61,-0.005,269.03761120671896,7.5977651931660555,-1.437545900718612,0.0,262758.74123321567,6289.033828460558,20427659.26722112,401.9089360016677,312.84502880528845
1.1071428571428572,0.61,0.005,269.03761120671896,7.597765837061795,-1.4374937056076589,0.0,262758.73983829794,6289.033828536544,20427658.79958564,401.9089339750905,312.84502801654685
1.1071428571428572,0.61,0.015,269.03761120671896,7.5977651931660555,-1.437545900718612,0.0,262758.74123321567,6289.033828460558,20427659.26722112,401.9089360016677,312.84502880528845
1.1071428571428572,0.63,-0.005,269.0199543688982,7.37721107951384,-1.4424547024262266,0.0,262752.13299410447,6289.033875968533,20425932.754637036,401.9013424678064,312.8420733963291
1.1071428571428572,0.63,0.005,269.0199543688982,7.377211908122259,-1.4424037291842375,0.0,262752.13132220553,6289.033876043373,20425932.19016271,401.9013400133463,312.8420724410469
1.1071428571428572,0.63,0.015,269.0199543688982,7.37721107951384,-1.4424547024262266,0.0,262752.13299410447,6289.033875968533,20425932.754637036,401.9013424678064,312.8420733963291
1.1071428571428572,0.65,-0.005,269.00276806057104,7.150057967814552,-1.4435382588344274,0.0,262745.6488062008,6289.033912411583,20424251.97559144,401.8939449209661,312.83919423881406
1.1071428571428572,0.65,0.005,269.00276806057104,7.150058917577873,-1.4434886918173717,0.0,262745.6468664495,6289.033912485182,20424251.317491505,401.8939420527015,312.8391931224678
1.1071428571428572,0.65,0.015,269.00276806057104,7.150057967814552,-1.4435382588344274,0.0,262745.6488062008,6289.033912411583,20424251.97559144,401.8939449209661,312.83919423881406
1.1071428571428572,0.67,-0.005,268.986118522781,6.916335639481302,-1.440706055164555,0.0,262739.3114639683,6289.033936595287,20422623.37266975,401.8867712551552,312.8364021914654
1.1071428571428572,0.67,0.005,268.986118522781,6.916336644270716,-1.4406580727697826,0.0,262739.3092667372,6289.033936667542,20422622.624586586,401.8867679890617,312.83640092027036
1.1071428571428572,0.67,0.015,268.986118522781,6.916335639481302,-1.440706055164555,0.0,262739.3114639683,6289.033936595287,20422623.37266975,401.8867712551552,312.8364021914654
1.1071428571428572,0.69,-0.005,268.9700701788815,6.676072836159537,-1.433868584806356,0.0,262733.1433984671,6289.033947335376,20421053.21052719,401.8798485899541,312.8337078119086
1.1071428571428572,0.69,0.005,268.9700701788815,6.67607382760213,-1.4338223590139818,0.0,262733.1409553356,6289.033947406182,20421052.37651873,401.8798449438458,312.8337063927959
1.1071428571428572,0.69,0.015,268.9700701788815,6.676072836159537,-1.433868584806356,0.0,262733.1433984671,6289.033947335376,20421053.21052719,401.8798485899541,312.8337078119086
1.1071428571428572,0.71,-0.005,268.9546854780382,6.429296342057045,-1.422936954107672,0.0,262727.1666307069,6289.033943461507,20419547.560745664,401.87320320466625,312.8311213309979
1.1071428571428572,0.71,0.005,268.9546854780382,6.429297249878148,-1.422892650058413,0.0,262727.1639544171,6289.033943530758,20419546.645269327,401.8731991981252,312.8311197715872
1.1071428571428572,0.71,0.015,268.9546854780382,6.429296342057045,-1.422936954107672,0.0,262727.1666307069,6289.033943461507,20419547.560745664,401.87320320466625,312.8311213309979
1.1071428571428572,0.73,-0.005,268.94002473573005,6.176030387809644,-1.4078225325677,0.0,262721.40273589134,6289.033923841337,20418112.28703465,401.8668604836091,312.82865263147534
1.1071428571428572,0.73,0.005,268.94002473573005,6.1760311401895995,-1.4077803081756746,0.0,262721.3998402975,6289.033923908922,20418111.29492907,401.8668561379055,312.8286509400437
1.1071428571428572,0.73,0.015,268.94002473573005,6.176030387809644,-1.4078225325677,0.0,262721.40273589134,6289.033923841337,20418112.28703465,401.8668604836091,312.82865263147534
1.1071428571428572,0.75,-0.005,268.92614598619156,5.916297537685133,-1.3884369708186193,0.0,262715.87281612214,6289.033887391213,20416753.031185273,401.8608448582924,312.82631122541505
1.1071428571428572,0.75,0.005,268.92614598619156,5.916298061610509,-1.3883969764140847,0.0,262715.8697161343,6289.03388745702,20416751.96764998,401.8608401962955,312.82630941086245
1.1071428571428572,0.75,0.015,268.92614598619156,5.916297537685133,-1.3884369708186193,0.0,262715.87281612214,6289.033887391213,20416753.031185273,401.8608448582924,312.82631122541505
1.1071428571428572,0.77,-0.005,268.9131048496619,5.650118415647473,-1.364691926724217,0.0,262710.5974687616,6289.033833085762,20415475.200441185,401.85517975528876,312.8241062338816
1.1071428571428572,0.77,0.005,268.9131048496619,5.650118637264521,-1.3646543047288748,0.0,262710.5941802829,6289.03383314968,20415474.07101437,401.8551748013693,312.82410430569263
1.1071428571428572,0.77,0.015,268.9131048496619,5.650118415647473,-1.364691926724217,0.0,262710.5974687616,6289.033833085762,20415475.200441185,401.85517975528876,312.8241062338816
1.1071428571428572,0.79,-0.005,268.90095439817486,5.377511443600333,-1.3364987799513484,0.0,262705.5967589853,6289.033759977048,20414283.955026533,401.8498875493343,312.822046368622
1.1071428571428572,0.79,0.005,268.90095439817486,5.3775112885703225,-1.336463664586225,0.0,262705.5932988457,6289.033760038964,20414282.765561372,401.84988232926054,312.82204433682574
1.1071428571428572,0.79,0.015,268.90095439817486,5.377511443600333,-1.3364987799513484,0.0,262705.5967589853,6289.033759977048,20414283.955026533,401.8498875493343,312.822046368622
1.1071428571428572,0.81,-0.005,268.88974503147404,5.098492912400696,-1.3037684322395697,0.0,262700.8901974623,6289.033667212996,20413184.196642626,401.8449895203406,312.8201399152803
1.1071428571428572,0.81,0.005,268.88974503147404,5.09849230625732,-1.303735949263744,0.0,262700.886583347,6289.033667272798,20413182.953282043,401.8449840611668,312.8201377904069
1.1071428571428572,0.81,0.015,268.88974503147404,5.098492912400696,-1.3037684322395697,0.0,262700.8901974623,6289.033667212996,20413184.196642626,401.8449895203406,312.8201399152803
1.1071428571428572,0.83,-0.005,268.8795243671118,4.813075144495273,-1.2664105589957928,0.0,262696.4967036516,6289.033554034053,20412180.55767301,401.8405058031548,312.8183947137891
1.1071428571428572,0.83,0.005,268.8795243671118,4.813074013023481,-1.2663808254780187,0.0,262696.4929540257,6289.033554091632,20412179.266822964,401.84050013310446,312.81839250682384
1.1071428571428572,0.83,0.015,268.8795243671118,4.813075144495273,-1.2664105589957928,0.0,262696.4967036516,6289.033554034053,20412180.55767301,401.8405058031548,312.8183947137891
1.1071428571428572,0.85,-0.005,268.87033708199755,4.521269952641328,-1.224334424473429,0.0,262692.4346002685,6289.033419807893,20411277.38682475,401.8364553397452,312.8168181397052
1.1071428571428572,0.85,0.005,268.87033708199755,4.521268222039755,-1.224307548517684,0.0,262692.4307342959,6289.033419863141,20411276.05512629,401.8364494880868,312.8168158620408
1.1071428571428572,0.85,0.015,268.87033708199755,4.521269952641328,-1.224334424473429,0.0,262692.4346002685,6289.033419807893,20411277.38682475,401.8364553397452,312.8168181397052
1.1071428571428572,0.8700000000000001,-0.005,268.8622248279689,4.223085818992898,-1.1774478663616543,0.0,262688.7215901858,6289.033264054337,20410478.741706874,401.83285585735774,312.81541709565613
1.1071428571428572,0.8700000000000001,0.005,268.8622248279689,4.223083416306673,-1.1774239469341372,0.0,262688.7176276456,6289.033264107151,20410477.37600641,401.83284985427474,312.8154147590417
1.1071428571428572,0.8700000000000001,0.015,268.8622248279689,4.223085818992898,-1.1774478663616543,0.0,262688.7215901858,6289.033264054337,20410478.741706874,401.83285585735774,312.81541709565613
1.1071428571428572,0.89,-0.005,268.85522620050364,3.9185252227033547,-1.1256561418287592,0.0,262685.37475109386,6289.033086461997,20409788.38634882,401.82972386457084,312.81419800975414
1.1071428571428572,0.89,0.005,268.85522620050364,3.918522076364963,-1.1256352686573388,0.0,262685.37071228767,6289.0330865122805,20409786.99366578,401.8297177410179,312.8141956262392
1.1071428571428572,0.89,0.015,268.85522620050364,3.9185252227033547,-1.1256561418287592,0.0,262685.37475109386,6289.033086461997,20409788.38634882,401.82972386457084,312.81419800975414
1.1071428571428572,0.91,-0.005,268.84937653567994,3.6075863217579873,-1.0688621840539432,0.0,262682.4104929441,6289.032886875456,20409209.77098677,401.82707455507693,312.8131667980973
1.1071428571428572,0.91,0.005,268.84937653567994,3.6075823618225678,-1.0688444374497486,0.0,262682.4063986057,6289.032886923117,20409208.35848204,401.82706834264144,312.813164379978
1.1071428571428572,0.91,0.015,268.84937653567994,3.6075863217579873,-1.0688621840539432,0.0,262682.4104929441,6289.032886875456,20409209.77098677,401.82707455507693,312.8131667980973
1.1071428571428572,0.9299999999999999,-0.005,268.844707827404,3.290265176903483,-1.0069671740135206,0.0,262679.84457175585,6289.032665338973,20408746.025382616,401.8249217982049,312.8123288610355
1.1071428571428572,0.9299999999999999,0.005,268.844707827404,3.2902603353961073,-1.006952624725117,0.0,262679.8404429537,6289.032665383927,20408744.600325063,401.8249155289582,312.8123264207965
1.1071428571428572,0.9299999999999999,0.015,268.844707827404,3.290265176903483,-1.0069671740135206,0.0,262679.84457175585,6289.032665338973,20408746.025382616,401.8249217982049,312.8123288610355
1.1071428571428572,0.9499999999999998,-0.005,268.8412485353705,2.966560736142219,-0.9398721503660128,0.0,262677.69209011586,6289.032422170587,20408399.942394573,401.82327810097854,312.8116890683606
1.1071428571428572,0.9499999999999998,0.005,268.8412485353705,2.966554947379359,-0.9398608594193223,0.0,262677.687948157,6289.032422212762,20408398.512127545,401.82327180732864,312.81168661861795
1.1071428571428572,0.9499999999999998,0.015,268.8412485353705,2.966560736142219,-0.9398721503660128,0.0,262677.69209011586,6289.032422170587,20408399.942394573,401.82327810097854,312.8116890683606
1.1071428571428572,0.97,-0.005,268.83902405,2.636451005832103,-0.867469452095445,0.0,262675.9675329935,6289.032157898567,20408174.021533273,401.8221547694051,312.81125182204903
1.1071428571428572,0.97,0.005,268.83902405,2.6364442067582994,-0.8674614706636342,0.0,262675.9633993199,6289.0321579379,20408172.593438983,401.8221484839387,312.81124937548833
1.1071428571428572,0.97,0.015,268.83902405,2.636451005832103,-0.867469452095445,0.0,262675.9675329935,6289.032157898567,20408174.021533273,401.8221547694051,312.81125182204903
1.1071428571428572,0.9900000000000001,-0.005,268.83805933764995,2.2911114208133596,-0.7865541170581666,0.0,262674.72294226626,6289.032022504021,20408075.38965365,401.82165479939005,312.811057213199
1.1071428571428572,0.9900000000000001,0.005,268.83805933764995,2.2911035929273247,-0.7865494684019257,0.0,262674.7188309519,6289.032022540174,20408073.968527123,401.82164854314357,312.8110547780104
1.1071428571428572,0.9900000000000001,0.015,268.83805933764995,2.2911114208133596,-0.7865541170581666,0.0,262674.72294226626,6289.032022504021,20408075.38965365,401.82165479939005,312.811057213199
1.1071428571428572,1.01,-0.005,268.83787341856873,1.5853583273712558e-06,-5.442642850676926e-07,0.0,262674.7117877211,6289.03942700002,20408288.350595232,401.826125908593,312.81279754810805
1.1071428571428572,1.01,0.005,268.83768749948746,-2.291111420813385,0.7865541170581752,0.0,262674.7006331604,6289.032228434411,20408045.41322799,401.82162067207906,312.8110439294445
1.1071428571428572,1.01,0.015,268.83787341856873,1.5853583273712558e-06,-5.442642850676926e-07,0.0,262674.7117877211,6289.03942700002,20408288.350595232,401.826125908593,312.81279754810805
1.1785714285714288,-0.01,-0.005,269.4481614454354,11.18179044966924,0.0,0.0,262905.8311307975,6289.030528312188,20467743.719804008,402.0840462076994,312.9131740823978
1.1785714285714288,-0.01,0.005,269.44816144543535,11.18179044966924,0.032411602128161826,0.0,262905.8311307975,6289.030527005854,20467743.678902052,402.0840454041901,312.9131737697409
1.1785714285714288,-0.01,0.015,269.4481614454354,11.18179044966924,0.0,0.0,262905.8311307975,6289.030528312188,20467743.719804008,402.0840462076994,312.9131740823978
1.1785714285714288,0.01,-0.005,269.4481614454354,11.18179044966924,-0.032411602128161826,0.0,262905.83113079757,6289.030527005854,20467743.67890206,402.08404540419014,312.913173769741
1.1785714285714288,0.01,0.005,269.4481614454354,11.18177705814664,-0.032409782945297186,0.0,262905.836720871,6289.030527084219,20467745.66397714,402.0840541847503,312.913177186381
1.1785714285714288,0.01,0.015,269.4481614454354,11.18179044966924,-0.032411602128161826,0.0,262905.83113079757,6289.030527005854,20467743.67890206,402.08404540419014,312.913173769741
1.1785714285714288,0.03,-0.005,269.44694924507894,11.174280995815002,-0.09716744724040989,0.0,262905.4114435262,6289.030531395247,20467625.1354804,402.083525378844,312.912971420461
1.1785714285714288,0.03,0.005,269.44694924507894,11.17426765812259,-0.09716212989004143,0.0,262905.4170014705,6289.030531473588,20467627.109305345,402.08353410988093,312.9129748178331
1.1785714285714288,0.03,0.015,269.44694924507894,11.174280995815002,-0.09716744724040989,0.0,262905.4114435262,6289.030531395247,20467625.1354804,402.083525378844,312.912971420461
1.1785714285714288,0.05,-0.005,269.4445283790181,11.159281759608628,-0.16171126800929914,0.0,262904.57367648446,6289.030540879963,20467388.409740794,402.082487248438,312.9125674687206
1.1785714285714288,0.05,0.005,269.4445283790181,11.159268529556117,-0.16170243021440575,0.0,262904.5791919213,6289.030540958288,20467390.36861649,402.0824959137015,312.9125708405037
1.1785714285714288,0.05,0.015,269.4445283790181,11.159281759608628,-0.16171126800929914,0.0,262904.57367648446,6289.030540879963,20467388.409740794,402.082487248438,312.9125674687206
1.1785714285714288,0.07,-0.005,269.44090859287286,11.136814560405579,-0.2259044313130336,0.0,262903.3210543042,6289.030555373833,20467034.457844887,402.0809351692868,312.911963531026
1.1785714285714288,0.07,0.005,269.44090859287286,11.136801490658883,-0.2258921104419473,0.0,262903.3265061421,6289.0305554521365,20467036.39435511,402.0809437361458,312.9119668645248
1.1785714285714288,0.07,0.015,269.44090859287286,11.136814560405579,-0.2259044313130336,0.0,262903.3210543042,6289.030555373833,20467034.457844887,402.0809351692868,312.911963531026
1.1785714285714288,0.09,-0.005,269.43610488510615,11.106894189040373,-0.2896093219542717,0.0,262901.65834194527,6289.030574842629,20466564.748544037,402.0788755735537,312.911162109081
1.1785714285714288,0.09,0.005,269.43610488510615,11.106881330477943,-0.2895935701249343,0.0,262901.66370930796,6289.030574920907,20466566.655351367,402.0788840097211,312.9111653917341
1.1785714285714288,0.09,0.015,269.43610488510615,11.106894189040373,-0.2896093219542717,0.0,262901.65834194527,6289.030574842629,20466564.748544037,402.0788755735537,312.911162109081
1.1785714285714288,0.11,-0.005,269.43013731521245,11.069533576417639,-0.3526891335473623,0.0,262899.5918278971,6289.0305992258545,20465981.24566946,402.0763170552421,312.9101665454486
1.1785714285714288,0.11,0.005,269.43013731521245,11.069520976858755,-0.35267001735681125,0.0,262899.597090249,6289.030599304101,20465983.115562826,402.0763253289837,312.91016976490937
1.1785714285714288,0.11,0.015,269.43013731521245,11.069533576417639,-0.3526891335473623,0.0,262899.5918278971,6289.0305992258545,20465981.24566946,402.0763170552421,312.9101665454486
1.1785714285714288,0.13,-0.005,269.4230308128209,11.024745693792667,-0.4150079273596447,0.0,262897.1292993414,6289.030628454984,20465286.390001573,402.0732702996048,312.90898099611445
1.1785714285714288,0.13,0.005,269.4230308128209,11.02473339943911,-0.4149855274896054,0.0,262897.13443656603,6289.030628533193,20465288.215917204,402.07327837982956,312.90898414028624
1.1785714285714288,0.13,0.015,269.4230308128209,11.024745693792667,-0.4150079273596447,0.0,262897.1292993414,6289.030628454984,20465286.390001573,402.0732702996048,312.90898099611445
1.1785714285714288,0.15,-0.005,269.4148150073661,10.972546222552563,-0.4764308730041796,0.0,262894.28001331247,6289.0306624266495,20464483.081704687,402.06974799366543,312.90761039570714
1.1785714285714288,0.15,0.005,269.4148150073661,10.972534277796074,-0.4764052837743414,0.0,262894.28500578436,6289.030662504812,20464484.856751043,402.06975585003437,312.90761345278565
1.1785714285714288,0.15,0.015,269.4148150073661,10.972546222552563,-0.4764308730041796,0.0,262894.28001331247,6289.0306624266495,20464483.081704687,402.06974799366543,312.90761039570714
1.1785714285714288,0.17,-0.005,269.4055241054167,10.912953547154524,-0.5368244168562248,0.0,262891.0546659598,6289.030701012043,20463574.66855638,402.0657647796502,312.90606043942176
1.1785714285714288,0.17,0.005,269.4055241054167,10.912941993583821,-0.5367957456868714,0.0,262891.0594946146,6289.030701090151,20463576.38604147,402.06577238269574,312.9060633979415
1.1785714285714288,0.17,0.015,269.4055241054167,10.912953547154524,-0.5368244168562248,0.0,262891.0546659598,6289.030701012043,20463574.66855638,402.0657647796502,312.90606043942176
1.1785714285714288,0.19,-0.005,269.39519667263073,10.845987617637688,-0.5960563881985259,0.0,262887.46531998843,6289.030744059813,20462564.92463084,402.0613371633606,312.9043375474152
1.1785714285714288,0.19,0.005,269.39519667263073,10.845976493652017,-0.5960247550374779,0.0,262887.46996640135,6289.030744137851,20462566.578090154,402.06134448460944,312.90434039629713
1.1785714285714288,0.19,0.015,269.39519667263073,10.845987617637688,-0.5960563881985259,0.0,262887.46531998843,6289.030744059813,20462564.92463084,402.0613371633606,312.9043375474152
1.1785714285714288,0.21,-0.005,269.38387545177346,10.771670108047777,-0.653996188444729,0.0,262883.52535205596,6289.030791387363,20461458.032144506,402.05648343101905,312.9024488325025
1.1785714285714288,0.21,0.005,269.38387545177346,10.77165944852673,-0.6539617251324161,0.0,262883.52979852527,6289.03079146532,20461459.61537053,402.0564904431215,312.9024515611043
1.1785714285714288,0.21,0.015,269.38387545177346,10.771670108047777,-0.653996188444729,0.0,262883.52535205596,6289.030791387363,20461458.032144506,402.05648343101905,312.9024488325025
1.1785714285714288,0.23,-0.005,269.3716071488576,10.690023900145853,-0.7105149210920881,0.0,262879.2493887663,6289.030842784151,20460258.56056154,402.05122355981916,312.90040206540675
1.1785714285714288,0.23,0.005,269.3716071488576,10.69001373622478,-0.7104777706613926,0.0,262879.25361837435,6289.030842862008,20460260.067625146,402.0512302366429,312.90040466355924
1.1785714285714288,0.23,0.015,269.3716071488576,10.690023900145853,-0.7105149210920881,0.0,262879.2493887663,6289.030842784151,20460258.56056154,402.05122355981916,312.90040206540675
1.1785714285714288,0.25,-0.005,269.3584422029015,10.601073495608032,-0.7654855633544876,0.0,262874.65324388974,6289.0308980042955,20458971.443748012,402.04557911483073,312.89820563470136
1.1785714285714288,0.25,0.005,269.3584422029015,10.60106385442634,-0.7654458792829152,0.0,262874.6572405719,6289.030898082036,20458972.869022764,402.045585431567,312.8982080927503
1.1785714285714288,0.25,0.015,269.3584422029015,10.601073495608032,-0.7654855633544876,0.0,262874.65324388974,6289.0308980042955,20458971.443748012,402.04557911483073,312.89820563470136
1.1785714285714288,0.27,-0.005,269.34443454096964,10.504845162999233,-0.8187831171884334,0.0,262869.75384950975,6289.030956761801,20457601.955768447,402.0395731411808,312.89586850491537
1.1785714285714288,0.27,0.005,269.34443454096964,10.504836067475411,-0.8187410626088044,0.0,262869.7575981228,6289.030956839401,20457603.293954484,402.03957907445056,312.8958708137622
1.1785714285714288,0.27,0.015,269.34443454096964,10.504845162999233,-0.8187831171884334,0.0,262869.75384950975,6289.030956761801,20457601.955768447,402.0395731411808,312.89586850491537
1.1785714285714288,0.29,-0.005,269.3296413118644,10.40136649485474,-0.8702847108257776,0.0,262864.5691766518,6289.03101873019,20456155.684731193,402.03323004975147,312.8934001721157
1.1785714285714288,0.29,0.005,269.3296413118644,10.40135796349402,-0.8702404576968212,0.0,262864.5726630394,6289.031018807625,20456156.93087816,402.03323557770585,312.89340232325685
1.1785714285714288,0.29,0.015,269.3296413118644,10.40136649485474,-0.8702847108257776,0.0,262864.5691766518,6289.03101873019,20456155.684731193,402.03323004975147,312.8934001721157
1.1785714285714288,0.31,-0.005,269.31412264657774,10.29066689194132,-0.9198697329112041,0.0,262859.1181723317,6289.031083539826,20454638.509182673,402.02657551298233,312.89081062342075
1.1785714285714288,0.31,0.005,269.31412264657774,10.290658938695186,-0.9198234611610466,0.0,262859.12138338614,6289.0310836170665,20454639.65871136,402.0265806153981,312.89081260898473
1.1785714285714288,0.31,0.015,269.31412264657774,10.29066689194132,-0.9198697329112041,0.0,262859.1181723317,6289.031083539826,20454638.509182673,402.02657551298233,312.89081062342075
1.1785714285714288,0.33,-0.005,269.2979413451675,10.172776991089886,-0.967419868219646,0.0,262853.4206638744,6289.031150773309,20453056.56724014,402.01963632772566,312.88811028369025
1.1785714285714288,0.33,0.005,269.2979413451675,10.172769625229092,-0.9673717648661594,0.0,262853.42358759727,6289.0311508503255,20453057.615963377,402.0196409860977,312.8881120964739
1.1785714285714288,0.33,0.015,269.2979413451675,10.172776991089886,-0.967419868219646,0.0,262853.4206638744,6289.031150773309,20453056.56724014,402.01963632772566,312.88811028369025
1.1785714285714288,0.35,-0.005,269.2811625932063,10.047728419573646,-1.0128191778826001,0.0,262847.49727744225,6289.031219966442,20451416.22879813,402.0124402942444,312.8853099684946
1.1785714285714288,0.35,0.005,269.2811625932063,10.047721645599532,-1.0127694361366881,0.0,262847.4999030008,6289.031220043199,20451417.172940485,402.0124444918726,312.88531160199653
1.1785714285714288,0.35,0.015,269.2811625932063,10.047728419573646,-1.0128191778826001,0.0,262847.49727744225,6289.031219966442,20451416.22879813,402.0124402942444,312.8853099684946
1.1785714285714288,0.37,-0.005,269.26385367550535,9.915553668611102,-1.055954164585589,0.0,262841.3693564499,6289.031290607615,20449724.067423407,402.00501609301153,312.88242083622407
1.1785714285714288,0.37,0.005,269.26385367550535,9.91554748620446,-1.0559029829460065,0.0,262841.3716742306,6289.031290684074,20449724.903639436,402.0050198150825,312.88242228467686
1.1785714285714288,0.37,0.015,269.26385367550535,9.915553668611102,-1.055954164585589,0.0,262841.3693564499,6289.031290607615,20449724.067423407,402.00501609301153,312.88242083622407
1.1785714285714288,0.39,-0.005,269.2460836818452,9.776285806302104,-1.096713798813356,0.0,262835.0588764883,6289.031362138011,20447986.831499033,401.99739315851116,312.8794543390268
1.1785714285714288,0.39,0.005,269.2460836818452,9.776280210306965,-1.0966613801598812,0.0,262835.0608781454,6289.031362214128,20447987.556890022,401.9973963921721,312.87945559742553
1.1785714285714288,0.39,0.015,269.2460836818452,9.776285806302104,-1.096713798813356,0.0,262835.0588764883,6289.031362138011,20447986.831499033,401.99739315851116,312.8794543390268
1.1785714285714288,0.41,-0.005,269.2279232151724,9.629958618894577,-1.1349895780737262,0.0,262828.5883644101,6289.031433949663,20446211.415548827,401.98960155270385,312.87642217361014
1.1785714285714288,0.41,0.005,269.2279232151724,9.629953599330765,-1.1349361287637643,0.0,262828.5900429098,6289.0314340253935,20446212.02767783,401.9896042871298,312.8764232377389
1.1785714285714288,0.41,0.015,269.2279232151724,9.629958618894577,-1.1349895780737262,0.0,262828.5883644101,6289.031433949663,20446211.415548827,401.98960155270385,312.87642217361014
1.1785714285714288,0.43000000000000005,-0.005,269.209444096892,9.476606215554387,-1.1706755084886016,0.0,262821.9808127744,6289.0315053873255,20444404.83140456,401.9816718395139,312.87333623243467
1.1785714285714288,0.43000000000000005,0.005,269.209444096892,9.476601757664879,-1.170621237463142,0.0,262821.9821624341,6289.031505462617,20444405.328309584,401.98167406596673,312.87333709888924
1.1785714285714288,0.43000000000000005,0.015,269.209444096892,9.476606215554387,-1.1706755084886016,0.0,262821.9808127744,6289.0315053873255,20444404.83140456,401.9816718395139,312.87333623243467
1.1785714285714288,0.45000000000000007,-0.005,269.1907190798091,9.31626302735666,-1.2036681181922249,0.0,262815.25959900697,6289.031575746796,20442574.180018514,401.97363496034563,312.87020855530045
1.1785714285714288,0.45000000000000007,0.005,269.1907190798091,9.316259111686378,-1.2036132360955865,0.0,262815.26061552874,6289.031575821595,20442574.56022372,401.9736366722247,312.87020922150833
1.1785714285714288,0.45000000000000007,0.015,269.1907190798091,9.31626302735666,-1.2036681181922249,0.0,262815.25959900697,6289.031575746796,20442574.180018514,401.97363496034563,312.87020855530045
1.1785714285714288,0.47,-0.005,269.1718215642109,9.148963830633072,-1.233866459597132,0.0,262808.44840573816,6289.031644273601,20440726.623603318,401.9655221110896,312.8670512815078
1.1785714285714288,0.47,0.005,269.1718215642109,9.148960433134699,-1.2338111779148622,0.0,262808.4490862362,6289.031644347846,20440726.88612804,401.9655233039723,312.86705174574377
1.1785714285714288,0.47,0.015,269.1718215642109,9.148963830633072,-1.233866459597132,0.0,262808.44840573816,6289.031644273601,20440726.623603318,401.9655221110896,312.8670512815078
1.1785714285714288,0.49000000000000005,-0.005,269.1528253174989,8.974743202039717,-1.2611720136322955,0.0,262801.57114052697,6289.031710170916,20438869.358416665,401.9573646262484,312.86387660478
1.1785714285714288,0.49000000000000005,0.005,269.1528253174989,8.974740294208637,-1.261116543852419,0.0,262801.5714835489,6289.031710244546,20438869.502782296,401.95736529792157,312.86387686617866
1.1785714285714288,0.49000000000000005,0.015,269.1528253174989,8.974743202039717,-1.2611720136322955,0.0,262801.57114052697,6289.031710170916,20438869.358416665,401.9573646262484,312.86387660478
1.1785714285714288,0.51,-0.005,269.13380420025396,8.793635146706317,-1.2854885946581103,0.0,262794.65185816534,6289.031772604408,20437009.58808784,401.9491938638409,312.86069672848254
1.1785714285714288,0.51,0.005,269.13380420025396,8.793632695742248,-1.2854331474598426,0.0,262794.6518637074,6289.0317726773565,20437009.61432238,401.9491940143225,312.8606967870469
1.1785714285714288,0.51,0.015,269.13380420025396,8.793635146706317,-1.2854885946581103,0.0,262794.65185816534,6289.031772604408,20437009.58808784,401.9491938638409,312.86069672848254
1.1785714285714288,0.53,-0.005,269.1148319041274,8.605672900086917,-1.3067222611225504,0.0,262787.71468737966,6289.031830705054,20435154.49804765,401.94104109407834,312.8575238223029
1.1785714285714288,0.53,0.005,269.1148319041274,8.605670869080328,-1.3066670455970302,0.0,262787.7143568948,6289.031830777248,20435154.40668794,401.94104072562806,312.8575236789082
1.1785714285714288,0.53,0.015,269.1148319041274,8.605672900086917,-1.3067222611225504,0.0,262787.71468737966,6289.031830705054,20435154.49804765,401.94104109407834,312.8575238223029
1.1785714285714288,0.55,-0.005,269.0959816961715,8.410889461664953,-1.324781334660072,0.0,262780.7837636538,6289.031883566474,20433311.23042534,401.9329373873436,312.854369978651
1.1785714285714288,0.55,0.005,269.0959816961715,8.410887809798872,-1.3247265575660028,0.0,262780.783100054,6289.031883637838,20433311.02251718,401.93293650446486,312.8543696350458
1.1785714285714288,0.55,0.015,269.0959816961715,8.410889461664953,-1.324781334660072,0.0,262780.7837636538,6289.031883566474,20433311.23042534,401.9329373873436,312.854369978651
1.1785714285714288,0.57,-0.005,269.0773261686183,8.209316679208532,-1.3395761787642229,0.0,262773.88315637683,6289.031930256303,20431486.859925844,401.9249135130579,312.8512471732903
1.1785714285714288,0.57,0.005,269.0773261686183,8.209315361992239,-1.3395220438229007,0.0,262773.88216403004,6289.031930326758,20431486.537022144,401.924912122491,312.85124663209393
1.1785714285714288,0.57,0.015,269.0773261686183,8.209316679208532,-1.3395761787642229,0.0,262773.88315637683,6289.031930256303,20431486.859925844,401.9249135130579,312.8512471732903
1.1785714285714288,0.59,-0.005,269.0589370567698,8.000986600790705,-1.3510192998492359,0.0,262767.0368319524,6289.031969820288,20429688.37615536,401.91699986339506,312.84816723563245
1.1785714285714288,0.59,0.005,269.0589370567698,8.000985570269362,-1.3509660070811276,0.0,262767.0355166705,6289.031969889752,20429687.940311354,401.9169979740971,312.8481665003271
1.1785714285714288,0.59,0.015,269.0589370567698,8.000986600790705,-1.3510192998492359,0.0,262767.0368319524,6289.031969820288,20429688.37615536,401.91699986339506,312.84816723563245
1.1785714285714288,0.61,-0.005,269.0408849751254,7.785930360842158,-1.359025006405704,0.0,262760.2685718951,6289.032001285289,20427922.65791543,401.909226340927,312.8451418049874
1.1785714285714288,0.61,0.005,269.0408849751254,7.785929565846947,-1.3589727515210845,0.0,262760.26694091794,6289.032001353673,20427922.111682463,401.9092239640457,312.8451408799081
1.1785714285714288,0.61,0.015,269.0408849751254,7.785930360842158,-1.359025006405704,0.0,262760.2685718951,6289.032001285289,20427922.65791543,401.909226340927,312.8451418049874
1.1785714285714288,0.63,-0.005,269.023239203731,7.564177034603202,-1.36350909157037,0.0,262753.60191132216,6289.032023674841,20426196.45281358,401.90162227559784,312.8421822982226
1.1785714285714288,0.63,0.005,269.023239203731,7.564176421036863,-1.363458065401234,0.0,262753.5999732963,6289.032023742053,20426195.79923082,401.90161942443603,312.84218118854346
1.1785714285714288,0.63,0.015,269.023239203731,7.564177034603202,-1.36350909157037,0.0,262753.60191132216,6289.032023674841,20426196.45281358,401.90162227559784,312.8421822982226
1.1785714285714288,0.65,-0.005,269.0060674963834,7.335753010620716,-1.364388590905564,0.0,262747.0600859407,6289.032036016821,20424516.35877261,401.8942163462016,312.83929987916855
1.1785714285714288,0.65,0.005,269.0060674963834,7.33575252180292,-1.3643389788790679,0.0,262747.05785089143,6289.032036082769,20424515.601356424,401.89421303617166,312.83929859088494
1.1785714285714288,0.65,0.015,269.0060674963834,7.335753010620716,-1.364388590905564,0.0,262747.0600859407,6289.032036016821,20424516.35877261,401.8942163462016,312.83929987916855
1.1785714285714288,0.67,-0.005,268.98943592547926,7.100683735749161,-1.3615819771316113,0.0,262740.66600727034,6289.032037349615,20422888.809086062,401.8870365166963,312.83650543379434
1.1785714285714288,0.67,0.005,268.98943592547926,7.1006833126567095,-1.3615339587558455,0.0,262740.6634865635,6289.032037414206,20422887.951816235,401.8870327652603,312.83650397369985
1.1785714285714288,0.67,0.015,268.98943592547926,7.100683735749161,-1.3615819771316113,0.0,262740.66600727034,6289.032037349615,20422888.809086062,401.8870365166963,312.83650543379434
1.1785714285714288,0.69,-0.005,268.97340869506564,6.858993414911336,-1.3550089294512822,0.0,262734.4422125714,6289.0320267297575,20421320.054411422,401.88010995962674,312.8338095403615
1.1785714285714288,0.69,0.005,268.97340869506564,6.858992996473109,-1.3549626778487789,0.0,262734.4394188694,6289.03202679289,20421319.10171518,401.8801057862267,312.83380791602053
1.1785714285714288,0.69,0.015,268.97340869506564,6.858993414911336,-1.3550089294512822,0.0,262734.4422125714,6289.0320267297575,20421320.054411422,401.88010995962674,312.8338095403615
1.1785714285714288,0.71,-0.005,268.95804797892737,6.610704103128923,-1.3445899670172197,0.0,262728.4108185761,6289.032003240603,20419816.14725127,401.8734629909526,312.8312224440125
1.1785714285714288,0.71,0.005,268.95804797892737,6.610703626535459,-1.3445456484939171,0.0,262728.4077657869,6289.032003302178,20419815.103984877,401.8734584169305,312.83122066372954
1.1785714285714288,0.71,0.015,268.95804797892737,6.610704103128923,-1.3445899670172197,0.0,262728.4108185761,6289.032003240603,20419816.14725127,401.8734629909526,312.8312224440125
1.1785714285714288,0.73,-0.005,268.9434137583101,6.355835166648307,-1.330246137035328,0.0,262722.59348318505,6289.031966011308,20418382.926723517,401.8671210109985,312.82875403373936
1.1785714285714288,0.73,0.005,268.9434137583101,6.355834567672892,-1.3302039106845551,0.0,262722.5901864048,6289.031966071225,20418381.798151728,401.8671160595059,312.82875210652367
1.1785714285714288,0.73,0.015,268.9434137583101,6.355835166648307,-1.330246137035328,0.0,262722.59348318505,6289.031966011308,20418382.926723517,401.8671210109985,312.82875403373936
1.1785714285714288,0.75,-0.005,268.9295636779269,6.0944041767327874,-1.3118990192947357,0.0,262717.01137616835,6289.0319142199005,20417026.004627056,401.8611084434887,312.82641381860395
1.1785714285714288,0.75,0.005,268.9295636779269,6.094403390045836,-1.3118590366326464,0.0,262717.00785161846,6289.031914278056,20417024.79640065,401.86110313938866,312.8264117541312
1.1785714285714288,0.75,0.015,268.9295636779269,6.0944041767327874,-1.3118990192947357,0.0,262717.01137616835,6289.0319142199005,20417026.004627056,401.8611084434887,312.82641381860395
1.1785714285714288,0.77,-0.005,268.91655291172754,5.8264266179792354,-1.2894704600110307,0.0,262711.6851490785,6289.031847108464,20415750.752843097,401.85544868621633,312.8242109084848
1.1785714285714288,0.77,0.005,268.91655291172754,5.8264255774640565,-1.2894328646448745,0.0,262711.6814140376,6289.031847164759,20415749.470974725,401.85544305597716,312.824208717056
1.1785714285714288,0.77,0.015,268.91655291172754,5.8264266179792354,-1.2894704600110307,0.0,262711.6851490785,6289.031847108464,20415750.752843097,401.85544868621633,312.8242109084848
1.1785714285714288,0.79,-0.005,268.90443402969345,5.551915666936704,-1.2628823070193642,0.0,262706.6349062666,6289.031763997582,20414562.290815007,401.8501640616824,312.82215399481066
1.1785714285714288,0.79,0.005,268.90443402969345,5.5519143060069025,-1.2628472343461707,0.0,262706.6309789973,6289.031764051917,20414560.94165337,401.8501581332639,312.82215168730806
1.1785714285714288,0.79,0.015,268.90443402969345,5.551915666936704,-1.2628823070193642,0.0,262706.6349062666,6289.031763997582,20414562.290815007,401.8501640616824,312.82215399481066
1.1785714285714288,0.81,-0.005,268.8932568738916,5.270882281519763,-1.2320562160580064,0.0,262701.88018091617,6289.031664300803,20413465.473935723,401.8452757717393,312.820251332853
1.1785714285714288,0.81,0.005,268.8932568738916,5.270880533439408,-1.23202379298984,0.0,262701.87608058716,6289.031664353081,20413464.06413801,401.8452695744721,312.82024892069234
1.1785714285714288,0.81,0.015,268.8932568738916,5.270882281519763,-1.2320562160580064,0.0,262701.88018091617,6289.031664300803,20413465.473935723,401.8452757717393,312.820251332853
1.1785714285714288,0.83,-0.005,268.88306843908765,4.983333457077888,-1.1969129929356745,0.0,262697.4398982106,6289.031547527563,20412464.882020704,401.8408038471104,312.81851072202255
1.1785714285714288,0.83,0.005,268.88306843908765,4.983331255299309,-1.196883337650714,0.0,262697.43564481393,6289.031547577689,20412463.418523483,401.8407974115673,312.81850821710395
1.1785714285714288,0.83,0.015,268.88306843908765,4.983333457077888,-1.1969129929356745,0.0,262697.4398982106,6289.031547527563,20412464.882020704,401.8408038471104,312.81851072202255
1.1785714285714288,0.85,-0.005,268.8739127758054,4.689275620965022,-1.1573732226620637,0.0,262693.33238219476,6289.031413306614,20411564.81061745,401.8367671192189,312.81693949485197
1.1785714285714288,0.85,0.005,268.8739127758054,4.689272899296421,-1.1573464443396155,0.0,262693.32799645513,6289.031413354499,20411563.300605305,401.83676047707615,312.8169369095052
1.1785714285714288,0.85,0.015,268.8739127758054,4.689275620965022,-1.1573732226620637,0.0,262693.33238219476,6289.031413306614,20411564.81061745,401.8367671192189,312.81693949485197
1.1785714285714288,0.8699999999999999,-0.005,268.86583083899313,4.388711958537986,-1.1133563493545329,0.0,262689.5753093316,6289.031261399956,20410769.256692424,401.83318316269884,312.81554449456644
1.1785714285714288,0.8699999999999999,0.005,268.86583083899313,4.388708651544825,-1.1133325480009348,0.0,262689.5708126176,6289.031261445515,20410767.70756649,401.83317634659824,312.8155418414976
1.1785714285714288,0.8699999999999999,0.015,268.86583083899313,4.388711958537986,-1.1133563493545329,0.0,262689.5753093316,6289.031261399956,20410769.256692424,401.83318316269884,312.81554449456644
1.1785714285714288,0.89,-0.005,268.858860420598,4.081639512314131,-1.0647796630435504,0.0,262686.1856873599,6289.03109171002,20410081.91231695,401.83006827002816,312.8143320651605
1.1785714285714288,0.89,0.005,268.858860420598,4.081635555879372,-1.064758929383803,0.0,262686.1811015904,6289.031091753173,20410080.331662085,401.8300613134314,312.814329357395
1.1785714285714288,0.89,0.015,268.858860420598,4.081639512314131,-1.0647796630435504,0.0,262686.1856873599,6289.03109171002,20410081.91231695,401.83006827002816,312.8143320651605
1.1785714285714288,0.91,-0.005,268.8530360364389,3.7680514800166667,-1.011558714569221,0.0,262683.1798547809,6289.030904302361,20409506.154362082,401.82743741599484,312.813308037519
1.1785714285714288,0.91,0.005,268.8530360364389,3.7680468114851866,-1.0115411298372072,0.0,262683.1752023281,6289.03090434304,20409504.549913317,401.8274303530353,312.8133052883441
1.1785714285714288,0.91,0.015,268.8530360364389,3.7680514800166667,-1.011558714569221,0.0,262683.1798547809,6289.030904302361,20409506.154362082,401.82743741599484,312.813308037519
1.1785714285714288,0.9300000000000002,-0.005,268.8483888101937,3.4479393013386614,-0.9536077275470557,0.0,262680.57347459375,6289.030699427132,20409045.033869285,401.8253042202054,312.81247771477956
1.1785714285714288,0.9300000000000002,0.005,268.8483888101937,3.447933859819168,-0.9535933633303351,0.0,262680.568778184,6289.030699465275,20409043.413477574,401.82529708553704,312.8124749376855
1.1785714285714288,0.9300000000000002,0.015,268.8483888101937,3.4479393013386614,-0.9536077275470557,0.0,262680.57347459375,6289.030699427132,20409045.033869285,401.8253042202054,312.81247771477956
1.1785714285714288,0.9499999999999998,-0.005,268.84494630784246,3.121298088502068,-0.8908411364630724,0.0,262678.38153297687,6289.030477568275,20408701.261433877,401.8236809052797,312.81184585601954
1.1785714285714288,0.9499999999999998,0.005,268.84494630784246,3.1212918150613507,-0.8908300545103356,0.0,262678.3768155916,6289.030477603829,20408699.63303181,401.8236737339251,312.8118430646402
1.1785714285714288,0.9499999999999998,0.015,268.84494630784246,3.121298088502068,-0.8908411364630724,0.0,262678.38153297687,6289.030477568275,20408701.261433877,401.8236809052797,312.81184585601954
1.1785714285714288,0.97,-0.005,268.8427329481633,2.788098811699552,-0.8231646793530139,0.0,262676.61838823033,6289.030239492673,20408477.24895187,401.8225785039196,312.81141675681863
1.1785714285714288,0.97,0.005,268.8427329481633,2.7880916498162547,-0.8231569314876653,0.0,262676.613673002,6289.030239525598,20408475.620517805,401.8225713311107,312.8114139648693
1.1785714285714288,0.97,0.015,268.8427329481633,2.788098811699552,-0.8231646793530139,0.0,262676.61838823033,6289.030239492673,20408477.24895187,401.8225785039196,312.81141675681863
1.1785714285714288,0.99,-0.005,268.8417570836411,2.439348163824909,-0.7476831573582695,0.0,262675.33770756854,6289.030154153801,20408379.09039987,401.82210449938975,312.81123225490137
1.1785714285714288,0.99,0.005,268.8417570836411,2.4393401013337734,-0.7476787607862478,0.0,262675.33300912916,6289.030154183848,20408377.46692544,401.8220973470758,312.81122947092786
1.1785714285714288,0.99,0.015,268.8417570836411,2.439348163824909,-0.7476831573582695,0.0,262675.33770756854,6289.030154153801,20408379.09039987,401.82210449938975,312.81123225490137
1.1785714285714288,1.01,-0.005,268.8415729771245,1.6714011162673753e-06,-5.123001637539855e-07,0.0,262675.3190348671,6289.038336993678,20408616.53270122,401.8270548437253,312.81315912567953
1.1785714285714288,1.01,0.005,268.8413888706079,-2.4393481638249086,0.7476831573582696,0.0,262675.30036214,6289.030320103325,20408348.22189047,401.82204737029355,312.8112100179171
1.1785714285714288,1.01,0.015,268.8415729771245,1.6714011162673753e-06,-5.123001637539855e-07,0.0,262675.3190348671,6289.038336993678,20408616.53270122,401.8270548437253,312.81315912567953
1.25,-0.01,-0.005,269.4524941609144,11.369527603140716,-3.296234075069027e-18,0.0,262908.67250504106,6289.029293771113,20468129.11151886,402.08515453174687,312.91360534665694
1.25,-0.01,0.005,269.45249416091434,11.369527603140714,0.030641067629644938,0.0,262908.672505041,6289.0292926036045,20468129.074962925,402.08515381362565,312.9136050672262
1.25,-0.01,0.015,269.4524941609144,11.369527603140716,-3.296234075069027e-18,0.0,262908.67250504106,6289.029293771113,20468129.11151886,402.08515453174687,312.91360534665694
1.25,0.01,-0.005,269.4524941609144,11.369527603140714,-0.030641067629644938,0.0,262908.672505041,6289.0292926036045,20468129.07496293,402.08515381362565,312.9136050672262
1.25,0.01,0.005,269.4524941609144,11.369514044789993,-0.03063923983896192,0.0,262908.6786368301,6289.0292926744505,20468131.250566456,402.0851634296174,312.9136088089394
1.25,0.01,0.015,269.4524941609144,11.369527603140714,-0.030641067629644938,0.0,262908.672505041,6289.0292926036045,20468129.07496293,402.08515381362565,312.9136050672262
1.25,0.03,-0.005,269.45127843104353,11.361974844720786,-0.0918588342591926,0.0,262908.249006779,6289.029295808565,20468010.149740268,402.08463154988243,312.9134018472339
1.25,0.03,0.005,269.45127843104353,11.361961334828035,-0.09185350508059535,0.0,262908.25510295853,6289.029295879386,20468012.31289245,402.08464111106474,312.9134055676223
1.25,0.03,0.015,269.45127843104353,11.361974844720786,-0.0918588342591926,0.0,262908.249006779,6289.029295808565,20468010.149740268,402.08463154988243,312.9134018472339
1.25,0.05,-0.005,269.448850449412,11.346898239963279,-0.152872656546101,0.0,262907.4037054881,6289.0293029049,20467772.6534668,402.08358890277316,312.912996138535
1.25,0.05,0.005,269.448850449412,11.346884827061787,-0.15286379920994364,0.0,262907.4097544736,6289.029302975705,20467774.800057188,402.0835983910878,312.91299983057445
1.25,0.05,0.015,269.448850449412,11.346898239963279,-0.152872656546101,0.0,262907.4037054881,6289.0293029049,20467772.6534668,402.08358890277316,312.912996138535
1.25,0.07,-0.005,269.445220076779,11.324322215436798,-0.21354953918762107,0.0,262906.13990514795,6289.029313812246,20467417.554146934,402.08203008339393,312.91238957894313
1.25,0.07,0.005,269.445220076779,11.32430894704909,-0.21353719128888676,0.0,262906.1458835591,6289.029313883029,20467419.675971292,402.08203946274324,312.91239322858974
1.25,0.07,0.015,269.445220076779,11.324322215436798,-0.21354953918762107,0.0,262906.13990514795,6289.029313812246,20467417.554146934,402.08203008339393,312.91238957894313
1.25,0.09,-0.005,269.4404025642134,11.294261904141289,-0.27375744512191363,0.0,262904.4624572121,6289.029328482245,20466946.344822012,402.07996162392874,312.91158470906834
1.25,0.09,0.005,269.4404025642134,11.294248826357427,-0.27374165894007524,0.0,262904.4683419353,6289.029328553,20466948.433771823,402.07997085863286,312.9115883024405
1.25,0.09,0.015,269.4404025642134,11.294261904141289,-0.27375744512191363,0.0,262904.4624572121,6289.029328482245,20466946.344822012,402.07996162392874,312.91158470906834
1.25,0.11,-0.005,269.43441816074187,11.256730255056766,-0.33336504825200414,0.0,262902.37772571435,6289.029346855886,20466361.00794977,402.07739220084403,312.9105849035441
1.25,0.11,0.005,269.43441816074187,11.256717412317945,-0.33334589049303875,0.0,262902.38349398534,6289.029346926604,20466363.056040823,402.0774012557662,312.9105884269714
1.25,0.11,0.015,269.43441816074187,11.256730255056766,-0.33336504825200414,0.0,262902.37772571435,6289.029346855886,20466361.00794977,402.07739220084403,312.9105849035441
1.25,0.13,-0.005,269.42729194984855,11.211740530462802,-0.39224190472573356,0.0,262899.8935716637,6289.029368868211,20465663.99950172,402.0743325676612,312.90939434489945
1.25,0.13,0.005,269.42729194984855,11.211727965196925,-0.39221945619800874,0.0,262899.8992011594,6289.029368938888,20465665.998906747,402.0743414083492,312.90939778497767
1.25,0.13,0.015,269.42729194984855,11.211740530462802,-0.39224190472573356,0.0,262899.8935716637,6289.029368868211,20465663.99950172,402.0743325676612,312.90939434489945
1.25,0.15,-0.005,269.4190537526024,11.159308293706918,-0.45025872325746386,0.0,262897.01933884923,6289.02939442454,20464858.23867921,402.0707954989967,312.908018001823
1.25,0.15,0.005,269.4190537526024,11.15929604617826,-0.45023307846348337,0.0,262897.02480780875,6289.029394495164,20464860.181769565,402.07080409186653,312.9080213454852
1.25,0.15,0.015,269.4190537526024,11.159308293706918,-0.45025872325746386,0.0,262897.01933884923,6289.02939442454,20464858.23867921,402.0707954989967,312.908018001823
1.25,0.17,-0.005,269.40973800859587,11.09945155321772,-0.5072875467969692,0.0,262893.7658249604,6289.0294234076455,20463947.096442625,402.066795744272,312.9064616111948
1.25,0.17,0.005,269.40973800859587,11.099439661221854,-0.5072588134107145,0.0,262893.7711122642,6289.029423478204,20463948.97581634,402.06680405673006,312.9064648457591
1.25,0.17,0.015,269.40973800859587,11.09945155321772,-0.5072875467969692,0.0,262893.7658249604,6289.0294234076455,20463947.096442625,402.066795744272,312.9064616111948
1.25,0.19,-0.005,269.3993835649965,11.032189899762049,-0.5632018672845338,0.0,262890.14521341474,6289.029455679624,20462934.374856487,402.06234993851626,312.90473164342785
1.25,0.19,0.005,269.3993835649965,11.032178397248137,-0.5631701655153514,0.0,262890.15029865346,6289.029455750106,20462936.18336671,402.0623579390841,312.9047347566459
1.25,0.19,0.015,269.3993835649965,11.032189899762049,-0.5632018672845338,0.0,262890.14521341474,6289.029455679624,20462934.374856487,402.06234993851626,312.90473164342785
1.25,0.21,-0.005,269.38803347318367,10.957544557241278,-0.6178768070108791,0.0,262886.1710143254,6289.029491075341,20461824.286909144,402.0574765113209,312.90283526709476
1.25,0.21,0.005,269.38803347318367,10.957533474921021,-0.6178422689939047,0.0,262886.1758778918,6289.029491145731,20461826.017692886,402.0574841697612,312.9028382472006
1.25,0.21,0.015,269.38803347318367,10.957544557241278,-0.6178768070108791,0.0,262886.1710143254,6289.029491075341,20461824.286909144,402.0574765113209,312.90283526709476
1.25,0.23,-0.005,269.3757347739741,10.875538093740275,-0.6711892816331286,0.0,262881.85800224793,6289.029529405023,20460621.43549906,402.0521955965433,312.90078031384894
1.25,0.23,0.005,269.3757347739741,10.875527459874936,-0.6711520508003663,0.0,262881.86262542655,6289.029529475303,20460623.082004875,402.0522028839812,312.90078314960635
1.25,0.23,0.015,269.3757347739741,10.875538093740275,-0.6711892816331286,0.0,262881.85800224793,6289.029529405023,20460621.43549906,402.0521955965433,312.90078031384894
1.25,0.25,-0.005,269.36253826677535,10.786194662304728,-0.7230181742679466,0.0,262877.2221517672,6289.029570448086,20459330.790570244,402.04652892972075,312.8985752385655
1.25,0.25,0.005,269.36253826677535,10.78618450157542,-0.7229784045524561,0.0,262877.2265168021,6289.029570518236,20459332.346585497,402.04653581876346,312.8985779193145
1.25,0.25,0.015,269.36253826677535,10.786194662304728,-0.7230181742679466,0.0,262877.2221517672,6289.029570448086,20459330.790570244,402.04652892972075,312.8985752385655
1.25,0.27,-0.005,269.34849825739917,10.689540103773313,-0.7732444898788458,0.0,262872.2805663563,6289.029613949186,20457957.664226547,402.04049973765063,312.89622907643553
1.25,0.27,0.005,269.34849825739917,10.68953043708216,-0.7732023449171755,0.0,262872.284656527,6289.029614019182,20457959.123903904,402.0405062025045,312.8962315921378
1.25,0.27,0.015,269.34849825739917,10.689540103773313,-0.7732444898788458,0.0,262872.2805663563,6289.029613949186,20457957.664226547,402.04049973765063,312.89622907643553
1.25,0.29,-0.005,269.33367228611183,10.585601541819834,-0.8217514691829972,0.0,262867.051397813,6289.029659618336,20456507.684039447,402.0341326219627,312.8937513977216
1.25,0.29,0.005,269.33367228611183,10.585592386116415,-0.8217071214800173,0.0,262867.0551975066,6289.029659688154,20456509.04192214,402.03413863854433,312.89375373900384
1.25,0.29,0.015,269.33367228611183,10.585601541819834,-0.8217514691829972,0.0,262867.051397813,6289.029659618336,20456507.684039447,402.0341326219627,312.8937513977216
1.25,0.31,-0.005,269.3181208769252,10.474407594390053,-0.8684247071435122,0.0,262861.5537776622,6289.029707129335,20454986.768383317,402.0274534507895,312.891152265664
1.25,0.31,0.005,269.3181208769252,10.474398962564372,-0.8683783372119197,0.0,262861.55727244174,6289.0297071989435,20454988.01942899,402.0274589968305,312.8911544238588
1.25,0.31,0.015,269.3181208769252,10.474407594390053,-0.8684247071435122,0.0,262861.5537776622,6289.029707129335,20454986.768383317,402.0274534507895,312.891152265664
1.25,0.33,-0.005,269.30190722583956,10.355988059241284,-0.9131522213890642,0.0,262855.8077246767,6289.02975611573,20453401.09571997,402.02048922257205,312.88844218354177
1.25,0.33,0.005,269.30190722583956,10.355979960006822,-0.9131040168646563,0.0,262855.81090134656,6289.0297561850975,20453402.23532319,402.0204942777198,312.88844415072674
1.25,0.33,0.015,269.30190722583956,10.355988059241284,-0.9131522213890642,0.0,262855.8077246767,6289.02975611573,20453401.09571997,402.02048922257205,312.88844218354177
1.25,0.35,-0.005,269.2850969110693,10.230373629045019,-0.9558245327230643,0.0,262849.8340611673,6289.029806172067,20451757.076204233,402.0132679425496,312.88563204666593
1.25,0.35,0.005,269.2850969110693,10.230366066858462,-0.9557746874652431,0.0,262849.83690783277,6289.029806241157,20451758.100217286,402.0132724884582,312.8856338156989
1.25,0.35,0.015,269.2850969110693,10.230373629045019,-0.9558245327230643,0.0,262849.8340611673,6289.029806172067,20451757.076204233,402.0132679425496,312.88563204666593
1.25,0.37,-0.005,269.2677576010474,10.097595713183255,-0.9963347292514084,0.0,262843.65432935307,6289.029856853882,20450061.323037915,402.00581849747255,312.8827330936773
1.25,0.37,0.005,269.2677576010474,10.09758868820043,-0.9962834424361999,0.0,262843.65683547594,6289.029856922653,20450062.227790028,402.00582251788876,312.8827346582303
1.25,0.37,0.015,269.2677576010474,10.097595713183255,-0.9963347292514084,0.0,262843.65432935307,6289.029856853882,20450061.323037915,402.00581849747255,312.8827330936773
1.25,0.39,-0.005,269.2499587553509,9.957686149459956,-1.0345784988486486,0.0,262837.2907049315,6289.0299076783185,20448320.62315599,401.9981705275812,312.8797568567756
1.25,0.39,0.005,269.2499587553509,9.95767965752211,-1.0345259740602364,0.0,262837.2928613809,6289.02990774673,20448321.405470617,401.9981740084215,312.87975821136445
1.25,0.39,0.015,269.2499587553509,9.957686149459956,-1.0345784988486486,0.0,262837.2907049315,6289.0299076783185,20448320.62315599,401.9981705275812,312.8797568567756
1.25,0.41,-0.005,269.23177132939657,9.810677314338154,-1.0704541845116675,0.0,262830.76591520134,6289.029958123195,20446541.908240102,401.9903542991875,312.87671511217803
1.25,0.41,0.005,269.23177132939657,9.810671346984314,-1.0704006288378844,0.0,262830.7677142981,6289.029958191198,20446542.565450236,401.990357228606,312.876716252189
1.25,0.41,0.015,269.23177132939657,9.810677314338154,-1.0704541845116675,0.0,262830.76591520134,6289.029958123195,20446541.908240102,401.9903542991875,312.87671511217803
1.25,0.43,-0.005,269.2132674749755,9.656601744747672,-1.1038627735215307,0.0,262824.1031521494,6289.030007628776,20444732.22541682,401.9824005770474,312.87361983048896
1.25,0.43,0.005,269.2132674749755,9.6565962892567,-1.103808396658969,0.0,262824.1045877054,6289.03000769632,20444732.755378295,401.982402945496,312.8736207522023
1.25,0.43,0.015,269.2132674749755,9.656601744747672,-1.1038627735215307,0.0,262824.1031521494,6289.030007628776,20444732.22541682,401.9824005770474,312.87361983048896
1.25,0.45,-0.005,269.19452024898345,9.495492117662227,-1.1347079102658968,0.0,262817.3259904022,6289.030055596725,20442898.708677612,401.9743404984426,312.8704831277295
1.25,0.45,0.005,269.19452024898345,9.49548715712205,-1.1346529236399685,0.0,262817.3270577536,6289.030055663756,20442899.10978022,401.97434229872107,312.8704838283389
1.25,0.45,0.015,269.19452024898345,9.495492117662227,-1.1347079102658968,0.0,262817.3259904022,6289.030055596725,20442898.708677612,401.9743404984426,312.8704831277295
1.25,0.47,-0.005,269.1756033267587,9.327381261520745,-1.1628958977052122,0.0,262810.458306824,6289.0301013893295,20441048.550764736,401.96620544932506,312.86731721716166
1.25,0.47,0.005,269.1756033267587,9.327376774892397,-1.1628405136105469,0.0,262810.45900286466,6289.030101455789,20441048.821943607,401.9662066766321,312.86731769479417
1.25,0.47,0.015,269.1756033267587,9.327381261520745,-1.1628958977052122,0.0,262810.458306824,6289.0301013893295,20441048.550764736,401.96620544932506,312.86731721716166
1.25,0.49,-0.005,269.1565907191238,9.152301612194428,-1.1883356120086437,0.0,262803.5241993708,6289.030144337376,20439188.975703727,401.9580269472997,312.864134363767
1.25,0.49,0.005,269.1565907191238,9.15229757442829,-1.1882800427703095,0.0,262803.52452257235,6289.030144403201,20439189.116445724,401.9580275992626,312.8641346174948
1.25,0.49,0.015,269.1565907191238,9.152301612194428,-1.1883356120086437,0.0,262803.5241993708,6289.030144337376,20439188.975703727,401.9580269472997,312.864134363767
1.25,0.51,-0.005,269.1375564944756,8.970284856895228,-1.210938419153963,0.0,262796.54790817713,6289.030183744611,20437327.21173157,401.94983652458893,312.8609468387105
1.25,0.51,0.005,269.1375564944756,8.970281239097654,-1.2108828763148227,0.0,262796.5478585962,6289.030183809736,20437327.222077187,401.94983660127383,312.86094686855466
1.25,0.51,0.015,269.1375564944756,8.970284856895228,-1.210938419153963,0.0,262796.54790817713,6289.030183744611,20437327.21173157,401.94983652458893,312.8609468387105
1.25,0.53,-0.005,269.1185745132153,8.78136172762973,-1.2306180929098727,0.0,262789.5537416903,6289.030218891969,20435470.465430204,401.9416656160646,312.85776687576885
1.25,0.53,0.005,269.1185745132153,8.781358497225867,-1.2305627864512767,0.0,262789.5533209742,6289.030218956323,20435470.345975142,401.941665119984,312.8577666827027
1.25,0.53,0.015,269.1185745132153,8.78136172762973,-1.2306180929098727,0.0,262789.5537416903,6289.030218891969,20435470.465430204,401.9416656160646,312.85776687576885
1.25,0.55,-0.005,269.0997181715833,8.58556254612098,-1.247290829457809,0.0,262782.56600920245,6289.030249034186,20433625.896553095,401.933545446565,312.8546066274734
1.25,0.55,0.005,269.0997181715833,8.585559667030251,-1.2472359670550195,0.0,262782.56522058893,6289.0302490976965,20433625.648447424,401.9335443826757,312.85460621342156
1.25,0.55,0.015,269.0997181715833,8.58556254612098,-1.247290829457809,0.0,262782.56600920245,6289.030249034186,20433625.896553095,401.933545446565,312.8546066274734
1.25,0.57,-0.005,269.081060147456,8.382916377792434,-1.2608750584140822,0.0,262775.6089469986,6289.030273410415,20431800.593490046,401.925506927573,312.85147812488896
1.25,0.57,0.005,269.081060147456,8.382913810622398,-1.2608208447282623,0.0,262775.6077953081,6289.030273473008,20431800.218435097,401.9255053032637,312.8514774927226
1.25,0.57,0.015,269.081060147456,8.382916377792434,-1.2608750584140822,0.0,262775.6089469986,6289.030273410415,20431800.593490046,401.925506927573,312.85147812488896
1.25,0.59,-0.005,269.06267222090605,8.173451896690972,-1.2712914404597202,0.0,262768.70667848294,6289.030291249004,20430001.555875905,401.91758058249275,312.84839324851544
1.25,0.59,0.005,269.06267222090605,8.17344959897505,-1.2712380764788511,0.0,262768.7051701035,6289.030291310598,20430001.056118134,401.9175784075591,312.8483924020428
1.25,0.59,0.015,269.06267222090605,8.173451896690972,-1.2712914404597202,0.0,262768.70667848294,6289.030291249004,20430001.555875905,401.91758058249275,312.84839324851544
1.25,0.61,-0.005,269.0446250077376,7.9571967225364455,-1.278462616173441,0.0,262761.8831346784,6289.0303017685155,20428235.668570515,401.9097964319586,312.845363683629
1.25,0.61,0.005,269.0446250077376,7.957194648951027,-1.2784102985925883,0.0,262761.88127754326,6289.030301829026,20428235.04689334,401.90979371856724,312.8453626275812
1.25,0.61,0.015,269.0446250077376,7.9571967225364455,-1.278462616173441,0.0,262761.8831346784,6289.0303017685155,20428235.668570515,401.9097964319586,312.845363683629
1.25,0.63,-0.005,269.0269877370103,7.7341763943866,-1.282312939072189,0.0,262755.16199077974,6289.030304192777,20426509.6803905,401.9021839066785,312.842400886332
1.25,0.63,0.005,269.0269877370103,7.734174496987099,-1.282261859710652,0.0,262755.1597943395,6289.030304252122,20426508.940103866,401.90218066932323,312.84239962634626
1.25,0.63,0.015,269.0269877370103,7.7341763943866,-1.282312939072189,0.0,262755.16199077974,6289.030304192777,20426509.6803905,401.9021839066785,312.842400886332
1.25,0.65,-0.005,269.00982804266374,7.504413827621682,-1.2827682887802168,0.0,262748.56660857104,6289.03029775777,20424830.1839721,401.89477176126286,312.8395160499814
1.25,0.65,0.005,269.00982804266374,7.504412056116063,-1.282718634032766,0.0,262748.56408375903,6289.0302978158625,20424829.32889978,401.8947680167094,312.8395145925797
1.25,0.65,0.015,269.00982804266374,7.504413827621682,-1.2827682887802168,0.0,262748.56660857104,6289.03029775777,20424830.1839721,401.89477176126286,312.8395160499814
1.25,0.67,-0.005,268.99321182762503,7.267930656072715,-1.2797561591744084,0.0,262742.12001388945,6289.030281717543,20423203.602704767,401.8875880186954,312.8367200835383
1.25,0.67,0.005,268.99321182762503,7.267928958070974,-1.2797081094939005,0.0,262742.1171730773,6289.030281774293,20423202.637168393,401.8875837859125,312.83671843610006
1.25,0.67,0.015,268.99321182762503,7.267930656072715,-1.2797561591744084,0.0,262742.12001388945,6289.030281717543,20423203.602704767,401.8875880186954,312.8367200835383
1.25,0.69,-0.005,268.97720306687444,7.024747096285449,-1.2732054489530795,0.0,262735.84484419186,6289.0302553497595,20421636.171682477,401.88065988815634,312.83402357954105
1.25,0.69,0.005,268.97720306687444,7.024745417567182,-1.2731591783787288,0.0,262735.8417011402,6289.0302554050795,20421635.100483727,401.8806551882377,312.83402175027356
1.25,0.69,0.015,268.97720306687444,7.024747096285449,-1.2732054489530795,0.0,262735.84484419186,6289.0302553497595,20421636.171682477,401.88065988815634,312.83402357954105
1.25,0.71,-0.005,268.96186364113674,6.774881060311061,-1.2630461201440097,0.0,262729.7633027652,6289.030217968642,20420133.921888053,401.8740137005639,312.83143678897153
1.25,0.71,0.005,268.96186364113674,6.774879345104369,-1.263001795870786,0.0,262729.759872568,6289.030218022443,20420132.75028887,401.874008556642,312.8314347868758
1.25,0.71,0.015,268.96186364113674,6.774881060311061,-1.2630461201440097,0.0,262729.7633027652,6289.030217968642,20420133.921888053,401.8740137005639,312.83143678897153
1.25,0.73,-0.005,268.94725317589797,6.518347687712182,-1.249208921431813,0.0,262723.8971181275,6289.030168936397,20418702.664854683,401.86767484543736,312.82896959663157
1.25,0.73,0.005,268.94725317589797,6.518345878980179,-1.2491667034204565,0.0,262723.8934171519,6289.030168988586,20418701.398555722,401.8676692825891,312.82896743146597
1.25,0.73,0.015,268.94725317589797,6.518347687712182,-1.249208921431813,0.0,262723.8971181275,6289.030168936397,20418702.664854683,401.86767484543736,312.82896959663157
1.25,0.75,-0.005,268.93342890411867,6.2551602245639195,-1.2316253779454374,0.0,262718.2675150992,6289.03010766282,20417347.979280557,401.8616677107001,312.82663149766216
1.25,0.75,0.005,268.93342890411867,6.25515826428539,-1.231585418568448,0.0,262718.2635609195,6289.030107713311,20417346.624397803,401.8616617558443,312.8266291799025
1.25,0.75,0.015,268.93342890411867,6.2551602245639195,-1.2316253779454374,0.0,262718.2675150992,6289.03010766282,20417347.979280557,401.8616677107001,312.82663149766216
1.25,0.77,-0.005,268.9204455365829,5.985329706457491,-1.2102275356788161,0.0,262712.89518654865,6289.030033622667,20416075.19894708,401.856015636662,312.8244315795791
1.25,0.77,0.005,268.9204455365829,5.985327535910542,-1.210189979399356,0.0,262712.8909978747,6289.030033671372,20416073.7619865,401.85600931844846,312.82442912037544
1.25,0.77,0.015,268.9204455365829,5.985329706457491,-1.2102275356788161,0.0,262712.89518654865,6289.030033622667,20416075.19894708,401.856015636662,312.8244315795791
1.25,0.79,-0.005,268.9083551346774,5.708864778362739,-1.1849477208875119,0.0,262707.8002645739,6289.029946366029,20414889.40065892,401.85074086675786,312.8223785030448
1.25,0.79,0.005,268.9083551346774,5.708862338410966,-1.1849127039641236,0.0,262707.7958611729,6289.029946412866,20414887.888488848,401.8507342154454,312.8223759141739
1.25,0.79,0.015,268.9083551346774,5.708864778362739,-1.1849477208875119,0.0,262707.8002645739,6289.029946366029,20414889.40065892,401.85074086675786,312.8223785030448
1.25,0.81,-0.005,268.8972069916292,5.425771804673779,-1.1557183587243585,0.0,262703.00229598914,6289.029845527968,20413795.392988455,401.8458645014609,312.82048048387594
1.25,0.81,0.005,268.8972069916292,5.4257690360518,-1.1556860089344498,0.0,262702.9976986004,6289.029845572852,20413793.812809803,401.8458575487865,312.82047777769037
1.25,0.81,0.015,268.8972069916292,5.425771804673779,-1.1557183587243585,0.0,262703.00229598914,6289.029845527968,20413795.392988455,401.8458645014609,312.82048048387594
1.25,0.83,-0.005,268.8870475086144,5.136053246249214,-1.1224714056582101,0.0,262698.5202078761,6289.029730839961,20412797.70457501,401.8414064511062,312.81874527462656
1.25,0.83,0.005,268.8870475086144,5.136050089854261,-1.1224418420360156,0.0,262698.51543812046,6289.029730882815,20412796.06388935,401.84139923014425,312.81874246399997
1.25,0.83,0.015,268.8870475086144,5.136053246249214,-1.1224714056582101,0.0,262698.5202078761,6289.029730839961,20412797.70457501,401.8414064511062,312.81874527462656
1.25,0.85,-0.005,268.8779201415658,4.839710590078004,-1.0851387383202893,0.0,262694.3723194257,6289.029602141275,20411900.579339936,401.8373854192154,312.8171801580441
1.25,0.85,0.005,268.8779201415658,4.8397069871909135,-1.0851120709048496,0.0,262694.36739970505,6289.029602182028,20411898.885914598,401.83737796422355,312.8171772563112
1.25,0.85,0.015,268.8779201415658,4.839710590078004,-1.0851387383202893,0.0,262694.3723194257,6289.029602141275,20411900.579339936,401.8373854192154,312.8171801580441
1.25,0.8700000000000001,-0.005,268.8698652032334,4.536742385345815,-1.0436514659397973,0.0,262690.57628190366,6289.029459383545,20411107.957320277,401.83381881913687,312.81579191457115
1.25,0.8700000000000001,0.005,268.8698652032334,4.536738277940698,-1.0436277955643074,0.0,262690.571235302,6289.029459422132,20411106.219153762,401.83381116540346,312.81578893546816
1.25,0.8700000000000001,0.015,268.8698652032334,4.536742385345815,-1.0436514659397973,0.0,262690.57628190366,6289.029459383545,20411107.957320277,401.83381881913687,312.81579191457115
1.25,0.8900000000000001,-0.005,268.86291973439154,4.2271414897583,-0.9979391462378427,0.0,262687.149047485,6289.029302657198,20410423.46294989,401.83072273400643,312.8145868067105
1.25,0.8900000000000001,0.005,268.86291973439154,4.2271368209423885,-0.9979185643442021,0.0,262687.14389766846,6289.02930269356,20410421.688236725,401.83071491769516,312.81458376431476
1.25,0.8900000000000001,0.015,268.86291973439154,4.2271414897583,-0.9979391462378427,0.0,262687.149047485,6289.029302657198,20410423.46294989,401.83072273400643,312.8145868067105
1.25,0.91,-0.005,268.85711749042275,3.9108969436132788,-0.9479300313284986,0.0,262684.10688696377,6289.0291321963305,20409850.40395705,401.82811191334804,312.8135705776545
1.25,0.91,0.005,268.85711749042275,3.910891657774904,-0.9479126197193847,0.0,262684.1016580703,6289.0291322304165,20409848.601049803,401.82810397133017,312.8135674863191
1.25,0.91,0.015,268.85711749042275,3.9108969436132788,-0.9479300313284986,0.0,262684.10688696377,6289.0291321963305,20409850.40395705,401.82811191334804,312.8135705776545
1.25,0.93,-0.005,268.8524887766223,3.5879962836867576,-0.8935513879117368,0.0,262681.46537014854,6289.028948400339,20409391.75597443,401.8259997146597,312.812748428504
1.25,0.93,0.005,268.8524887766223,3.587990326759387,-0.89353721856214,0.0,262681.46008668095,6289.028948432109,20409389.933346592,401.82599168434956,312.8127453027936
1.25,0.93,0.015,268.8524887766223,3.5879962836867576,-0.8935513879117368,0.0,262681.46537014854,6289.028948400339,20409391.75597443,401.8259997146597,312.812748428504
1.25,0.9499999999999998,-0.005,268.84906032225473,3.2584311290026786,-0.834730810327707,0.0,262679.23936798243,6289.028751864088,20409050.151203386,401.82439806703314,312.8121250040669
1.25,0.9499999999999998,0.005,268.84906032225473,3.2584244485841793,-0.8347199451821029,0.0,262679.234054703,6289.028751893511,20409048.31741313,401.8243899862273,312.8121218586954
1.25,0.9499999999999998,0.015,268.84906032225473,3.2584311290026786,-0.834730810327707,0.0,262679.23936798243,6289.028751864088,20409050.151203386,401.82439806703314,312.8121250040669
1.25,0.9699999999999999,-0.005,268.8468555794103,2.9221659342602435,-0.7713873046019872,0.0,262677.44309797947,6289.028543533375,20408827.912551325,401.82331769534494,312.81170448008635
1.25,0.9699999999999999,0.005,268.8468555794103,2.9221584800785587,-0.7713797955018579,0.0,262677.4377798129,6289.028543560432,20408826.076207682,401.8233096020724,312.811701329858
1.25,0.9699999999999999,0.015,268.8468555794103,2.9221659342602435,-0.7713873046019872,0.0,262677.44309797947,6289.028543533375,20408827.912551325,401.82331769534494,312.81170448008635
1.25,0.9899999999999999,-0.005,268.84586909229955,2.5700995012600036,-0.7009334620316927,0.0,262676.1294649701,6289.028502742662,20408730.107467156,401.8228665014666,312.81152885717006
1.25,0.9899999999999999,0.005,268.84586909229955,2.570091265761592,-0.7009293189829118,0.0,262676.12415715784,6289.0285027671935,20408728.27377665,401.82285841867224,312.8115257110185
1.25,0.9899999999999999,0.015,268.84586909229955,2.5700995012600036,-0.7009334620316927,0.0,262676.1294649701,6289.028502742662,20408730.107467156,401.8228665014666,312.81152885717006
1.25,1.01,-0.005,268.84568693810195,1.7422202597157292e-06,-4.751491052427611e-07,0.0,262676.1037636484,6289.037397443379,20408989.970693763,401.82825528104166,312.8136263818091
1.25,1.01,0.005,268.8455047839043,-2.570099501259975,0.7009334620316849,0.0,262676.07806229196,6289.0286309492785,20408698.4443262,401.8227878683204,312.81149824995737
1.25,1.01,0.015,268.84568693810195,1.7422202597157292e-06,-4.751491052427611e-07,0.0,262676.1037636484,6289.037397443379,20408989.970693763,401.82825528104166,312.8136263818091
1.3214285714285712,-0.01,-0.005,269.45736641687256,11.54133276437698,0.0,0.0,262911.5517143675,6289.028145173927,20468570.007644642,402.0865482963496,312.91414767895145
1.3214285714285712,-0.01,0.005,269.45736641687256,11.54133276437698,0.02891508168496262,0.0,262911.5517143675,6289.028144134249,20468569.975090463,402.08654765685225,312.9141474301148
1.3214285714285712,-0.01,0.015,269.45736641687256,11.54133276437698,0.0,0.0,262911.5517143675,6289.028145173927,20468570.007644642,402.0865482963496,312.91414767895145
1.3214285714285712,0.01,-0.005,269.45736641687256,11.54133276437698,-0.02891508168496262,0.0,262911.5517143675,6289.028144134249,20468569.975090463,402.08654765685225,312.9141474301148
1.3214285714285712,0.01,0.005,269.45736641687256,11.541319147478678,-0.02891324363856673,0.0,262911.5584361446,6289.028144197407,20468572.357529946,402.08655817996964,312.9141515247958
1.3214285714285712,0.01,0.015,269.45736641687256,11.54133276437698,-0.02891508168496262,0.0,262911.5517143675,6289.028144134249,20468569.975090463,402.08654765685225,312.9141474301148
1.3214285714285712,0.03,-0.005,269.45614714784136,11.533735897488977,-0.08668363948961628,0.0,262911.1245912087,6289.028146297263,20468450.671581764,402.086023239288,312.9139433723945
1.3214285714285712,0.03,0.005,269.45614714784136,11.533722323919461,-0.08667829470358457,0.0,262911.1312736472,6289.028146360394,20468453.04028279,402.08603370193185,312.91394744354716
1.3214285714285712,0.03,0.015,269.45614714784136,11.533735897488977,-0.08668363948961628,0.0,262911.1245912087,6289.028146297263,20468450.671581764,402.086023239288,312.9139433723945
1.3214285714285712,0.05,-0.005,269.4537119990244,11.518581324615951,-0.14425555967049447,0.0,262910.2721322269,6289.028151288873,20468212.408532254,402.0849762295867,312.9135359668535
1.3214285714285712,0.05,0.005,269.4537119990244,11.518567837820896,-0.14424667642258046,0.0,262910.27876247786,6289.028151351988,20468214.758953303,402.08498661180465,312.9135400067166
1.3214285714285712,0.05,0.015,269.4537119990244,11.518581324615951,-0.14425555967049447,0.0,262910.2721322269,6289.028151288873,20468212.408532254,402.0849762295867,312.9135359668535
1.3214285714285712,0.07,-0.005,269.45007093799,11.495896035716136,-0.20150293649183762,0.0,262908.9977125599,6289.028159021196,20467856.164593343,402.08341088198824,312.9129268680837
1.3214285714285712,0.07,0.005,269.45007093799,11.49588267806526,-0.2014905525211528,0.0,262909.00426478765,6289.028159084287,20467858.487685814,402.0834211439682,312.9129308611683
1.3214285714285712,0.07,0.015,269.45007093799,11.495896035716136,-0.20150293649183762,0.0,262908.9977125599,6289.028159021196,20467856.164593343,402.08341088198824,312.9129268680837
1.3214285714285712,0.09,-0.005,269.4452394012267,11.465694869356803,-0.2582987231485761,0.0,262907.3062461882,6289.028169440097,20467383.450780947,402.0813338048492,312.91211864632083
1.3214285714285712,0.09,0.005,269.4452394012267,11.465681682002607,-0.2582828909205582,0.0,262907.31269487244,6289.028169503156,20467385.737608254,402.081343907268,312.9121225773281
1.3214285714285712,0.09,0.015,269.4452394012267,11.465694869356803,-0.2582987231485761,0.0,262907.3062461882,6289.028169440097,20467383.450780947,402.0813338048492,312.91211864632083
1.3214285714285712,0.11,-0.005,269.43923780829556,11.427990384457393,-0.31451652058077884,0.0,262905.20416350325,6289.028182493805,20466796.266476776,402.07875375232305,312.9111147064094
1.3214285714285712,0.11,0.005,269.43923780829556,11.42797740719719,-0.3144973070519642,0.0,262905.2104835388,6289.028182556826,20466798.508248575,402.0787636564966,312.91111856028874
1.3214285714285712,0.11,0.015,269.43923780829556,11.427990384457393,-0.31451652058077884,0.0,262905.20416350325,6289.028182493805,20466796.266476776,402.07875375232305,312.9111147064094
1.3214285714285712,0.13,-0.005,269.432091453206,11.382795621095697,-0.3700308245948065,0.0,262902.69940950756,6289.028198124973,20466097.088505566,402.0756815730339,312.9099192678625
1.3214285714285712,0.13,0.005,269.432091453206,11.38278289205763,-0.3700083108808915,0.0,262902.7055763026,6289.028198187947,20466099.276612498,402.0756912410683,312.9099230298705
1.3214285714285712,0.13,0.015,269.432091453206,11.382795621095697,-0.3700308245948065,0.0,262902.69940950756,6289.028198124973,20466097.088505566,402.0756815730339,312.9099192678625
1.3214285714285712,0.15,-0.005,269.4238303918046,11.330126033684081,-0.42471730984199657,0.0,262899.8014265767,6289.028216251202,20465288.85945485,402.0721301500361,312.9085373415383
1.3214285714285712,0.15,0.005,269.4238303918046,11.330113589034022,-0.42469159081285224,0.0,262899.8074161492,6289.02821631412,20465290.985502314,402.0721395449758,312.9085409972963
1.3214285714285712,0.15,0.015,269.4238303918046,11.330126033684081,-0.42471730984199657,0.0,262899.8014265767,6289.028216251202,20465288.85945485,402.0721301500361,312.9085373415383
1.3214285714285712,0.17,-0.005,269.41448932624866,11.269999295466473,-0.47845302785171845,0.0,262896.5211220771,6289.028236770867,20464374.976493172,402.068114355151,312.90697471191646
1.3214285714285712,0.17,0.005,269.41448932624866,11.269987169155845,-0.4784242116323684,0.0,262896.5269111502,6289.028236833715,20464377.032334875,402.0681234411252,312.90697824746746
1.3214285714285712,0.17,0.015,269.41448932624866,11.269999295466473,-0.47845302785171845,0.0,262896.5211220771,6289.028236770867,20464374.976493172,402.068114355151,312.90697471191646
1.3214285714285712,0.19,-0.005,269.4041074048762,11.202434644556908,-0.5311165572207609,0.0,262892.8708050074,6289.028259563908,20463359.271741584,402.0636509637936,312.9052379040066
1.3214285714285712,0.19,0.005,269.4041074048762,11.20242286803907,-0.5310847645968695,0.0,262892.87637110305,6289.028259626672,20463361.249512315,402.06365970616037,312.90524130587136
1.3214285714285712,0.19,0.015,269.4041074048762,11.202434644556908,-0.5311165572207609,0.0,262892.8708050074,6289.028259563908,20463359.271741584,402.0636509637936,312.9052379040066
1.3214285714285712,0.21,-0.005,269.392728002553,11.127453118829171,-0.582588208398151,0.0,262888.86412513256,6289.0282844871845,20462245.99055952,402.0587585580885,312.9033341457031
1.3214285714285712,0.21,0.005,269.392728002553,11.127441720755815,-0.582553572156539,0.0,262888.86944665725,6289.028284549847,20462247.8827057,402.05876692356804,312.90333740093183
1.3214285714285712,0.21,0.015,269.392728002553,11.127453118829171,-0.582588208398151,0.0,262888.86412513256,6289.0282844871845,20462245.99055952,402.0587585580885,312.9033341457031
1.3214285714285712,0.23,-0.005,269.38039849946136,11.045076959357404,-0.6327501889907698,0.0,262884.51600514574,6289.028311376718,20461039.769882143,402.0534574335658,312.90127133153703
1.3214285714285712,0.23,0.005,269.38039849946136,11.045065965404666,-0.632712853213655,0.0,262884.5210614971,6289.028311439262,20461041.56919873,402.0534653904033,312.9012744277728
1.3214285714285712,0.23,0.015,269.38039849946136,11.045076959357404,-0.6327501889907698,0.0,262884.51600514574,6289.028311376718,20461039.769882143,402.0534574335658,312.90127133153703
1.3214285714285712,0.25,-0.005,269.3671700486697,10.955329900629884,-0.6814867858220943,0.0,262879.84257672,6289.028340042474,20459745.61523432,402.04776949649334,312.89905798278573
1.3214285714285712,0.25,0.005,269.3671700486697,10.955319333306011,-0.6814469051316424,0.0,262879.84734837525,6289.028340104875,20459747.314895913,402.0477770145947,312.89906090831727
1.3214285714285712,0.25,0.015,269.3671700486697,10.955329900629884,-0.6814867858220943,0.0,262879.84257672,6289.028340042474,20459745.61523432,402.04776949649334,312.89905798278573
1.3214285714285712,0.27,-0.005,269.353097319863,10.858237281742564,-0.7286845232461759,0.0,262874.8611086047,6289.02837026529,20458368.875473395,402.0417181522634,312.89670320410323
1.3214285714285712,0.27,0.005,269.353097319863,10.85822716020561,-0.728642262005051,0.0,262874.8655772059,6289.028370327525,20458370.469063934,402.041725203327,312.89670594791625
1.3214285714285712,0.27,0.015,269.353097319863,10.858237281742564,-0.7286845232461759,0.0,262874.8611086047,6289.02837026529,20458368.875473395,402.0417181522634,312.89670320410323
1.3214285714285712,0.29,-0.005,269.3382382255473,10.753825671946128,-0.7742322841104239,0.0,262869.589925725,6289.028401797045,20456915.215918206,402.03532818820054,312.8942166379794
1.3214285714285712,0.29,0.005,269.3382382255473,10.753816011857358,-0.7741878155881785,0.0,262869.5940741549,6289.028401859089,20456916.69745754,402.0353347458337,312.89421918980185
1.3214285714285712,0.29,0.015,269.3382382255473,10.753825671946128,-0.7742322841104239,0.0,262869.589925725,6289.028401797045,20456915.215918206,402.03532818820054,312.8942166379794
1.3214285714285712,0.31,-0.005,269.32265365881824,10.642122886882122,-0.8180214233528772,0.0,262864.04833559453,6289.028434360139,20455390.59258849,402.0286256609187,312.8916084209682
1.3214285714285712,0.31,0.005,269.32265365881824,10.642113700312636,-0.8179749288660366,0.0,262864.05214805045,6289.02843442196,20455391.956557892,402.0286317007508,312.8916107713143
1.3214285714285712,0.31,0.015,269.32265365881824,10.642122886882122,-0.8180214233528772,0.0,262864.04833559453,6289.028434360139,20455390.59258849,402.0286256609187,312.8916084209682
1.3214285714285712,0.33,-0.005,269.3064071878984,10.52315785161111,-0.8599458591632145,0.0,262858.2565396266,6289.02846764394,20453801.22212046,402.0216377631472,312.88888913192415
1.3214285714285712,0.33,0.005,269.3064071878984,10.523149146933735,-0.8598975271905512,0.0,262858.2600016882,6289.028467705506,20453802.463486355,402.021643262934,312.888891272135
1.3214285714285712,0.33,0.015,269.3064071878984,10.52315785161111,-0.8599458591632145,0.0,262858.2565396266,6289.02846764394,20453801.22212046,402.0216377631472,312.88888913192415
1.3214285714285712,0.35,-0.005,269.28956476159607,10.396960291986506,-0.8999021536132473,0.0,262852.2355478067,6289.028501306366,20452153.55291565,402.01439269836885,312.8860697432761
1.3214285714285712,0.35,0.005,269.28956476159607,10.396952073799477,-0.8998521788966086,0.0,262852.23864649894,6289.02850136764,20452154.667151425,402.0143976380897,312.88607166555784
1.3214285714285712,0.35,0.015,269.28956476159607,10.396960291986506,-0.8999021536132473,0.0,262852.2355478067,6289.028501306366,20452153.55291565,402.01439269836885,312.8860697432761
1.3214285714285712,0.37,-0.005,269.27219441258853,10.263560519883685,-0.9377895780116284,0.0,262846.0070932939,6289.028534974042,20450454.23603776,402.0069195536065,312.8831615715758
1.3214285714285712,0.37,0.005,269.27219441258853,10.263552788966061,-0.9377381606484199,0.0,262846.009817144,6289.028535034983,20450455.219143536,402.0069239155518,312.88316326903316
1.3214285714285712,0.37,0.015,269.27219441258853,10.263560519883685,-0.9377895780116284,0.0,262846.0070932939,6289.028534974042,20450454.23603776,402.0069195536065,312.8831615715758
1.3214285714285712,0.39,-0.005,269.254365954481,10.122989147869749,-0.9735101529048895,0.0,262839.5935450018,6289.028568243397,20448710.09553501,401.99924817002886,312.8801762271929
1.3214285714285712,0.39,0.005,269.254365954481,10.12298190116276,-0.9734574974378496,0.0,262839.5958840914,6289.028568303963,20448710.94405539,401.99925193888,312.88017769386084
1.3214285714285712,0.39,0.015,269.254365954481,10.122989147869749,-0.9735101529048895,0.0,262839.5935450018,6289.028568243397,20448710.09553501,401.99924817002886,312.8801762271929
1.3214285714285712,0.41,-0.005,269.23615068336545,9.975277164089265,-1.0069687019800773,0.0,262833.0178246757,6289.028600680371,20446928.099166542,401.99140901457633,312.87712556440187
1.3214285714285712,0.41,0.005,269.23615068336545,9.97527039470142,-1.0069150164902856,0.0,262833.01977068506,6289.028600740515,20446928.8102061,401.9914121774743,312.877126795272
1.3214285714285712,0.41,0.015,269.23615068336545,9.975277164089265,-1.0069687019800773,0.0,262833.0178246757,6289.028600680371,20446928.099166542,401.99140901457633,312.87712556440187
1.3214285714285712,0.43,-0.005,269.2176210741691,9.820455577095899,-1.0380728505836605,0.0,262826.3033188582,6289.028631822045,20445115.328686293,401.9834330504377,312.8740216310145
1.3214285714285712,0.43,0.005,269.2176210741691,9.820449274333239,-1.038018345792529,0.0,262826.30486510554,6289.028631881717,20445115.899922814,401.98343559704267,312.8740226220585
1.3214285714285712,0.43,0.015,269.2176210741691,9.820455577095899,-1.0380728505836605,0.0,262826.3033188582,6289.028631822045,20445115.328686293,401.9834330504377,312.8740216310145
1.3214285714285712,0.45000000000000007,-0.005,269.19885048550793,9.658555378923198,-1.066733040445518,0.0,262819.4737957079,6289.028661176063,20443278.95089848,401.9753516097507,312.8708766188714
1.3214285714285712,0.45000000000000007,0.005,269.19885048550793,9.658549528294143,-1.06667792882455,0.0,262819.47493718064,6289.028661235209,20443279.380593743,401.975353532291,312.87087736706013
1.3214285714285712,0.45000000000000007,0.015,269.19885048550793,9.658555378923198,-1.066733040445518,0.0,262819.4737957079,6289.028661176063,20443278.95089848,401.9753516097507,312.8708766188714
1.3214285714285712,0.47,-0.005,269.17991286934136,9.489607457577103,-1.0928625216770937,0.0,262812.5533228954,6289.028688220688,20441426.189211484,401.967196268676,312.8677028152504
1.3214285714285712,0.47,0.005,269.17991286934136,9.489602037500863,-1.0928070161818617,0.0,262812.5540562437,6289.0286882792525,20441426.47621979,401.96719756198775,312.86770331856945
1.3214285714285712,0.47,0.015,269.17991286934136,9.489607457577103,-1.0928625216770937,0.0,262812.5533228954,6289.028688220688,20441426.189211484,401.967196268676,312.8677028152504
1.3214285714285712,0.49000000000000005,-0.005,269.1608824835064,9.31364213581303,-1.116377284992038,0.0,262805.56618559215,6289.028712411869,20439564.295701507,401.9589987279223,312.8645125563881
1.3214285714285712,0.49000000000000005,0.005,269.1608824835064,9.313637124378886,-1.1163215989614312,0.0,262805.5665092109,6289.0287124697925,20439564.439475376,401.95899938947485,312.86451281384757
1.3214285714285712,0.49000000000000005,0.015,269.1608824835064,9.31364213581303,-1.116377284992038,0.0,262805.56618559215,6289.028712411869,20439564.295701507,401.9589987279223,312.8645125563881
1.3214285714285712,0.51,-0.005,269.1418336117616,9.130688915210785,-1.1371960002211938,0.0,262798.53680770413,6289.028733187366,20437700.52382886,401.9507906946144,312.86131818151665
1.3214285714285712,0.51,0.005,269.1418336117616,9.13068428709028,-1.1371403462253469,0.0,262798.536721711,6289.028733244587,20437700.524421982,401.9507907245251,312.8613181931573
1.3214285714285712,0.51,0.015,269.1418336117616,9.130688915210785,-1.1371960002211938,0.0,262798.53680770413,6289.028733187366,20437700.52382886,401.9507906946144,312.86131818151665
1.3214285714285712,0.53,-0.005,269.1228402951224,8.940776190783374,-1.155239933593026,0.0,262791.4896764704,6289.0287499714295,20435842.102285825,401.9426037692692,312.85813198888155
1.3214285714285712,0.53,0.005,269.1228402951224,8.940771917390915,-1.1551845226495858,0.0,262791.4891827056,6289.028750027881,20435841.960352473,401.9426031703026,312.8581317557742
1.3214285714285712,0.53,0.015,269.1228402951224,8.940776190783374,-1.155239933593026,0.0,262791.4896764704,6289.0287499714295,20435842.102285825,401.9426037692692,312.85813198888155
1.3214285714285712,0.55,-0.005,269.10397607415126,8.743931796979235,-1.170432955254962,0.0,262784.44927464705,6289.028762171532,20433996.209675144,401.93446933251215,312.85496619164985
1.3214285714285712,0.55,0.005,269.10397607415126,8.743927846621803,-1.1703779960792406,0.0,262784.4483766698,6289.0287622271435,20433995.926468443,401.9344681100735,312.8549657158932
1.3214285714285712,0.55,0.015,269.10397607415126,8.743931796979235,-1.170432955254962,0.0,262784.44927464705,6289.028762171532,20433996.209675144,401.93446933251215,312.85496619164985
1.3214285714285712,0.57,-0.005,269.08531373248286,8.540182233195013,-1.1827013729739027,0.0,262777.44000596285,6289.028769187684,20432169.949712735,401.926418439971,312.8518328769941
1.3214285714285712,0.57,0.005,269.08531373248286,8.540178571234692,-1.1826470712644384,0.0,262777.43870903994,6289.028769242384,20432169.527080238,401.92641660208903,312.85183216170793
1.3214285714285712,0.57,0.015,269.08531373248286,8.540182233195013,-1.1827013729739027,0.0,262777.44000596285,6289.028769187684,20432169.949712735,401.926418439971,312.8518328769941
1.3214285714285712,0.59,-0.005,269.06692510410863,8.32955310240934,-1.1919738644184197,0.0,262770.48614798137,6289.028770417439,20430370.33254502,401.91848174195906,312.8487439748169
1.3214285714285712,0.59,0.005,269.06692510410863,8.329549691501638,-1.1919204221904418,0.0,262770.4844590672,6289.028770471156,20430369.77292122,401.9184792992535,312.84874302412993
1.3214285714285712,0.59,0.015,269.06692510410863,8.32955310240934,-1.1919738644184197,0.0,262770.48614798137,6289.028770417439,20430370.33254502,401.91848174195906,312.8487439748169
1.3214285714285712,0.61,-0.005,269.04888081369876,8.112068830030077,-1.1981812970727768,0.0,262763.61177766754,6289.028765256233,20428604.24937259,401.9106893712816,312.84571121406316
1.3214285714285712,0.61,0.005,269.04888081369876,8.112065630316458,-1.198128912024727,0.0,262763.6097053775,6289.028765308891,20428603.555769026,401.91068633692186,312.8457100330962
1.3214285714285712,0.61,0.015,269.04888081369876,8.112068830030077,-1.1981812970727768,0.0,262763.61177766754,6289.028765256233,20428604.24937259,401.9106893712816,312.84571121406316
1.3214285714285712,0.63,-0.005,269.0312500492701,7.887751767682259,-1.2012564962268166,0.0,262756.840706788,6289.02875311078,20426878.450655993,401.9030708529649,312.8427460875572
1.3214285714285712,0.63,0.005,269.0312500492701,7.8877487369870165,-1.2012053611445253,0.0,262756.8382613643,6289.028753162303,20426877.626649007,401.9030672426168,312.84274468240346
1.3214285714285712,0.63,0.015,269.0312500492701,7.887751767682259,-1.2012564962268166,0.0,262756.840706788,6289.02875311078,20426878.450655993,401.9030708529649,312.8427460875572
1.3214285714285712,0.65,-0.005,269.0141003453925,7.656621788665002,-1.2011340944040643,0.0,262750.196422329,6289.0287334048135,20425199.525119696,401.89565501374005,312.8398598167397
1.3214285714285712,0.65,0.005,269.0141003453925,7.656618882702279,-1.2010843965992617,0.0,262750.1936156006,6289.028733455122,20425198.57483602,401.89565084550384,312.8398581944399
1.3214285714285712,0.65,0.015,269.0141003453925,7.656621788665002,-1.2011340944040643,0.0,262750.196422329,6289.0287334048135,20425199.525119696,401.89565501374005,312.8398598167397
1.3214285714285712,0.67,-0.005,268.99749744762164,7.418697137511388,-1.1977505173124605,0.0,262743.70206000365,6289.028705584791,20423573.886711426,401.88846992651617,312.8370633300168
1.3214285714285712,0.67,0.005,268.99749744762164,7.418694310134952,-1.197702438105907,0.0,262743.6989053379,6289.028705633807,20423572.81481088,401.88846522085123,312.8370614985306
1.3214285714285712,0.67,0.015,268.99749744762164,7.418697137511388,-1.1977505173124605,0.0,262743.70206000365,6289.028705584791,20423573.886711426,401.88846992651617,312.8370633300168
1.3214285714285712,0.69,-0.005,268.9815051153532,7.173994485642531,-1.1910438054140047,0.0,262737.3803528293,6289.028669124152,20422007.755493388,401.88154282731284,312.83436723038665
1.3214285714285712,0.69,0.005,268.9815051153532,7.173991689082564,-1.1909975196579643,0.0,262737.37686507835,6289.028669171795,20422006.567149587,401.881537606954,312.83436519855945
1.3214285714285712,0.69,0.015,268.9815051153532,7.173994485642531,-1.1910438054140047,0.0,262737.3803528293,6289.028669124152,20422007.755493388,401.88154282731284,312.83436723038665
1.3214285714285712,0.71,-0.005,268.9661849520495,6.922528073849599,-1.180953296799137,0.0,262731.2535850019,6289.02862353762,20420507.141531188,401.8749000501434,312.83178177004777
1.3214285714285712,0.71,0.005,268.9661849520495,6.9225252589596495,-1.180908972439213,0.0,262731.2497804421,6289.028623583815,20420505.842410233,401.8748943400076,312.8317795475751
1.3214285714285712,0.71,0.015,268.9661849520495,6.922528073849599,-1.180953296799137,0.0,262731.2535850019,6289.02862353762,20420507.141531188,401.8749000501434,312.83178177004777
1.3214285714285712,0.73,-0.005,268.9515962429776,6.664309324690732,-1.1674193794841263,0.0,262725.3435489996,6289.028568386695,20419077.829245616,401.86856695966947,312.8293168241377
1.3214285714285712,0.73,0.005,268.9515962429776,6.664306441201548,-1.1673771771580579,0.0,262725.33944526577,6289.028568431364,20419076.425482664,401.86856078675305,312.8293144215248
1.3214285714285712,0.73,0.015,268.9515962429776,6.664309324690732,-1.1674193794841263,0.0,262725.3435489996,6289.028568386695,20419077.829245616,401.86856695966947,312.8293168241377
1.3214285714285712,0.75,-0.005,268.9377958179517,6.399347688359512,-1.1503834573215028,0.0,262719.67151592916,6289.028503278171,20417725.36399702,401.86256789034695,312.8269818669952
1.3214285714285712,0.75,0.005,268.9377958179517,6.399344685130862,-1.1503435299914049,0.0,262719.667131943,6289.028503321239,20417723.862171046,401.8625612836153,312.8269792955142
1.3214285714285712,0.75,0.015,268.9377958179517,6.399347688359512,-1.1503834573215028,0.0,262719.67151592916,6289.028503278171,20417725.36399702,401.86256789034695,312.8269818669952
1.3214285714285712,0.77,-0.005,268.9248379188379,6.127650297663893,-1.1297876924151207,0.0,262714.25820595614,6289.028427881111,20416455.03971375,401.8569260989438,312.8247859536252
1.3214285714285712,0.77,0.005,268.9248379188379,6.1276471229411245,-1.129750185034225,0.0,262714.25356184936,6289.028427922505,20416453.44682045,401.85691908921217,312.8247832252689
1.3214285714285712,0.77,0.015,268.9248379188379,6.127650297663893,-1.1297876924151207,0.0,262714.25820595614,6289.028427881111,20416455.03971375,401.8569260989438,312.8247859536252
1.3214285714285712,0.79,-0.005,268.912774071022,5.849221829915746,-1.1055747718275752,0.0,262709.12375796464,6289.028341934093,20415271.88660397,401.85166371277137,312.8227376994949
1.3214285714285712,0.79,0.005,268.912774071022,5.849218431571731,-1.1055398210459226,0.0,262709.1188750025,6289.028341973745,20415270.210028894,401.8516563325871,312.8227348269306
1.3214285714285712,0.79,0.015,268.912774071022,5.849221829915746,-1.1055747718275752,0.0,262709.12375796464,6289.028341934093,20415271.88660397,401.85166371277137,312.8227376994949
1.3214285714285712,0.81,-0.005,268.9016529696607,5.5640646320691936,-1.0776877245722987,0.0,262704.28770487243,6289.028245251146,20414180.660271745,401.8468016834757,312.82084526249275
1.3214285714285712,0.81,0.005,268.9016529696607,5.564060957802778,-1.0776554584748117,0.0,262704.28260538174,6289.028245288989,20414178.907765128,401.8467939670066,312.82084225901923
1.3214285714285712,0.81,0.015,268.9016529696607,5.5640646320691936,-1.0776877245722987,0.0,262704.28770487243,6289.028245251146,20414180.660271745,401.8468016834757,312.82084526249275
1.3214285714285712,0.83,-0.005,268.891520358855,5.272177223743113,-1.0460694256379168,0.0,262699.7689428229,6289.0281377392175,20413185.830514796,401.84235974494015,312.8191163264885
1.3214285714285712,0.83,0.005,268.891520358855,5.272173221407448,-1.0460399635111055,0.0,262699.76365008607,6289.028137775193,20413184.010154355,401.8423517278109,312.81911320597214
1.3214285714285712,0.83,0.015,268.891520358855,5.272177223743113,-1.0460694256379168,0.0,262699.7689428229,6289.0281377392175,20413185.830514796,401.84235974494015,312.8191163264885
1.3214285714285712,0.85,-0.005,268.88241900412356,4.97355660928598,-1.0106627840175753,0.0,262695.5857432092,6289.028019400377,20412291.578758087,401.8383564020299,312.81755809689895
1.3214285714285712,0.85,0.005,268.88241900412356,4.97355222717362,-1.010636236161496,0.0,262695.580281368,6289.02801943443,20412289.698915258,401.83834812117334,312.81755487371566
1.3214285714285712,0.85,0.015,268.88241900412356,4.97355660928598,-1.0106627840175753,0.0,262695.5857432092,6289.028019400377,20412291.578758087,401.8383564020299,312.81755809689895
1.3214285714285712,0.87,-0.005,268.8743885052282,4.6681972488688075,-0.971410318967193,0.0,262691.7556973256,6289.027890328305,20411501.77969031,401.8348088469319,312.8161772680724
1.3214285714285712,0.87,0.005,268.8743885052282,4.668192435949121,-0.9713867865100719,0.0,262691.75009127916,6289.027890360388,20411499.848994907,401.83480034043225,312.8161739570468
1.3214285714285712,0.87,0.015,268.8743885052282,4.6681972488688075,-0.971410318967193,0.0,262691.7556973256,6289.027890328305,20411501.77969031,401.8348088469319,312.8161772680724
1.3214285714285712,0.8899999999999999,-0.005,268.86746514924164,4.356088738067406,-0.928253618461451,0.0,262688.29567926965,6289.027750730628,20410819.987645052,401.83173290879273,312.8149800036364
1.3214285714285712,0.8899999999999999,0.005,268.86746514924164,4.3560834442857885,-0.9282331931447487,0.0,262688.2899545636,6289.027750760702,20410818.01494644,401.8317242157146,312.81497661997497
1.3214285714285712,0.8899999999999999,0.015,268.86746514924164,4.356088738067406,-0.928253618461451,0.0,262688.29567926965,6289.027750730628,20410819.987645052,401.83173290879273,312.8149800036364
1.3214285714285712,0.91,-0.005,268.86168195307636,4.03721652433574,-0.8811332937472348,0.0,262685.22187896556,6289.02760094875,20410249.44144198,401.829143083694,312.81397194811774
1.3214285714285712,0.91,0.005,268.86168195307636,4.037210700843678,-0.8811160576686454,0.0,262685.21606166277,6289.027600976781,20410247.435764454,401.8291342438844,312.81396850733205
1.3214285714285712,0.91,0.015,268.86168195307636,4.03721652433574,-0.8811332937472348,0.0,262685.22187896556,6289.02760094875,20410249.44144198,401.829143083694,312.81397194811774
1.3214285714285712,0.93,-0.005,268.8570684835761,3.711564726007691,-0.8299892977303872,0.0,262682.54977152275,6289.027441457314,20409793.046816546,401.8270524560652,312.81315819631016
1.3214285714285712,0.93,0.005,268.8570684835761,3.7115583253822706,-0.8299753230891208,0.0,262682.5438880748,6289.027441483283,20409791.01731481,401.8270435099565,312.8131547141398
1.3214285714285712,0.93,0.015,268.8570684835761,3.711564726007691,-0.8299892977303872,0.0,262682.54977152275,6289.027441457314,20409793.046816546,401.8270524560652,312.81315819631016
1.3214285714285712,0.95,-0.005,268.8536507687896,3.379121502231207,-0.7747619200976394,0.0,262680.2941185499,6289.027272869274,20409453.367941655,401.82547266296234,312.8125432793297
1.3214285714285712,0.95,0.005,268.8536507687896,3.3791144785452243,-0.7747512689253089,0.0,262680.28819567035,6289.027272893168,20409451.32385713,401.8254636513793,312.8125397716673
1.3214285714285712,0.95,0.015,268.8536507687896,3.379121502231207,-0.7747619200976394,0.0,262680.2941185499,6289.027272869274,20409453.367941655,401.82547266296234,312.8125432793297
1.3214285714285712,0.9699999999999999,-0.005,268.8514514252796,3.0398451220278107,-0.7153831199478212,0.0,262678.4690501999,6289.027096332061,20409232.65228952,401.82441419211403,312.8121312805907
1.3214285714285712,0.9699999999999999,0.005,268.8514514252796,3.0398374310901537,-0.7153758439101667,0.0,262678.4631147545,6289.027096353879,20409230.60291263,401.8244051561049,312.812127763416
1.3214285714285712,0.9699999999999999,0.015,268.8514514252796,3.0398451220278107,-0.7153831199478212,0.0,262678.4690501999,6289.027096332061,20409232.65228952,401.82441419211403,312.8121312805907
1.3214285714285712,0.99,-0.005,268.8504543792077,2.6845839060257437,-0.6495633464631658,0.0,262677.12460424984,6289.027093430704,20409134.99915447,401.82398174472183,312.8119629547971
1.3214285714285712,0.99,0.005,268.8504543792077,2.68457554341243,-0.6495594478960341,0.0,262677.1186721664,6289.027093450375,20409132.9499339,401.82397270834576,312.8119594374777
1.3214285714285712,0.99,0.015,268.8504543792077,2.6845839060257437,-0.6495633464631658,0.0,262677.12460424984,6289.027093430704,20409134.99915447,401.82398174472183,312.8119629547971
1.3214285714285712,1.01,-0.005,268.85027496667595,1.7923301792552033e-06,-4.3367316125851776e-07,0.0,262677.0930781025,6289.036633902504,20409415.29877156,401.8297686828902,312.8142154547133
1.3214285714285712,1.01,0.005,268.8500955541442,-2.6845839060257437,0.6495633464631658,0.0,262677.0615519132,6289.027188775704,20409102.848324787,401.8238852905334,312.81192541096294
1.3214285714285712,1.01,0.015,268.85027496667595,1.7923301792552033e-06,-4.3367316125851776e-07,0.0,262677.0930781025,6289.036633902504,20409415.29877156,401.8297686828902,312.8142154547133
1.3928571428571428,-0.01,-0.005,269.4627684346741,11.69738128553908,0.0,0.0,262914.4666288659,6289.027099403021,20469065.981881578,402.08823366721634,312.9148034778558
1.3928571428571428,-0.01,0.005,269.4627684346741,11.69738128553908,0.027265530980665083,0.0,262914.4666288659,6289.027098478586,20469065.95293518,402.088233098602,312.9148032566011
1.3928571428571428,-0.01,0.015,269.4627684346741,11.69738128553908,0.0,0.0,262914.4666288659,6289.027099403021,20469065.981881578,402.08823366721634,312.9148034778558
1.3928571428571428,0.01,-0.005,269.4627684346741,11.69738128553908,-0.027265530980665083,0.0,262914.4666288659,6289.027098478586,20469065.95293518,402.088233098602,312.9148032566011
1.3928571428571428,0.01,0.005,269.4627684346741,11.697367717836858,-0.027263681701604224,0.0,262914.47398378875,6289.027098534146,20469068.55669805,402.0882445926389,312.91480772907
1.3928571428571428,0.01,0.015,269.4627684346741,11.69738128553908,-0.027265530980665083,0.0,262914.4666288659,6289.027098478586,20469065.95293518,402.088233098602,312.9148032566011
1.3928571428571428,0.03,-0.005,269.4615459013907,11.68974111182316,-0.08173754091022148,0.0,262914.0361786103,6289.027099760334,20468946.30307046,402.08770674561134,312.91459844621016
1.3928571428571428,0.03,0.005,269.4615459013907,11.689727582498795,-0.08173217863325372,0.0,262914.04349025787,6289.027099815868,20468948.89173625,402.08771817319644,312.9146028928248
1.3928571428571428,0.03,0.015,269.4615459013907,11.68974111182316,-0.08173754091022148,0.0,262914.0361786103,6289.027099760334,20468946.30307046,402.08770674561134,312.91459844621016
1.3928571428571428,0.05,-0.005,269.4591041306335,11.67451124360756,-0.13601949224937998,0.0,262913.1771690658,6289.027102963862,20468707.3364503,402.0866558049732,312.9141895119439
1.3928571428571428,0.05,0.005,269.4591041306335,11.674497791100054,-0.13601057991868,0.0,262913.1844232858,6289.027103019376,20468709.905033987,402.0866671442054,312.9141939241851
1.3928571428571428,0.05,0.015,269.4591041306335,11.67451124360756,-0.13601949224937998,0.0,262913.1771690658,6289.027102963862,20468707.3364503,402.0866558049732,312.9141895119439
1.3928571428571428,0.07,-0.005,269.45545323470344,11.651720749193144,-0.18998798812236592,0.0,262911.89304852596,6289.02710798689,20468350.04590405,402.0850845863395,312.91357812994636
1.3928571428571428,0.07,0.005,269.45545323470344,11.651707410758197,-0.18997556358711715,0.0,262911.90021689364,6289.027108042379,20468352.584467407,402.08509579349356,312.9135824908028
1.3928571428571428,0.07,0.015,269.45545323470344,11.651720749193144,-0.18998798812236592,0.0,262911.89304852596,6289.02710798689,20468350.04590405,402.0850845863395,312.91357812994636
1.3928571428571428,0.09,-0.005,269.4506087922855,11.621383611783639,-0.24352032443234545,0.0,262910.1887770997,6289.027114778949,20467875.956489805,402.0829997614192,312.91276689509056
1.3928571428571428,0.09,0.005,269.4506087922855,11.621370423703764,-0.24350444034650792,0.0,262910.1958315431,6289.027114834405,20467878.45521891,402.083010793312,312.91277118776156
1.3928571428571428,0.09,0.015,269.4506087922855,11.621383611783639,-0.24352032443234545,0.0,262910.1887770997,6289.027114778949,20467875.956489805,402.0829997614192,312.91276689509056
1.3928571428571428,0.11,-0.005,269.4445913721569,11.583511880382794,-0.2964943958461065,0.0,262908.07084330096,6289.027123297889,20467287.082512356,402.0804101543656,312.91175923944047
1.3928571428571428,0.11,0.005,269.4445913721569,11.583498877818535,-0.29647511950177186,0.0,262908.0777561942,6289.027123353305,20467289.53174954,402.0804209684967,312.9117634473908
1.3928571428571428,0.11,0.015,269.4445913721569,11.583511880382794,-0.2964943958461065,0.0,262908.07084330096,6289.027123297889,20467287.082512356,402.0804101543656,312.91175923944047
1.3928571428571428,0.13,-0.005,269.4374264757733,11.538118286036488,-0.3487890171163319,0.0,262905.547273257,6289.027133496727,20466585.921438675,402.07732670928215,312.91055941963947
1.3928571428571428,0.13,0.005,269.4374264757733,11.538105502622221,-0.3487664301009292,0.0,262905.55401754676,6289.027133552093,20466588.311727446,402.07733726402984,312.9105635266754
1.3928571428571428,0.13,0.015,269.4374264757733,11.538118286036488,-0.3487890171163319,0.0,262905.547273257,6289.027133496727,20466585.921438675,402.07732670928215,312.91055941963947
1.3928571428571428,0.15,-0.005,269.4291443946808,11.485218098604774,-0.40028424177330235,0.0,262902.62760597,6289.027145308127,20465775.43940924,402.073762419705,312.90917248951047
1.3928571428571428,0.15,0.005,269.4291443946808,11.485205566219738,-0.40025843949433954,0.0,262902.6341552909,6289.027145363428,20465777.761534538,402.07377267450244,312.90917647984816
1.3928571428571428,0.15,0.015,269.4291443946808,11.485218098604774,-0.40028424177330235,0.0,262902.62760597,6289.027145308127,20465775.43940924,402.073762419705,312.90917248951047
1.3928571428571428,0.17,-0.005,269.4197800795684,11.4248286314814,-0.4508615833837567,0.0,262899.32285258436,6289.0271586490335,20464859.058511265,402.0697322755812,312.9076042794695
1.3928571428571428,0.17,0.005,269.4197800795684,11.424816380061376,-0.4508326745393926,0.0,262899.329181367,6289.02715870426,20464861.303537086,402.06974219108133,312.90760813779946
1.3928571428571428,0.17,0.015,269.4197800795684,11.4248286314814,-0.4508615833837567,0.0,262899.32285258436,6289.0271586490335,20464859.058511265,402.0697322755812,312.9076042794695
1.3928571428571428,0.19,-0.005,269.40937294278,11.356968684874266,-0.500404189054539,0.0,262895.645434391,6289.027173420537,20463840.637377243,402.06525317865277,312.9058613636516
1.3928571428571428,0.19,0.005,269.40937294278,11.356956742201339,-0.5003722950346811,0.0,262895.651517971,6289.027173475673,20463842.796684735,402.0652627168948,312.90586507520317
1.3928571428571428,0.19,0.015,269.40937294278,11.356968684874266,-0.500404189054539,0.0,262895.645434391,6289.027173420537,20463840.637377243,402.06525317865277,312.9058613636516
1.3928571428571428,0.21,-0.005,269.39796664237065,11.28165885420791,-0.5487970493988431,0.0,262891.60912456625,6289.027189505033,20462724.449889395,402.06034384829496,312.9039510233257
1.3928571428571428,0.21,0.005,269.39796664237065,11.281647245688507,-0.5487623036254456,0.0,262891.61493928975,6289.027189560062,20462726.515213694,402.06035297286655,312.90395457393015
1.3928571428571428,0.21,0.015,269.39796664237065,11.28165885420791,-0.5487970493988431,0.0,262891.60912456625,6289.027189505033,20462724.449889395,402.06034384829496,312.9039510233257
1.3928571428571428,0.23,-0.005,269.3856088548985,11.198920916424914,-0.5959271675305998,0.0,262887.22897805535,6289.027206767844,20461515.16291725,402.0550247252786,312.9018812095054
1.3928571428571428,0.23,0.005,269.3856088548985,11.198909664897279,-0.5958897147493069,0.0,262887.2345013793,6289.027206822747,20461517.12638268,402.05503340147,312.9018845856559
1.3928571428571428,0.23,0.015,269.3856088548985,11.198920916424914,-0.5959271675305998,0.0,262887.22897805535,6289.027206767844,20461515.16291725,402.0550247252786,312.9018812095054
1.3928571428571428,0.25,-0.005,269.3723510390033,11.108778055365288,-0.6416837413789268,0.0,262882.52126616926,6289.02722505308,20460217.812970493,402.04931786804093,312.8996605026465
1.3928571428571428,0.25,0.005,269.3723510390033,11.10876718142368,-0.6416437369341076,0.0,262882.5264767623,6289.027225107832,20460219.66712373,402.0493260629909,312.8996636915551
1.3928571428571428,0.25,0.015,269.3723510390033,11.108778055365288,-0.6416837413789268,0.0,262882.52126616926,6289.02722505308,20460217.812970493,402.04931786804093,312.8996605026465
1.3928571428571428,0.27,-0.005,269.35824817980887,11.011254946468828,-0.6859583242014106,0.0,262877.5034047335,6289.027244181069,20458837.78102264,402.0432468416733,312.8972980695119
1.3928571428571428,0.27,0.005,269.35824817980887,11.011244467832801,-0.685915933223307,0.0,262877.50828255987,6289.027244235647,20458839.518864,402.0432545245067,312.89730105916266
1.3928571428571428,0.27,0.015,269.35824817980887,11.011254946468828,-0.6859583242014106,0.0,262877.5034047335,6289.027244181069,20458837.78102264,402.0432468416733,312.8972980695119
1.3928571428571428,0.29,-0.005,269.3433585151048,10.906377454562836,-0.7286449550265736,0.0,262872.19387402746,6289.027263948931,20457380.76564896,402.03683660097255,312.8948036177258
1.3928571428571428,0.29,0.005,269.3433585151048,10.906367385410196,-0.7286003515695672,0.0,262872.19840042456,6289.027264003309,20457382.380661458,402.0368437429288,312.8948063969251
1.3928571428571428,0.29,0.015,269.3433585151048,10.906377454562836,-0.7286449550265736,0.0,262872.19387402746,6289.027263948931,20457380.76564896,402.03683660097255,312.8948036177258
1.3928571428571428,0.31,-0.005,269.3277432634372,10.79417250933518,-0.7696402752690029,0.0,262866.6121409194,6289.027284130199,20455852.75632283,402.03011337372027,312.8921873504163
1.3928571428571428,0.31,0.005,269.3277432634372,10.794162860683134,-0.7695936414750012,0.0,262866.6162986818,6289.027284184346,20455854.242499582,402.0301199482741,312.8921899088397
1.3928571428571428,0.31,0.015,269.3277432634372,10.79417250933518,-0.7696402752690029,0.0,262866.6121409194,6289.027284130199,20455852.75632283,402.03011337372027,312.8921873504163
1.3928571428571428,0.33,-0.005,269.3114663238166,10.674668063202448,-0.8088436364235577,0.0,262860.77857306966,6289.027304472384,20454260.00387207,402.02310453042844,312.8894599155879
1.3928571428571428,0.33,0.005,269.3114663238166,10.67465884281477,-0.8087951616355421,0.0,262860.78234652133,6289.0273045262675,20454261.355741393,402.02311051340087,312.8894622438235
1.3928571428571428,0.33,0.015,269.3114663238166,10.674668063202448,-0.8088436364235577,0.0,262860.77857306966,6289.027304472384,20454260.00387207,402.02310453042844,312.8894599155879
1.3928571428571428,0.35,-0.005,269.294593976835,10.547892774249767,-0.8461571847711439,0.0,262854.71435205167,6289.027324698234,20452608.991192542,402.0158384569179,312.8866323565951
1.3928571428571428,0.35,0.005,269.294593976835,10.547883986571204,-0.8461070646310843,0.0,262854.71772711206,6289.027324751817,20452610.203840923,402.0158438265785,312.88663444618317
1.3928571428571428,0.35,0.015,269.294593976835,10.547892774249767,-0.8461571847711439,0.0,262854.71435205167,6289.027324698234,20452608.991192542,402.0158384569179,312.8866323565951
1.3928571428571428,0.37,-0.005,269.27719458325714,10.41387576987318,-0.8814859316345379,0.0,262848.44138647144,6289.027344506299,20450906.403697908,402.00834442533096,312.88371606200025
1.3928571428571428,0.37,0.005,269.27719458325714,10.413867415991179,-0.881434367172245,0.0,262848.4443507152,6289.027344559544,20450907.47279067,402.00834916248954,312.88371790546915
1.3928571428571428,0.37,0.015,269.27719458325714,10.41387576987318,-0.8814859316345379,0.0,262848.44138647144,6289.027344506299,20450906.403697908,402.00834442533096,312.88371606200025
1.3928571428571428,0.39,-0.005,269.25933827754244,10.27264636792878,-0.9147378020987577,0.0,262841.9822235495,6289.027363572076,20449159.09929711,402.0006524632452,312.8807227146892
1.3928571428571428,0.39,0.005,269.25933827754244,10.272638445558052,-0.9146849988177527,0.0,262841.98476625903,6289.0273636249385,20449160.02109665,402.0006565513332,312.88072430558697
1.3928571428571428,0.39,0.015,269.25933827754244,10.27264636792878,-0.9147378020987577,0.0,262841.9822235495,6289.027363572076,20449159.09929711,402.0006524632452,312.8807227146892
1.3928571428571428,0.41,-0.005,269.2410966662642,10.124234115087104,-0.945823689311305,0.0,262835.3599651102,6289.027381548245,20447374.078830127,401.9927932242767,312.8776642415597
1.3928571428571428,0.41,0.005,269.2410966662642,10.124226618576312,-0.9457698562779799,0.0,262835.3620773218,6289.027381600681,20447374.850211706,401.9927966494179,312.8776655744819
1.3928571428571428,0.41,0.015,269.2410966662642,10.124234115087104,-0.945823689311305,0.0,262835.3599651102,6289.027381548245,20447374.078830127,401.9927932242767,312.8776642415597
1.3928571428571428,0.43,-0.005,269.2225425208806,9.968668459735266,-0.9746574625409135,0.0,262828.5981786394,6289.027398066042,20445558.455993425,401.9847978568523,312.8745527624917
1.3928571428571428,0.43,0.005,269.2225425208806,9.968661380095073,-0.9746028114826404,0.0,262828.5998531816,6289.027398118004,20445559.074458316,401.9848006079225,312.8745538331042
1.3928571428571428,0.43,0.015,269.2225425208806,9.968668459735266,-0.9746574625409135,0.0,262828.5981786394,6289.027398066042,20445558.455993425,401.9847978568523,312.8745527624917
1.3928571428571428,0.45000000000000007,-0.005,269.203749479008,9.805978702668192,-1.0011559846008815,0.0,262821.7208131535,6289.02741273526,20443719.42806331,401.9766978757245,312.87140054037684
1.3928571428571428,0.45000000000000007,0.005,269.203749479008,9.805972027620648,-1.001100729017528,0.0,262821.7220446774,6289.027412786696,20443719.89174925,401.9766999443985,312.8714013454346
1.3928571428571428,0.45000000000000007,0.015,269.203749479008,9.805978702668192,-1.0011559846008815,0.0,262821.7208131535,6289.02741273526,20443719.42806331,401.9766978757245,312.87140054037684
1.3928571428571428,0.47,-0.005,269.1847917505993,9.636193981204961,-1.025239114930147,0.0,262814.7521168645,6289.027425144538,20441864.247119736,401.96852503569863,312.86821993200306
1.3928571428571428,0.47,0.005,269.1847917505993,9.636187695221693,-1.0251834692224178,0.0,262814.7529018596,6289.027425195394,20441864.55480604,401.96852641647456,312.8682204693597
1.3928571428571428,0.47,0.015,269.1847917505993,9.636193981204961,-1.025239114930147,0.0,262814.7521168645,6289.027425144538,20441864.247119736,401.96852503569863,312.86821993200306
1.3928571428571428,0.49000000000000005,-0.005,269.1657438258,9.459342744197286,-1.0468296455107675,0.0,262807.7165528138,6289.027434867763,20440000.191628903,401.96031120972043,312.86502334062743
1.3928571428571428,0.49000000000000005,0.005,269.1657438258,9.45933682858548,-1.0467738241338336,0.0,262807.71688962274,6289.027434917984,20440000.342741508,401.96031189994363,312.86502360924436
1.3928571428571428,0.49000000000000005,0.015,269.1657438258,9.459342744197286,-1.0468296455107675,0.0,262807.7165528138,6289.027434867763,20440000.191628903,401.96031120972043,312.86502334062743
1.3928571428571428,0.51,-0.005,269.1466801932181,9.275452434721718,-1.0658532389020006,0.0,262800.63871876744,6289.027441467759,20438134.538969886,401.9520882696904,312.86182316960287
1.3928571428571428,0.51,0.005,269.1466801932181,9.275446868577385,-1.0657974556409602,0.0,262800.6386076079,6289.027441517284,20438134.533585742,401.9520882695744,312.86182316955774
1.3928571428571428,0.51,0.015,269.1466801932181,9.275452434721718,-1.0658532389020006,0.0,262800.63871876744,6289.027441467759,20438134.538969886,401.9520882696904,312.86182316960287
1.3928571428571428,0.53,-0.005,269.1276750687166,9.08454931161019,-1.0822383638184399,0.0,262793.5432719499,6289.027444500661,20436274.539026324,401.943887972164,312.8586317778988
1.3928571428571428,0.53,0.005,269.1276750687166,9.084544071748642,-1.0821828309954105,0.0,262793.5427149111,6289.027444549429,20436274.377872646,401.94388728478884,312.8586315103848
1.3928571428571428,0.53,0.015,269.1276750687166,9.08454931161019,-1.0822383638184399,0.0,262793.5432719499,6289.027444500661,20436274.539026324,401.943887972164,312.8586317778988
1.3928571428571428,0.55,-0.005,269.10880213636545,8.886658929590649,-1.0959162885446685,0.0,262786.4548604591,6289.027443513178,20434427.388752446,401.9357418448192,312.85546143591233
1.3928571428571428,0.55,0.005,269.10880213636545,8.88665398893736,-1.09586121606342,0.0,262786.45386147656,6289.027443561128,20434427.07320327,401.9357404761179,312.85546090323305
1.3928571428571428,0.55,0.015,269.10880213636545,8.886658929590649,-1.0959162885446685,0.0,262786.4548604591,6289.027443513178,20434427.388752446,401.9357418448192,312.85546143591233
1.3928571428571428,0.57,-0.005,269.0901342907544,8.681805432006444,-1.1068209309082684,0.0,262779.3980483395,6289.0274380506335,20432600.207217563,401.9276810800339,312.8523242840397
1.3928571428571428,0.57,0.005,269.0901342907544,8.681800760824384,-1.1067665256497834,0.0,262779.3966131887,6289.027438097699,20432599.739287544,401.927679038767,312.85232348959937
1.3928571428571428,0.57,0.015,269.0901342907544,8.681805432006444,-1.1068209309082684,0.0,262779.3980483395,6289.0274380506335,20432600.207217563,401.9276810800339,312.8523242840397
1.3928571428571428,0.59,-0.005,269.07174342677087,8.470011696209795,-1.1148887603828128,0.0,262772.39726082544,6289.027427661631,20430800.015199654,401.9197364467986,312.8492322983758
1.3928571428571428,0.59,0.005,269.07174342677087,8.470007262303215,-1.114835225527784,0.0,262772.39539709757,6289.027427707745,20430799.397535127,401.91973374451607,312.84923124666454
1.3928571428571428,0.59,0.015,269.07174342677087,8.470011696209795,-1.1148887603828128,0.0,262772.39726082544,6289.027427661631,20430800.015199654,401.9197364467986,312.8492322983758
1.3928571428571428,0.61,-0.005,269.0537001900531,8.251299307845615,-1.1200586648122894,0.0,262765.47671503405,6289.027411898171,20429033.71079491,401.91193818276,312.8461972486748
1.3928571428571428,0.61,0.005,269.0537001900531,8.251295076723094,-1.1200061991954249,0.0,262765.4744321035,6289.027411943269,20429032.946662247,401.9119348337514,312.84619594524924
1.3928571428571428,0.61,0.015,269.0537001900531,8.251299307845615,-1.1200586648122894,0.0,262765.47671503405,6289.027411898171,20429033.71079491,401.91193818276,312.8461972486748
1.3928571428571428,0.63,-0.005,269.03607374864373,8.025687775986277,-1.1222717423294628,0.0,262758.66035509785,6289.027390327177,20427308.047466323,401.9043159023495,312.8432306625643
1.3928571428571428,0.63,0.005,269.03607374864373,8.025683711023015,-1.122220539832186,0.0,262758.6576640826,6289.027390371188,20427307.140737705,401.9043119235829,312.8432291140238
1.3928571428571428,0.63,0.015,269.03607374864373,8.025687775986277,-1.1222717423294628,0.0,262758.66035509785,6289.027390327177,20427308.047466323,401.9043159023495,312.8432306625643
1.3928571428571428,0.65,-0.005,269.0189315750205,7.79319426443984,-1.1214711681111706,0.0,262751.9717926841,6289.027362535137,20425629.61289957,401.8968985050889,312.8403437898226
1.3928571428571428,0.65,0.005,269.0189315750205,7.79319032703522,-1.1214214170904173,0.0,262751.96870639874,6289.027362577996,20425628.56803644,401.8968939161396,312.84034200378187
1.3928571428571428,0.65,0.015,269.0189315750205,7.79319426443984,-1.1214711681111706,0.0,262751.9717926841,6289.027362535137,20425629.61289957,401.8968985050889,312.8403437898226
1.3928571428571428,0.67,-0.005,269.0023392975441,7.553834016264912,-1.1176021081080558,0.0,262745.434273038,6289.027328133122,20424004.814670168,401.8897141140211,312.8375475783757
1.3928571428571428,0.67,0.005,269.0023392975441,7.5538301660716805,-1.1175539908723597,0.0,262745.4308059398,6289.027328174759,20424003.636703983,401.889708936987,312.83754556343155
1.3928571428571428,0.67,0.015,269.0023392975441,7.553834016264912,-1.1176021081080558,0.0,262745.434273038,6289.027328133122,20424004.814670168,401.8897141140211,312.8375475783757
1.3928571428571428,0.69,-0.005,268.98636050792413,7.307620558685143,-1.1106115659355493,0.0,262739.07062585274,6289.027286760285,20422439.861563887,401.8827899941719,312.83485264251794
1.3928571428571428,0.69,0.005,268.98636050792413,7.3076167538155525,-1.1105652582553853,0.0,262739.06679398136,6289.027286800633,20422438.556074657,401.8827842535811,312.8348504082137
1.3928571428571428,0.69,0.015,268.98636050792413,7.307620558685143,-1.1106115659355493,0.0,262739.07062585274,6289.027286760285,20422439.861563887,401.8827899941719,312.83485264251794
1.3928571428571428,0.71,-0.005,268.97105658780384,7.0545648817578295,-1.1004480875379303,0.0,262732.9032179276,6289.027238097291,20420940.747082595,401.87615248531426,312.83226923669565
1.3928571428571428,0.71,0.005,268.97105658780384,7.054561079000401,-1.100403758193151,0.0,262732.8990388375,6289.027238136286,20420939.320175096,401.87614620802054,312.8322667934802
1.3928571428571428,0.71,0.015,268.97105658780384,7.0545648817578295,-1.1004480875379303,0.0,262732.9032179276,6289.027238097291,20420940.747082595,401.87615248531426,312.83226923669565
1.3928571428571428,0.73,-0.005,268.95648654381415,6.79467513430276,-1.087061536759611,0.0,262726.95390854246,6289.027181868142,20419513.23342005,401.86982693121564,312.8298072279183
1.3928571428571428,0.73,0.005,268.95648654381415,6.7946712893455254,-1.0870193471215976,0.0,262726.9494012299,6289.027181905721,20419511.69169797,401.8698201462851,312.82980458710233
1.3928571428571428,0.73,0.015,268.95648654381415,6.79467513430276,-1.087061536759611,0.0,262726.95390854246,6289.027181868142,20419513.23342005,401.86982693121564,312.8298072279183
1.3928571428571428,0.75,-0.005,268.9427068687002,6.527957417445712,-1.070403036201382,0.0,262721.24401892244,6289.027117838736,20418162.83788989,401.8638376181022,312.82747607175503
1.3928571428571428,0.75,0.005,268.9427068687002,6.527953485101318,-1.0703631398480455,0.0,262721.239203746,6289.027117874835,20418161.18842796,401.8638303566913,312.82747324546335
1.3928571428571428,0.75,0.015,268.9427068687002,6.527957417445712,-1.070403036201382,0.0,262721.24401892244,6289.027117838736,20418162.83788989,401.8638376181022,312.82747607175503
1.3928571428571428,0.77,-0.005,268.92977140597276,6.254415405766084,-1.0504247078949027,0.0,262715.7943006452,6289.02704583171,20416894.820209205,401.8582077246399,312.825284792812
1.3928571428571428,0.77,0.005,268.92977140597276,6.25441134020406,-1.0503872502586966,0.0,262715.78919924184,6289.027045866274,20416893.070523545,401.85820001986514,312.82528179393285
1.3928571428571428,0.77,0.015,268.92977140597276,6.254415405766084,-1.0504247078949027,0.0,262715.7943006452,6289.02704583171,20416894.820209205,401.8582077246399,312.825284792812
1.3928571428571428,0.79,-0.005,268.9177312185357,5.974050200547552,-1.0270794368925,0.0,262710.6249035483,6289.026965731666,20415714.169871397,401.85295926770067,312.8232419635677
1.3928571428571428,0.79,0.005,268.9177312185357,5.974045953021084,-1.0270445545004967,0.0,262710.61953872873,6289.026965764642,20415712.327888303,401.8529511545011,312.8232388056994
1.3928571428571428,0.79,0.015,268.9177312185357,5.974050200547552,-1.0270794368925,0.0,262710.6249035483,6289.026965731666,20415714.169871397,401.85295926770067,312.8232419635677
1.3928571428571428,0.81,-0.005,268.9066344702905,5.686860338541647,-1.0003206558354842,0.0,262705.7553479143,6289.0268774884025,20414625.59472666,401.8481130525044,312.8213556849119
1.3928571428571428,0.81,0.005,268.9066344702905,5.686855860940699,-1.0002884765474576,0.0,262705.749743593,6289.02687751974,20414623.66875026,401.8481045674987,312.82135238230717
1.3928571428571428,0.81,0.015,268.9066344702905,5.686860338541647,-1.0003206558354842,0.0,262705.7553479143,6289.0268774884025,20414625.59472666,401.8481130525044,312.8213556849119
1.3928571428571428,0.83,-0.005,268.8965263020106,5.392840799710452,-0.9701019608778447,0.0,262701.20449601935,6289.026781135737,20413633.50948905,401.84368862988106,312.81963356945596
1.3928571428571428,0.83,0.005,268.8965263020106,5.392836046431324,-0.9700726039603198,0.0,262701.19867712515,6289.026781165393,20413631.50816715,401.8436798112175,312.8196301369632
1.3928571428571428,0.83,0.015,268.8965263020106,5.392840799710452,-0.9701019608778447,0.0,262701.20449601935,6289.026781135737,20413633.50948905,401.84368862988106,312.81963356945596
1.3928571428571428,0.85,-0.005,268.88744878958914,5.091984576881656,-0.9363771113774705,0.0,262696.990553484,6289.026676787932,20412742.03160621,401.83970427536855,312.81808273334303
1.3928571428571428,0.85,0.005,268.88744878958914,5.091979502828039,-0.9363506868750258,0.0,262696.98454583494,6289.026676815871,20412739.963891584,401.83969516255377,312.81807918634007
1.3928571428571428,0.85,0.015,268.88744878958914,5.091984576881656,-0.9363771113774705,0.0,262696.990553484,6289.026676787932,20412742.03160621,401.83970427536855,312.81808273334303
1.3928571428571428,0.87,-0.005,268.87944075717303,4.784282465512101,-0.8990997536372104,0.0,262693.1310171336,6289.026564632976,20411954.962832496,401.83617690374234,312.81670976292855
1.3928571428571428,0.87,0.005,268.87944075717303,4.784277026429875,-0.8990763621458759,0.0,262693.12484730064,6289.026564659163,20411952.837935615,401.83616753743183,312.8167061172408
1.3928571428571428,0.87,0.015,268.87944075717303,4.784282465512101,-0.8990997536372104,0.0,262693.1310171336,6289.026564632976,20411954.962832496,401.83617690374234,312.81670976292855
1.3928571428571428,0.89,-0.005,268.87253761846137,4.4697212879224635,-0.8582230104849091,0.0,262689.6426336963,6289.026444949238,20411275.774251875,401.8331220099635,312.8155206917451
1.3928571428571428,0.89,0.005,268.87253761846137,4.469715440441293,-0.8582027429902928,0.0,262689.63632894185,6289.026444973652,20411273.6016196,401.8331124318683,312.8155169636094
1.3928571428571428,0.89,0.015,268.87253761846137,4.4697212879224635,-0.8582230104849091,0.0,262689.6426336963,6289.026444949238,20411275.774251875,401.8331220099635,312.8155206917451
1.3928571428571428,0.9100000000000001,-0.005,268.8667714452845,4.148283275920024,-0.813699168259193,0.0,262686.5414359967,6289.026318133412,20410707.613922242,401.83055371540644,312.81452101844934
1.3928571428571428,0.9100000000000001,0.005,268.8667714452845,4.148276977777668,-0.813682106080949,0.0,262686.53502419323,6289.026318156039,20410705.403209675,401.83054396816755,312.8145172244647
1.3928571428571428,0.9100000000000001,0.015,268.8667714452845,4.148283275920024,-0.813699168259193,0.0,262686.5414359967,6289.026318133412,20410707.613922242,401.83055371540644,312.81452101844934
1.3928571428571428,0.93,-0.005,268.862170865423,3.819949418735829,-0.7654800721810946,0.0,262683.8427301852,6289.026184683095,20410253.296384294,401.82848471247763,312.81371568522206
1.3928571428571428,0.93,0.005,268.862170865423,3.8199426289398786,-0.7654662869489143,0.0,262683.8362397292,6289.026184703929,20410251.057425067,401.8284748395342,312.8137118422987
1.3928571428571428,0.93,0.015,268.862170865423,3.819949418735829,-0.7654800721810946,0.0,262683.8427301852,6289.026184683095,20410253.296384294,401.82848471247763,312.81371568522206
1.3928571428571428,0.95,-0.005,268.8587610865969,3.484704312662944,-0.7135179003179573,0.0,262681.56112547265,6289.026045198319,20409915.305115547,401.82692627549307,312.81310908196343
1.3928571428571428,0.95,0.005,268.8587610865969,3.4846969915879047,-0.7135074538391473,0.0,262681.55458516045,6289.026045217362,20409913.04787897,401.8269163208921,312.8131052072484
1.3928571428571428,0.95,0.015,268.8587610865969,3.484704312662944,-0.7135179003179573,0.0,262681.56112547265,6289.026045198319,20409915.305115547,401.82692627549307,312.81310908196343
1.3928571428571428,0.9699999999999999,-0.005,268.8565639967788,3.142499882231908,-0.6577569236915272,0.0,262679.71066838404,6289.025900950825,20409695.82017609,401.825888653579,312.8127051991904
1.3928571428571428,0.9699999999999999,0.005,268.8565639967788,3.1424919916800347,-0.6577498675910777,0.0,262679.70410724083,6289.025900968088,20409693.554708336,401.8258786617145,312.81270130996586
1.3928571428571428,0.9699999999999999,0.015,268.8565639967788,3.142499882231908,-0.6577569236915272,0.0,262679.71066838404,6289.025900950825,20409695.82017609,401.825888653579,312.8127051991904
1.3928571428571428,0.99,-0.005,268.8555561153529,2.7841858805074686,-0.5961894415901329,0.0,262678.33686611225,6289.025928773078,20409598.068301618,401.8254704298491,312.81254241011425
1.3928571428571428,0.99,0.005,268.8555561153529,2.7841774184182873,-0.596185770995811,0.0,262678.33030095,6289.025928788571,20409595.80036234,401.8254604261934,312.8125385162981
1.3928571428571428,0.99,0.015,268.8555561153529,2.7841858805074686,-0.5961894415901329,0.0,262678.33686611225,6289.025928773078,20409598.068301618,401.8254704298491,312.81254241011425
1.3928571428571428,1.01,-0.005,268.8553806367749,1.8179606831135816e-06,-3.892875731106281e-07,0.0,262678.30105721415,6289.036050816408,20409896.918262158,401.8316165865704,312.81493472680364
1.3928571428571428,1.01,0.005,268.8552051581969,-2.7841858805074686,0.5961894415901329,0.0,262678.2652482692,6289.025997256062,20409565.850389887,401.82536087259393,312.81249976612025
1.3928571428571428,1.01,0.015,268.8553806367749,1.8179606831135816e-06,-3.892875731106281e-07,0.0,262678.30105721415,6289.036050816408,20409896.918262158,401.8316165865704,312.81493472680364
1.464285714285714,-0.01,-0.005,269.46866155220437,11.838083598187461,3.296036392665996e-18,0.0,262917.40766230656,6289.0261659847165,20469613.550019022,402.09019983137284,312.9155685352077
1.464285714285714,-0.01,0.005,269.46866155220437,11.838083598187461,0.025716006399103642,0.0,262917.4076623066,6289.026165162372,20469613.524268683,402.09019932555185,312.9155683383871
1.464285714285714,-0.01,0.015,269.46866155220437,11.838083598187461,3.296036392665996e-18,0.0,262917.40766230656,6289.0261659847165,20469613.550019022,402.09019983137284,312.9155685352077
1.464285714285714,0.01,-0.005,269.4686615522043,11.838083598187463,-0.025716006399103642,0.0,262917.4076623066,6289.026165162372,20469613.52426868,402.09019932555185,312.91556833838706
1.464285714285714,0.01,0.005,269.4686615522043,11.838070185721106,-0.02571414549987094,0.0,262917.415687167,6289.026165210641,20469616.36160195,402.09021184452956,312.915573209661
1.464285714285714,0.01,0.015,269.4686615522043,11.838083598187463,-0.025716006399103642,0.0,262917.4076623066,6289.026165162372,20469613.52426868,402.09019932555185,312.91556833838706
1.464285714285714,0.029999999999999995,-0.005,269.4674362538519,11.830402352519595,-0.0770913118491919,0.0,262916.9742663568,6289.026165729549,20469493.582112506,402.0896713558071,312.9153628993995
1.464285714285714,0.029999999999999995,0.005,269.4674362538519,11.830388973654134,-0.07708593181193606,0.0,262916.98224384646,6289.02616577779,20469496.402935456,402.0896838021151,312.91536774239995
1.464285714285714,0.029999999999999995,0.015,269.4674362538519,11.830402352519595,-0.0770913118491919,0.0,262916.9742663568,6289.026165729549,20469493.582112506,402.0896713558071,312.9153628993995
1.464285714285714,0.05,-0.005,269.46498889080056,11.815102589273742,-0.12828239047627255,0.0,262916.10948796436,6289.02616747108,20469254.022834655,402.0886171303583,312.9149526879732
1.464285714285714,0.05,0.005,269.46498889080056,11.815089277495677,-0.12827344861207746,0.0,262916.11740261066,6289.026167519301,20469256.821714036,402.0886294801263,312.9149574934152
1.464285714285714,0.05,0.015,269.46498889080056,11.815102589273742,-0.12828239047627255,0.0,262916.10948796436,6289.02616747108,20469254.022834655,402.0886171303583,312.9149526879732
1.464285714285714,0.07,-0.005,269.4613297691403,11.792214462893313,-0.17916971653263372,0.0,262914.8168504759,6289.026170271338,20468895.85830827,402.087041036201,312.9143394103387
1.464285714285714,0.07,0.005,269.4613297691403,11.792201250504972,-0.1791572508546341,0.0,262914.8246711625,6289.026170319533,20468898.624381468,402.08705324163725,312.9143441596288
1.464285714285714,0.07,0.015,269.4613297691403,11.792214462893313,-0.17916971653263372,0.0,262914.8168504759,6289.026170271338,20468895.85830827,402.087041036201,312.9143394103387
1.464285714285714,0.09,-0.005,269.45647461816327,11.761750828954966,-0.22963423463891644,0.0,262913.1013596617,6289.026174088789,20468420.628627826,402.0849498152925,312.9135256886899
1.464285714285714,0.09,0.005,269.45647461816327,11.761737747361714,-0.22961829813411072,0.0,262913.1090556433,6289.026174136948,20468423.351162523,402.0849618291739,312.9135303634558
1.464285714285714,0.09,0.015,269.45647461816327,11.761750828954966,-0.22963423463891644,0.0,262913.1013596617,6289.026174088789,20468420.628627826,402.0849498152925,312.9135256886899
1.464285714285714,0.11,-0.005,269.4504441525085,11.72372330297625,-0.27955749755652626,0.0,262910.9695606556,6289.026178892411,20467830.362725724,402.0823523612122,312.9125149820879
1.464285714285714,0.11,0.005,269.4504441525085,11.723710383114307,-0.2795381579761689,0.0,262910.9771017075,6289.026178940525,20467833.03116934,402.0823641371011,312.91251956426237
1.464285714285714,0.11,0.015,269.4504441525085,11.72372330297625,-0.27955749755652626,0.0,262910.9695606556,6289.026178892411,20467830.362725724,402.0823523612122,312.9125149820879
1.464285714285714,0.13,-0.005,269.4432640327872,11.678144016696224,-0.3288220768144796,0.0,262908.4295420804,6289.026184647426,20467127.574036673,402.0792596938401,312.91131157664046
1.464285714285714,0.13,0.005,269.4432640327872,11.678131289000149,-0.32879941626333,0.0,262908.4368986281,6289.0261846954845,20467130.178060815,402.079271186278,312.9113160485371
1.464285714285714,0.13,0.015,269.4432640327872,11.678144016696224,-0.3288220768144796,0.0,262908.4295420804,6289.026184647426,20467127.574036673,402.0792596938401,312.91131157664046
1.464285714285714,0.15,-0.005,269.43496473727083,11.625027863965043,-0.3773118863314779,0.0,262905.49092158553,6289.026191303383,20466315.24751312,402.0756848971925,312.9099205613531
1.464285714285714,0.15,0.005,269.43496473727083,11.625015356780523,-0.3772860007498976,0.0,262905.4980648201,6289.026191351374,20466317.777059536,402.0756960619018,312.9099249057445
1.464285714285714,0.15,0.015,269.43496473727083,11.625027863965043,-0.3773118863314779,0.0,262905.49092158553,6289.026191303383,20466315.24751312,402.0756848971925,312.9099205613531
1.464285714285714,0.17,-0.005,269.42558140677266,11.564391718998191,-0.4249123963682299,0.0,262902.1647942172,6289.02619879727,20465396.824483074,402.07164305503693,312.90834780312156
1.464285714285714,0.17,0.005,269.42558140677266,11.564379458974175,-0.424883395003437,0.0,262902.1716962274,6289.02619884518,20465399.269807167,402.0716538491111,312.9083520033132
1.464285714285714,0.17,0.015,269.42558140677266,11.564391718998191,-0.4249123963682299,0.0,262902.1647942172,6289.02619879727,20465396.824483074,402.07164305503693,312.90834780312156
1.464285714285714,0.19,-0.005,269.4151536521844,11.496253886259012,-0.47151081820937585,0.0,262898.4636718535,6289.026207053424,20464376.18374539,402.0671511684976,312.9065999147222
1.464285714285714,0.19,0.005,269.4151536521844,11.496241898151569,-0.4714788230314362,0.0,262898.4703057412,6289.026207101238,20464378.53545663,402.0671615505787,312.9066039546216
1.464285714285714,0.19,0.015,269.4151536521844,11.496253886259012,-0.47151081820937585,0.0,262898.4636718535,6289.026207053424,20464376.18374539,402.0671511684976,312.9065999147222
1.464285714285714,0.21,-0.005,269.40372534970317,11.420634428639918,-0.5169963124247574,0.0,262894.4014286784,6289.026215981547,20463257.62139519,402.06222806724946,312.9046842203118
1.464285714285714,0.21,0.005,269.40372534970317,11.420622735108799,-0.5169614574879183,0.0,262894.4077686679,6289.026216029249,20463259.870495275,402.06223799769487,312.9046880844934
1.464285714285714,0.21,0.015,269.40372534970317,11.420634428639918,-0.5169963124247574,0.0,262894.4014286784,6289.026215981547,20463257.62139519,402.06222806724946,312.9046842203118
1.464285714285714,0.23,-0.005,269.3913444125596,11.33755456491297,-0.5612601619512569,0.0,262889.99323064816,6289.026225478053,20462045.82844731,402.05689431264926,312.90260871779316
1.464285714285714,0.23,0.005,269.3913444125596,11.337543186344593,-0.5612225926954095,0.0,262889.9992521915,6289.026225525619,20462047.966366988,402.05690375369403,312.9026123915612
1.464285714285714,0.23,0.015,269.3913444125596,11.33755456491297,-0.5612601619512569,0.0,262889.99323064816,6289.026225478053,20462045.82844731,402.05689431264926,312.90260871779316
1.464285714285714,0.25,-0.005,269.3780625514284,11.247036852797773,-0.6041959614302495,0.0,262885.25546902406,6289.0262354227325,20460745.867203493,402.05117209314926,312.9003820381797
1.464285714285714,0.25,0.005,269.3780625514284,11.2470258071502,-0.6041558339276912,0.0,262885.2611489024,6289.026235470144,20460747.885837883,402.0511810090611,312.9003855076289
1.464285714285714,0.25,0.015,269.3780625514284,11.247036852797773,-0.6041959614302495,0.0,262885.25546902406,6289.0262354227325,20460745.867203493,402.05117209314926,312.9003820381797
1.464285714285714,0.27,-0.005,269.3639350161801,11.14910526554113,-0.6456997874847658,0.0,262880.20568782784,6289.026245676632,20459363.145829562,402.0450851124126,312.8980134021216
1.464285714285714,0.27,0.005,269.3639350161801,11.149094568202102,-0.6456572676411768,0.0,262880.21100424585,6289.026245723865,20459365.037571177,402.0450934696371,312.8980166541933
1.464285714285714,0.27,0.015,269.3639350161801,11.14910526554113,-0.6456997874847658,0.0,262880.20568782784,6289.026245676632,20459363.145829562,402.0450851124126,312.8980134021216
1.464285714285714,0.29,-0.005,269.34902031912156,11.043784860130668,-0.6856703373842997,0.0,262874.86250263,6289.026256082844,20457903.39121033,402.0386584712363,312.8955125740212
1.464285714285714,0.29,0.005,269.34902031912156,11.043774523809804,-0.685625600102363,0.0,262874.86743530934,6289.026256129869,20457905.14898155,402.03866623854026,312.89551559655956
1.464285714285714,0.29,0.015,269.34902031912156,11.043784860130668,-0.6856703373842997,0.0,262874.86250263,6289.026256082844,20457903.39121033,402.0386584712363,312.8955125740212
1.464285714285714,0.31,-0.005,269.3333799544481,10.931101614873977,-0.7240090559096608,0.0,262869.24551982793,6289.026266466206,20456372.621403206,402.0319185471631,312.8928898152494
1.464285714285714,0.31,0.005,269.3333799544481,10.931091649522191,-0.7239622842231326,0.0,262869.25005009223,6289.026266512997,20456374.23868582,402.0319256957653,312.8928925970519
1.464285714285714,0.31,0.015,269.3333799544481,10.931101614873977,-0.7240090559096608,0.0,262869.24551982793,6289.026266466206,20456372.621403206,402.0319185471631,312.8928898152494
1.464285714285714,0.33,-0.005,269.3170781003581,10.811082434662692,-0.7606202553312312,0.0,262863.3752523968,6289.026276631778,20454777.11635818,402.02489286582454,312.89015583414044
1.464285714285714,0.33,0.005,269.3170781003581,10.811072847393236,-0.7605716395148304,0.0,262863.3793632484,6289.026276678301,20454778.587220177,402.0248993695137,312.890158365004
1.464285714285714,0.33,0.015,269.3170781003581,10.811082434662692,-0.7606202553312312,0.0,262863.3752523968,6289.026276631778,20454777.11635818,402.02489286582454,312.89015583414044
1.464285714285714,0.35,-0.005,269.3001813165876,10.683754836250065,-0.7954112063559712,0.0,262857.27303179895,6289.026286365703,20453123.38826842,402.01760997174347,312.88732173577404
1.464285714285714,0.35,0.005,269.3001813165876,10.683745631282168,-0.7953609430195838,0.0,262857.2767079892,6289.026286411923,20453124.70738829,402.01761580698667,312.8873240065373
1.464285714285714,0.35,0.015,269.3001813165876,10.683754836250065,-0.7954112063559712,0.0,262857.27303179895,6289.026286365703,20453123.38826842,402.01760997174347,312.88732173577404
1.464285714285714,0.37,-0.005,269.2827582392222,10.549146700936461,-0.8282922147860463,0.0,262850.96091997344,6289.026295436063,20451418.15165877,402.01009929789484,312.8843989712699
1.464285714285714,0.37,0.005,269.2827582392222,10.549137879561647,-0.8282405059595876,0.0,262850.9641480651,6289.026295481944,20451419.31434718,402.0101044439339,312.88440097385063
1.464285714285714,0.37,0.015,269.2827582392222,10.549146700936461,-0.8282922147860463,0.0,262850.96091997344,6289.026295436063,20451418.15165877,402.01009929789484,312.8843989712699
1.464285714285714,0.39,-0.005,269.2648792713424,10.407286004088872,-0.8591766788154812,0.0,262844.4616201019,6289.026303593939,20449668.29307895,402.0023910335323,312.8813992864018
1.464285714285714,0.39,0.005,269.2648792713424,10.407277564657003,-0.8591237310305281,0.0,262844.46438852354,6289.026303639441,20449669.29529771,402.00239547246855,312.88140101383004
1.464285714285714,0.39,0.015,269.2648792713424,10.407286004088872,-0.8591766788154812,0.0,262844.4616201019,6289.026303593939,20449668.29307895,402.0023910335323,312.8813992864018
1.464285714285714,0.41,-0.005,269.24661627860627,10.25820081720011,-0.8879811448988025,0.0,262837.79839152994,6289.026310573986,20447880.84127206,401.9945159937754,312.87833467089126
1.464285714285714,0.41,0.005,269.24661627860627,10.258192755125613,-0.8879271682732884,0.0,262837.8006906231,6289.026310619065,20447881.679650195,401.9945197106414,312.8783361173375
1.464285714285714,0.41,0.015,269.24661627860627,10.25820081720011,-0.8879811448988025,0.0,262837.79839152994,6289.026310573986,20447880.84127206,401.9945159937754,312.87833467089126
1.464285714285714,0.43,-0.005,269.22804227914446,10.101919010926702,-0.9146253248789459,0.0,262830.9949601725,6289.026316095539,20446062.93681048,401.98650548698464,312.87521730683443
1.464285714285714,0.43,0.005,269.22804227914446,10.101911318712698,-0.9145705322105212,0.0,262830.99678222986,6289.0263161401535,20446063.608657517,401.98650846980473,312.8752184676327
1.464285714285714,0.43,0.015,269.22804227914446,10.101919010926702,-0.9146253248789459,0.0,262830.9949601725,6289.026316095539,20446062.93681048,401.98650548698464,312.87521730683443
1.464285714285714,0.45,-0.005,269.2092311417984,9.93846819544855,-0.9390321163337121,0.0,262824.075433517,6289.02631986294,20444221.80253211,401.97839118516265,312.8720595182981
1.464285714285714,0.45,0.005,269.2092311417984,9.938460862729608,-0.9389767222069983,0.0,262824.0767728125,6289.026319907038,20444222.305848375,401.9783934249995,312.8720603899649
1.464285714285714,0.45,0.015,269.2092311417984,9.93846819544855,-0.9390321163337121,0.0,262824.075433517,6289.02631986294,20444221.80253211,401.97839118516265,312.8720595182981
1.464285714285714,0.47000000000000003,-0.005,269.1902572900409,9.767875691179578,-0.9611276068492747,0.0,262817.0642175829,6289.026321566044,20442364.71454788,401.97020499683504,312.86887372187516
1.464285714285714,0.47000000000000003,0.005,269.1902572900409,9.767868704781067,-0.9610718267616563,0.0,262817.06507039344,6289.026321609579,20442365.04803177,401.9702064878239,312.8688743021221
1.464285714285714,0.47000000000000003,0.015,269.1902572900409,9.767875691179578,-0.9611276068492747,0.0,262817.0642175829,6289.026321566044,20442364.71454788,401.97020499683504,312.86887372187516
1.464285714285714,0.49,-0.005,269.1711954081204,9.59016802133552,-0.980841019398607,0.0,262809.9859318265,6289.026320885746,20440498.973632175,401.9619789438664,312.8656723787622
1.464285714285714,0.49,0.005,269.1711954081204,9.590161365349323,-0.980785068908928,0.0,262809.98629644426,6289.026320928665,20440499.136684313,401.9619796832346,312.8656726665045
1.464285714285714,0.49,0.015,269.1711954081204,9.59016802133552,-0.980841019398607,0.0,262809.9859318265,6289.026320885746,20440498.973632175,401.9619789438664,312.8656723787622
1.464285714285714,0.51,-0.005,269.1521201556899,9.405370607484967,-0.9981046578711502,0.0,262802.8653278362,6289.026317497041,20438631.877376053,401.95374504033066,312.86246794763
1.464285714285714,0.51,0.005,269.1521201556899,9.405364263362452,-0.9980487517753149,0.0,262802.86520457314,6289.026317539291,20438631.87010059,401.9537450284052,312.8624679429889
1.464285714285714,0.51,0.015,269.1521201556899,9.405370607484967,-0.9981046578711502,0.0,262802.8653278362,6289.026317497041,20438631.877376053,401.95374504033066,312.86246794763
1.464285714285714,0.53,-0.005,269.1331058937294,9.213507551800845,-1.0128538430980552,0.0,262795.7272127322,6289.026311073151,20436770.693487156,401.9455351768005,312.8592728395945
1.464285714285714,0.53,0.005,269.1331058937294,9.213501498474798,-1.0127981946351865,0.0,262795.7266039194,6289.026311114676,20436770.51669122,401.94553441700793,312.8592725438976
1.464285714285714,0.53,0.015,269.1331058937294,9.213507551800845,-1.0128538430980552,0.0,262795.7272127322,6289.026311073151,20436770.693487156,401.9455351768005,312.8592728395945
1.464285714285714,0.55,-0.005,269.1142264242837,9.014602151469017,-1.025026902797889,0.0,262788.59638068936,6289.026301282974,20434922.634244964,401.9373810064083,312.85609937386994
1.464285714285714,0.55,0.005,269.1142264242837,9.014596365465067,-1.0249717228886335,0.0,262788.5952906624,6289.026301323716,20434922.28943327,401.93737950525264,312.8560987896425
1.464285714285714,0.55,0.015,269.1142264242837,9.014602151469017,-1.025026902797889,0.0,262788.59638068936,6289.026301282974,20434922.634244964,401.9373810064083,312.85609937386994
1.464285714285714,0.57,-0.005,269.0955547315654,8.808676231892168,-1.034565032059254,0.0,262781.4975375197,6289.026287798097,20433094.83139562,401.9293138372767,312.85295973589297
1.464285714285714,0.57,0.005,269.0955547315654,8.808670687451047,-1.0345105285791039,0.0,262781.4959725956,6289.026287838,20433094.3207624,401.9293116043049,312.85295886684486
1.464285714285714,0.57,0.015,269.0955547315654,8.808676231892168,-1.034565032059254,0.0,262781.4975375197,6289.026287798097,20433094.83139562,401.9293138372767,312.85295973589297
1.464285714285714,0.59,-0.005,269.07716275640047,8.595750108672284,-1.0414121840772015,0.0,262774.45523970266,6289.026270296855,20431294.31422554,401.92136453742245,312.8498659402946
1.464285714285714,0.59,0.005,269.07716275640047,8.59574477792831,-1.0413585611702754,0.0,262774.4532081514,6289.026270335861,20431293.64064401,401.921361585181,312.84986479130316
1.464285714285714,0.59,0.015,269.07716275640047,8.595750108672284,-1.0414121840772015,0.0,262774.45523970266,6289.026270296855,20431294.31422554,401.92136453742245,312.8498659402946
1.464285714285714,0.61,-0.005,269.0591211548131,8.375842706458432,-1.0455149622761368,0.0,262767.4938286794,6289.026248464284,20429527.98596292,401.9135634302115,312.8468297901876
1.464285714285714,0.61,0.005,269.0591211548131,8.375837559591213,-1.0454624197021078,0.0,262767.4913406851,6289.026248502335,20429527.152971685,401.91355977418675,312.846828367275
1.464285714285714,0.61,0.015,269.0591211548131,8.375842706458432,-1.0455149622761368,0.0,262767.4938286794,6289.026248464284,20429527.98596292,401.9135634302115,312.8468297901876
1.464285714285714,0.63,-0.005,269.0414990699191,8.148970861953675,-1.0468224284665837,0.0,262760.637365936,6289.026222001794,20427802.60179266,401.90594020144937,312.8438628409765
1.464285714285714,0.63,0.005,269.0414990699191,8.148965867338086,-1.0467711609865937,0.0,262760.63443355146,6289.0262220388295,20427801.61357944,401.9059358599985,312.84386115128234
1.464285714285714,0.63,0.015,269.0414990699191,8.148970861953675,-1.0468224284665837,0.0,262760.637365936,6289.026222001794,20427802.60179266,401.90594020144937,312.8438628409765
1.464285714285714,0.65,-0.005,269.0243639159054,7.915149161344388,-1.0452859737853488,0.0,262753.9095743531,6289.02619063077,20426124.747871242,401.8985238078848,312.8409763647109
1.464285714285714,0.65,0.005,269.0243639159054,7.915144285690274,-1.045236170586379,0.0,262753.90621144534,6289.026190666731,20426123.60925397,401.89851880215326,312.8409744164605
1.464285714285714,0.65,0.015,269.0243639159054,7.915149161344388,-1.0452859737853488,0.0,262753.9095743531,6289.02619063077,20426124.747871242,401.8985238078848,312.8409763647109
1.464285714285714,0.67,-0.005,269.007781212427,7.674390076403342,-1.0408591907742364,0.0,262747.3337966811,6289.026154096849,20424500.82530263,401.8913424078224,312.8381813230396
1.464285714285714,0.67,0.005,269.007781212427,7.674385284960696,-1.0408110349396162,0.0,262747.33001887164,6289.02615413168,20424499.541708123,401.89133676165113,312.83817912550785
1.464285714285714,0.67,0.015,269.007781212427,7.674390076403342,-1.0408591907742364,0.0,262747.3337966811,6289.026154096849,20424500.82530263,401.8913424078224,312.8381813230396
1.464285714285714,0.69,-0.005,268.9918143976976,7.426704254181793,-1.0334977339445386,0.0,262740.93294845626,6289.026112172696,20422937.031987075,401.884423281559,312.83548833619864
1.464285714285714,0.69,0.005,268.9918143976976,7.426699510924344,-1.0334514019587928,0.0,262740.9287730535,6289.026112206341,20422935.609427296,401.88441702138175,312.83548589967023
1.464285714285714,0.69,0.015,268.9918143976976,7.426704254181793,-1.0334977339445386,0.0,262740.93294845626,6289.026112172696,20422937.031987075,401.884423281559,312.83548833619864
1.464285714285714,0.71,-0.005,268.9765246526092,7.172099741453548,-1.023159044413081,0.0,262734.72946940496,6289.026064669423,20421439.34582382,401.87779276184904,312.83290765589993
1.464285714285714,0.71,0.005,268.9765246526092,7.172095009269751,-1.0231147057044248,0.0,262734.7249153297,6289.026064701828,20421437.790869765,401.8777859165769,312.83290499162433
1.464285714285714,0.71,0.015,268.9765246526092,7.172099741453548,-1.023159044413081,0.0,262734.72946940496,6289.026064669423,20421439.34582382,401.87779276184904,312.83290765589993
1.464285714285714,0.73,-0.005,268.9619707343694,6.910581767379354,-1.0098021452917378,0.0,262728.74527819804,6289.026011436573,20420013.50849138,401.8714761614061,312.8304491370623
1.464285714285714,0.73,0.005,268.9619707343694,6.910577008266101,-1.0097599618098614,0.0,262728.7403659036,6289.026011467687,20420011.82824494,401.8714687623052,312.8304462572062
1.464285714285714,0.73,0.015,268.9619707343694,6.910581767379354,-1.0098021452917378,0.0,262728.74527819804,6289.026011436573,20420013.50849138,401.8714761614061,312.8304491370623
1.464285714285714,0.75,-0.005,268.948208837318,6.642153475525104,-0.9933875612444505,0.0,262723.0017413715,6289.025952360876,20418665.01185211,401.8654977113566,312.8281222138035
1.464285714285714,0.75,0.005,268.948208837318,6.6421486507832,-0.9933476870715862,0.0,262722.996492757,6289.025952390652,20418663.21391582,401.86548979191497,312.828119131399
1.464285714285714,0.75,0.015,268.948208837318,6.642153475525104,-0.9933875612444505,0.0,262723.0017413715,6289.025952360876,20418665.01185211,401.8654977113566,312.8281222138035
1.464285714285714,0.77,-0.005,268.9352924565466,6.366815514403607,-0.9738770619696142,0.0,262717.51964012074,6289.025887378691,20417399.085060228,401.8598805092935,312.8259358791666
1.464285714285714,0.77,0.005,268.9352924565466,6.366810584839843,-0.9738396429629438,0.0,262717.5140784394,6289.025887407084,20417397.177505087,401.8598721050798,312.82593260805623
1.464285714285714,0.77,0.015,268.9352924565466,6.366815514403607,-0.9738770619696142,0.0,262717.51964012074,6289.025887378691,20417399.085060228,401.8598805092935,312.8259358791666
1.464285714285714,0.79,-0.005,268.9232722552526,6.084565967068807,-0.9512334401906308,0.0,262712.31913745776,6289.025816479295,20416220.681752104,401.85464646331695,312.8238986632837
1.464285714285714,0.79,0.005,268.9232722552526,6.084560893185488,-0.9511986136489823,0.0,262712.3132872147,6289.025816506266,20416218.673081893,401.85463761182285,312.82389521805925
1.464285714285714,0.79,0.015,268.9232722552526,6.084565967068807,-0.9512334401906308,0.0,262712.31913745776,6289.025816479295,20416220.681752104,401.85464646331695,312.8238986632837
1.464285714285714,0.81,-0.005,268.91219594120037,5.795400483955345,-0.925420315345802,0.0,262707.4197489614,6289.025739706801,20415134.468086213,401.84981623916383,312.822018612742
1.464285714285714,0.81,0.005,268.91219594120037,5.795395226099275,-0.9253882097013826,0.0,262707.41363579803,6289.025739732315,20415132.36719732,401.8498069796275,312.82201500867563
1.464285714285714,0.81,0.015,268.91219594120037,5.795400483955345,-0.925420315345802,0.0,262707.4197489614,6289.025739706801,20415134.468086213,401.84981623916383,312.822018612742
1.464285714285714,0.83,-0.005,268.9021081405274,5.499310990337941,-0.8964017171965699,0.0,262702.8403107038,6289.025657176928,20414144.81097211,401.84540921526605,312.8203032730357
1.464285714285714,0.83,0.005,268.9021081405274,5.4993055089865726,-0.8963724517380719,0.0,262702.83396131115,6289.025657200955,20414142.62712316,401.8453995885375,312.8202995260274
1.464285714285714,0.83,0.015,268.9021081405274,5.499310990337941,-0.8964017171965699,0.0,262702.8403107038,6289.025657176928,20414144.81097211,401.84540921526605,312.8203032730357
1.464285714285714,0.85,-0.005,268.8930503359238,5.1962870643954195,-0.8641420289783807,0.0,262698.5989730887,6289.02556907096,20413255.771901656,401.841443451679,312.81875967641827
1.464285714285714,0.85,0.005,268.8930503359238,5.196281323167723,-0.8641157140641801,0.0,262698.5924151178,6289.02556909348,20413253.51467669,401.84143350005866,312.8187558029333
1.464285714285714,0.85,0.015,268.8930503359238,5.1962870643954195,-0.8641420289783807,0.0,262698.5989730887,6289.02556907096,20413255.771901656,401.841443451679,312.81875967641827
1.464285714285714,0.87,-0.005,268.88506071185776,4.886316687879478,-0.8286058705289211,0.0,262694.7131628459,6289.025475628922,20412471.091652125,401.8379356183811,312.81739431394254
1.464285714285714,0.87,0.005,268.88506071185776,4.886310651248097,-0.8285826070244485,0.0,262694.7064247799,6289.025475649922,20412468.77092202,401.8379253854481,312.8173903309445
1.464285714285714,0.87,0.015,268.88506071185776,4.886316687879478,-0.8286058705289211,0.0,262694.7131628459,6289.025475628922,20412471.091652125,401.8379356183811,312.81739431394254
1.464285714285714,0.89,-0.005,268.87817400558924,4.569384186940551,-0.7897576347250223,0.0,262691.1995398349,6289.025377161245,20411794.176128436,401.83490093746667,312.8162131129106
1.464285714285714,0.89,0.005,268.87817400558924,4.569377816217821,-0.789737513042897,0.0,262691.1926508599,6289.025377180713,20411791.802013293,401.8348904679112,312.8162090377957
1.464285714285714,0.89,0.015,268.87817400558924,4.569384186940551,-0.7897576347250223,0.0,262691.1995398349,6289.025377161245,20411794.176128436,401.83490093746667,312.8162131129106
1.464285714285714,0.9099999999999999,-0.005,268.8724215204386,4.245468786604449,-0.7475610120794761,0.0,262688.0740128506,6289.0252740760425,20411228.098568924,401.8323532050649,312.81522144535836
1.464285714285714,0.9099999999999999,0.005,268.8724215204386,4.245462043933051,-0.7475441126051693,0.0,262688.06700276566,6289.0252740939795,20411225.681399193,401.8323425445171,312.8152172958895
1.464285714285714,0.9099999999999999,0.015,268.8724215204386,4.245468786604449,-0.7475610120794761,0.0,262688.0740128506,6289.0252740760425,20411228.098568924,401.8323532050649,312.81522144535836
1.464285714285714,0.93,-0.005,268.8678310236886,3.914548423919198,-0.7019793401726894,0.0,262685.3517268321,6289.025166855063,20410775.58885379,401.8303047319228,312.8144241048865
1.464285714285714,0.93,0.005,268.8678310236886,3.9145412724763102,-0.701965733108403,0.0,262685.3446259347,6289.0251668714745,20410773.13913052,401.8302939267754,312.8144198991236
1.464285714285714,0.93,0.015,268.8678310236886,3.914548423919198,-0.7019793401726894,0.0,262685.3517268321,6289.025166855063,20410775.58885379,401.8303047319228,312.8144241048865
1.464285714285714,0.9499999999999998,-0.005,268.86442675614865,3.5766039250842114,-0.6529760096588866,0.0,262683.04708597314,6289.02505605511,20410439.03453201,401.82876634794354,312.8138253083877
1.464285714285714,0.9499999999999998,0.005,268.86442675614865,3.5765963292575624,-0.6529657548939617,0.0,262683.03992494044,6289.025056070012,20410436.56288558,401.8287554451701,312.81382106461706
1.464285714285714,0.9499999999999998,0.015,268.86442675614865,3.5766039250842114,-0.6529760096588866,0.0,262683.04708597314,6289.02505605511,20410439.03453201,401.82876634794354,312.8138253083877
1.464285714285714,0.97,-0.005,268.8622295269468,3.2315801182551542,-0.600506489400133,0.0,262681.1739306079,6289.02494301235,20410220.512140956,401.82774787571236,312.8134288803279
1.464285714285714,0.97,0.005,268.8622295269468,3.231572044143754,-0.6004996367068468,0.0,262681.1667403361,6289.024943025766,20410218.029275082,401.8277369226175,312.81342461696477
1.464285714285714,0.97,0.015,268.8622295269468,3.2315801182551542,-0.600506489400133,0.0,262681.1739306079,6289.02494301235,20410220.512140956,401.82774787571236,312.8134288803279
1.464285714285714,0.99,-0.005,268.86121061427957,2.870373413200352,-0.542824180162682,0.0,262679.77195961593,6289.024994559306,20410122.423855726,401.8273394899674,312.81326992095
1.464285714285714,0.99,0.005,268.86121061427957,2.870364858996217,-0.5428207168042376,0.0,262679.76475772064,6289.024994571302,20410119.935816474,401.8273285133191,312.81326564841686
1.464285714285714,0.99,0.015,268.86121061427957,2.870373413200352,-0.542824180162682,0.0,262679.77195961593,6289.024994559306,20410122.423855726,401.8273394899674,312.81326992095
1.464285714285714,1.01,-0.005,268.8610402778786,1.8192059798755029e-06,-3.4403502696017454e-07,0.0,262679.7334185179,6289.035636912563,20410438.03143939,401.83380773846955,312.8157876015846
1.464285714285714,1.01,0.005,268.86086994147763,-2.870373413200352,0.542824180162682,0.0,262679.6948773711,6289.02504220017,20410090.563170712,401.8272215735543,312.8132240233494
1.464285714285714,1.01,0.015,268.8610402778786,1.8192059798755029e-06,-3.4403502696017454e-07,0.0,262679.7334185179,6289.035636912563,20410438.03143939,401.83380773846955,312.8157876015846
1.5357142857142856,-0.01,-0.005,269.47498188435304,11.964034017236154,-1.6479795585083953e-18,0.0,262920.3586984035,6289.025348049782,20470206.558290288,402.09242116741785,312.9164328806602
1.5357142857142856,-0.01,0.005,269.47498188435304,11.964034017236154,0.024282181020341874,0.0,262920.3586984035,6289.025347316588,20470206.535330825,402.09242071642956,312.9164327051761
1.5357142857142856,-0.01,0.015,269.47498188435304,11.964034017236154,-1.6479795585083953e-18,0.0,262920.3586984035,6289.025348049782,20470206.558290288,402.09242116741785,312.9164328806602
1.5357142857142856,0.01,-0.005,269.47498188435304,11.964034017236155,-0.02428218102034187,0.0,262920.3586984035,6289.025347316588,20470206.53533083,402.09242071642956,312.916432705176
1.5357142857142856,0.01,0.005,269.47498188435304,11.964020862741071,-0.024280308639789232,0.0,262920.36742248386,6289.025347358032,20470209.615860038,402.0924343028967,312.9164379918074
1.5357142857142856,0.01,0.015,269.47498188435304,11.964034017236155,-0.02428218102034187,0.0,262920.3586984035,6289.025347316588,20470206.53533083,402.09242071642956,312.916432705176
1.5357142857142856,0.03,-0.005,269.47375449999805,11.956315110721286,-0.07279196534359673,0.0,262919.9227987429,6289.025347331783,20470086.37242405,402.09189152347795,312.9162267907935
1.5357142857142856,0.03,0.005,269.47375449999805,11.956301985222108,-0.07278656867014373,0.0,262919.9314712464,6289.025347373201,20470089.43499193,402.0919050308914,312.9162320466677
1.5357142857142856,0.03,0.015,269.47375449999805,11.956315110721286,-0.07279196534359673,0.0,262919.9227987429,6289.025347331783,20470086.37242405,402.09189152347795,312.9162267907935
1.5357142857142856,0.05,-0.005,269.4713029718425,11.94095279795806,-0.1211225631217092,0.0,262919.0531596974,6289.025347928378,20469846.37003956,402.09083482493634,312.91581561819254
1.5357142857142856,0.05,0.005,269.4713029718425,11.940939730079045,-0.12111359362741751,0.0,262919.061763828,6289.025347969777,20469849.408764444,402.0908482274563,312.91582083325846
1.5357142857142856,0.05,0.015,269.4713029718425,11.94095279795806,-0.1211225631217092,0.0,262919.0531596974,6289.025347928378,20469846.37003956,402.09083482493634,312.91581561819254
1.5357142857142856,0.07,-0.005,269.46763785217206,11.917977138558342,-0.16915762100366055,0.0,262917.7533816013,6289.025348983119,20469487.564428072,402.08925511136954,312.91520093389494
1.5357142857142856,0.07,0.005,269.46763785217206,11.917964155940426,-0.16914511695248538,0.0,262917.76188348175,6289.025349024488,20469490.567498893,402.08926835703267,312.9152060879363
1.5357142857142856,0.07,0.015,269.46763785217206,11.917977138558342,-0.16915762100366055,0.0,262917.7533816013,6289.025348983119,20469487.564428072,402.08925511136954,312.91520093389494
1.5357142857142856,0.09,-0.005,269.4627749564336,11.887399416671391,-0.21678108555778622,0.0,262916.02849144035,6289.025350465613,20469011.50446207,402.08715916848814,312.91438537710724
1.5357142857142856,0.09,0.005,269.4627749564336,11.887386547752222,-0.21676510033024,0.0,262916.03685764637,6289.025350506944,20469014.4602196,402.08717220599397,312.9143904501654
1.5357142857142856,0.09,0.015,269.4627749564336,11.887399416671391,-0.21678108555778622,0.0,262916.02849144035,6289.025350465613,20469011.50446207,402.08715916848814,312.91438537710724
1.5357142857142856,0.11,-0.005,269.4567350821676,11.849230464831772,-0.2638776527251439,0.0,262913.8850672982,6289.025352356505,20468420.227548763,402.08455593247226,312.91337242345054
1.5357142857142856,0.11,0.005,269.4567350821676,11.849217736763975,-0.2638582544391131,0.0,262913.8932649934,6289.025352397787,20468423.124540467,402.0845687114237,312.913377395918
1.5357142857142856,0.11,0.015,269.4567350821676,11.849230464831772,-0.2638776527251439,0.0,262913.8850672982,6289.025352356505,20468420.227548763,402.08455593247226,312.91337242345054
1.5357142857142856,0.13,-0.005,269.44954397973044,11.803482321893334,-0.3103331807356181,0.0,262911.3312447092,6289.025354634137,20467716.25631949,402.0814564696106,312.9121663770711
1.5357142857142856,0.13,0.005,269.44954397973044,11.803469760685692,-0.3103104518379536,0.0,262911.33924177097,6289.02535467536,20467719.083341926,402.0814689406994,312.91217122976366
1.5357142857142856,0.13,0.015,269.44954397973044,11.803482321893334,-0.3103331807356181,0.0,262911.3312447092,6289.025354634137,20467716.25631949,402.0814564696106,312.9121663770711
1.5357142857142856,0.15,-0.005,269.44123225223575,11.75016956015725,-0.3560349483928173,0.0,262908.37670058483,6289.0253572654165,20466902.588496342,402.0778739280285,312.9107723518971
1.5357142857142856,0.15,0.005,269.44123225223575,11.750157190504424,-0.35600898523695784,0.0,262908.38446573634,6289.025357306569,20466905.33464105,402.0778860432359,312.9107770661317
1.5357142857142856,0.15,0.015,269.44123225223575,11.75016956015725,-0.3560349483928173,0.0,262908.37670058483,6289.0253572654165,20466902.588496342,402.0778739280285,312.9107723518971
1.5357142857142856,0.17,-0.005,269.4318351866011,11.68930855536961,-0.40087185795519237,0.0,262905.0325978122,6289.025360207971,20465982.680361167,402.07382346673444,312.9091962440756
1.5357142857142856,0.17,0.005,269.4318351866011,11.689296400495659,-0.40084277028259463,0.0,262905.04010075756,6289.025360249036,20465985.33506177,402.0738351795369,312.9092008017505
1.5357142857142856,0.17,0.015,269.4318351866011,11.68930855536961,-0.40087185795519237,0.0,262905.0325978122,6289.025360207971,20465982.680361167,402.07382346673444,312.9091962440756
1.5357142857142856,0.19,-0.005,269.42139255908023,11.620917057576682,-0.44473464479391633,0.0,262901.3115253982,6289.025363409829,20464960.42764689,402.06932217222885,312.90744469957593
1.5357142857142856,0.19,0.005,269.42139255908023,11.620905139065382,-0.44470255514482865,0.0,262901.3187369503,6289.025363450793,20464962.980723456,402.06933343779343,312.9074490832466
1.5357142857142856,0.19,0.015,269.42139255908023,11.620917057576682,-0.44473464479391633,0.0,262901.3115253982,6289.025363409829,20464960.42764689,402.06932217222885,312.90744469957593
1.5357142857142856,0.21,-0.005,269.40994843048003,11.545014496984757,-0.4875160996611538,0.0,262897.2274440723,6289.025366808341,20463840.145388838,402.06438897024503,312.9055250799024
1.5357142857142856,0.21,0.005,269.40994843048003,11.5450028346095,-0.4874811427234068,0.0,262897.2343362739,6289.025366849186,20463842.58709032,402.06439974561476,312.9055292728536
1.5357142857142856,0.21,0.015,269.40994843048003,11.545014496984757,-0.4875160996611538,0.0,262897.2274440723,6289.025366808341,20463840.145388838,402.06438897024503,312.9055250799024
1.5357142857142856,0.23,-0.005,269.3975509118366,11.461621418909127,-0.5291112554567181,0.0,262892.7956141877,6289.025370330986,20462626.544938955,402.05904452595314,312.9034454233217
1.5357142857142856,0.23,0.005,269.3975509118366,11.461610030483177,-0.5290735773579439,0.0,262892.80216042884,6289.0253703716935,20462628.865983922,402.0590547702262,312.9034494096371
1.5357142857142856,0.23,0.015,269.3975509118366,11.461621418909127,-0.5291112554567181,0.0,262892.7956141877,6289.025370330986,20462626.544938955,402.05904452595314,312.9034454233217
1.5357142857142856,0.25,-0.005,269.38425192107405,11.370759633292923,-0.5694175857832262,0.0,262888.0325281348,6289.0253738928395,20461324.709990244,402.05331113824803,312.90121440378994
1.5357142857142856,0.25,0.005,269.38425192107405,11.37074853453873,-0.5693773433324868,0.0,262888.03870326356,6289.0253739333875,20461326.901605584,402.05332081274776,312.90121816841844
1.5357142857142856,0.25,0.015,269.38425192107405,11.370759633292923,-0.5694175857832262,0.0,262888.0325281348,6289.0253738928395,20461324.709990244,402.05331113824803,312.90121440378994
1.5357142857142856,0.27,-0.005,269.3701069228717,11.272452268914064,-0.6083351836166128,0.0,262882.95583716594,6289.025377394824,20459940.070981007,402.04721262729487,312.89884128725697
1.5357142857142856,0.27,0.005,269.3701069228717,11.272441473348021,-0.6082925435022384,0.0,262882.96161759313,6289.0253774351895,20459942.124938324,402.04722169573023,312.89884481607504
1.5357142857142856,0.27,0.015,269.3701069228717,11.272452268914064,-0.6083351836166128,0.0,262882.95583716594,6289.025377394824,20459940.070981007,402.04721262729487,312.89884128725697
1.5357142857142856,0.29,-0.005,269.3551746504601,11.166723455731798,-0.6457669100918042,0.0,262877.58426987974,6289.025380724462,20458478.377808202,402.0407742158131,312.8963358855349
1.5357142857142856,0.29,0.005,269.3551746504601,11.166712974563941,-0.64572204804245,0.0,262877.58963367617,6289.025380764618,20458480.286457688,402.0407826444282,312.89633916540464
1.5357142857142856,0.29,0.015,269.3551746504601,11.166723455731798,-0.6457669100918042,0.0,262877.58426987974,6289.025380724462,20458478.377808202,402.0407742158131,312.8963358855349
1.5357142857142856,0.31,-0.005,269.33951682007563,11.053598134963325,-0.6816185311259094,0.0,262871.9375498565,6289.025383755819,20456945.6717985,402.0340224066873,312.89370850873456
1.5357142857142856,0.31,0.005,269.33951682007563,11.0535879770222,-0.6815716310413538,0.0,262871.942476843,6289.02538379574,20456947.428100243,402.03403016439927,312.89371152755774
1.5357142857142856,0.31,0.015,269.33951682007563,11.053598134963325,-0.6816185311259094,0.0,262871.9375498565,6289.025383755819,20456945.6717985,402.0340224066873,312.89370850873456
1.5357142857142856,0.33,-0.005,269.3231978339733,10.933102073655503,-0.7157988463711865,0.0,262866.0363118891,6289.025386348272,20455348.256524965,402.02698485487986,312.8909699154842
1.5357142857142856,0.33,0.005,269.3231978339733,10.933092245321674,-0.7157500994290136,0.0,262866.04078371834,6289.025386387925,20455349.85407743,402.0269919134053,312.89097266225116
1.5357142857142856,0.33,0.015,269.3231978339733,10.933102073655503,-0.7157988463711865,0.0,262866.0363118891,6289.025386348272,20455348.256524965,402.02698485487986,312.8909699154842
1.5357142857142856,0.35,-0.005,269.3062844751657,10.805261559729678,-0.7482197878210914,0.0,262859.9020131774,6289.025388347372,20453692.667883854,402.0196902370355,312.8881312622445
1.5357142857142856,0.35,0.005,269.3062844751657,10.805252064887725,-0.7481693915672302,0.0,262859.90601340757,6289.025388386725,20453694.100949492,402.01969657100403,312.88813372707847
1.5357142857142856,0.35,0.015,269.3062844751657,10.805261559729678,-0.7482197878210914,0.0,262859.9020131774,6289.025388347372,20453692.667883854,402.0196902370355,312.8881312622445
1.5357142857142856,0.37,-0.005,269.2888455994196,10.670103150926773,-0.778796503733574,0.0,262853.55684441584,6289.025389585612,20451985.64390465,402.01216811977645,312.8852040521116
1.5357142857142856,0.37,0.005,269.2888455994196,10.670093990935975,-0.7787446611631074,0.0,262853.56035857607,6289.025389624632,20451986.90743258,402.01217370683196,312.88520622630824
1.5357142857142856,0.37,0.015,269.2888455994196,10.670103150926773,-0.778796503733574,0.0,262853.55684441584,6289.025389585612,20451985.64390465,402.01216811977645,312.8852040521116
1.5357142857142856,0.39,-0.005,269.2709518235386,10.52765341415772,-0.8074474241924764,0.0,262847.02363995154,6289.02538988345,20450234.09421082,402.0044488264922,312.8822000830278
1.5357142857142856,0.39,0.005,269.2709518235386,10.527644587839639,-0.8073943428269121,0.0,262847.02665559825,6289.025389922098,20450235.1838564,402.00445364738005,312.8822019590892
1.5357142857142856,0.39,0.015,269.2709518235386,10.52765341415772,-0.8074474241924764,0.0,262847.02363995154,6289.02538988345,20450234.09421082,402.0044488264922,312.8822000830278
1.5357142857142856,0.41,-0.005,269.2526752184134,10.377938893562176,-0.8340943195336915,0.0,262840.32579164195,6289.025389049914,20448445.069941387,401.9965633058555,312.87913139665886
1.5357142857142856,0.41,0.005,269.2526752184134,10.377930397206415,-0.8340402105009508,0.0,262840.3282984064,6289.025389088154,20448445.982082706,401.9965673444969,312.87913296832227
1.5357142857142856,0.41,0.015,269.2526752184134,10.377938893562176,-0.8340943195336915,0.0,262840.32579164195,6289.025389049914,20448445.069941387,401.9965633058555,312.87913139665886
1.5357142857142856,0.43,-0.005,269.23408899659563,10.22098584414385,-0.8586623258500393,0.0,262833.4871588485,6289.025386883583,20446625.73315555,401.98854299811666,312.8760102263997
1.5357142857142856,0.43,0.005,269.23408899659563,10.220977671528681,-0.8586074029727014,0.0,262833.4891484752,6289.025386921371,20446626.464906663,401.98854624166813,312.8760114886614
1.5357142857142856,0.43,0.015,269.23408899659563,10.22098584414385,-0.8586623258500393,0.0,262833.4871588485,6289.025386883583,20446625.73315555,401.98854299811666,312.8760102263997
1.5357142857142856,0.45,-0.005,269.2152672079592,10.056820163683584,-0.8810799682907233,0.0,262826.5319826195,6289.025383172908,20444783.32701713,401.98041970439965,312.87284894654186
1.5357142857142856,0.45,0.005,269.2152672079592,10.056812306112645,-0.8810244471878117,0.0,262826.53344899556,6289.025383210201,20444783.876238137,401.98042214330025,312.87284989567485
1.5357142857142856,0.45,0.015,269.2152672079592,10.056820163683584,-0.8810799682907233,0.0,262826.5319826195,6289.025383172908,20444783.32701713,401.98041970439965,312.87284894654186
1.5357142857142856,0.47,-0.005,269.196284441073,9.885467350102436,-0.9012791665306485,0.0,262819.48480186233,6289.025377696906,20442925.14655827,401.97222545859137,312.8696600224416
1.5357142857142856,0.47,0.005,269.196284441073,9.885459796456372,-0.901223263737715,0.0,262819.48574103694,6289.02537773366,20442925.51186202,401.9722270865926,312.86966065600797
1.5357142857142856,0.47,0.015,269.196284441073,9.885467350102436,-0.9012791665306485,0.0,262819.48480186233,6289.025377696906,20442925.14655827,401.97222545859137,312.8696600224416
1.5357142857142856,0.48999999999999994,-0.005,269.17721552673135,9.706952013280365,-0.9191951884664755,0.0,262812.3703672866,6289.025370229753,20441058.50978529,401.963992402461,312.86645596193813
1.5357142857142856,0.48999999999999994,0.005,269.17721552673135,9.706944750083478,-0.9191391205783302,0.0,262812.3707774817,6289.025370265921,20441058.69054093,401.9639932166454,312.8664562787961
1.5357142857142856,0.48999999999999994,0.015,269.17721552673135,9.706952013280365,-0.9191951884664755,0.0,262812.3703672866,6289.025370229753,20441058.50978529,401.963992402461,312.86645596193813
1.5357142857142856,0.51,-0.005,269.1581352502431,9.521297588762469,-0.9347666023309711,0.0,262805.21355935035,6289.025360543279,20439190.729585655,401.9557526631702,312.86324926769447
1.5357142857142856,0.51,0.005,269.1581352502431,9.521290600262263,-0.9347105851707194,0.0,262805.2134409618,6289.025360578815,20439190.72591883,401.955752663954,312.86324926799955
1.5357142857142856,0.51,0.015,269.1581352502431,9.521297588762469,-0.9347666023309711,0.0,262805.21355935035,6289.025360543279,20439190.729585655,401.9557526631702,312.86324926769447
1.5357142857142856,0.53,-0.005,269.13911807461017,9.328526119467803,-0.9479352167752705,0.0,262798.03931059816,6289.02534841048,20437329.086741667,401.9475382360067,312.86005239156253
1.5357142857142856,0.53,0.005,269.13911807461017,9.328519387728553,-0.9478794645931451,0.0,262798.03866618697,6289.025348445333,20437328.899531487,401.94753742712777,312.8600520767629
1.5357142857142856,0.53,0.015,269.13911807461017,9.328526119467803,-0.9479352167752705,0.0,262798.03931059816,6289.02534841048,20437329.086741667,401.9475382360067,312.86005239156253
1.5357142857142856,0.55,-0.005,269.12023787836046,9.128658741351321,-0.9586460618996177,0.0,262790.87253655767,6289.025333603351,20435480.80420995,401.93938086984826,312.8568776900038
1.5357142857142856,0.55,0.005,269.12023787836046,9.128652246356516,-0.9585907866042641,0.0,262790.8713708338,6289.025333637474,20435480.43508288,401.9393792583422,312.85687706283113
1.5357142857142856,0.55,0.015,269.12023787836046,9.128658741351321,-0.9586460618996177,0.0,262790.87253655767,6289.025333603351,20435480.80420995,401.93938086984826,312.8568776900038
1.5357142857142856,0.57,-0.005,269.10156769519466,8.921715055683627,-0.9668472583748471,0.0,262783.7380597879,6289.025315898871,20433653.021842256,401.93131195832984,312.85373738172143
1.5357142857142856,0.57,0.005,269.10156769519466,8.921708775447279,-0.9667926687998699,0.0,262783.73637958313,6289.025315932214,20433652.473162748,401.93130955448987,312.85373644617556
1.5357142857142856,0.57,0.015,269.10156769519466,8.921715055683627,-0.9668472583748471,0.0,262783.7380597879,6289.025315898871,20433653.021842256,401.93131195832984,312.85373738172143
1.5357142857142856,0.59,-0.005,269.0831794774648,8.707713003684464,-0.9724899069758413,0.0,262776.660544662,6289.0252950821705,20431852.773358785,401.923362439468,312.8506435085772
1.5357142857142856,0.59,0.005,269.0831794774648,8.707706914397935,-0.9724362081843089,0.0,262776.658358896,6289.025295114683,20431852.04821715,401.9233592567933,312.85064226990596
1.5357142857142856,0.59,0.015,269.0831794774648,8.707713003684464,-0.9724899069758413,0.0,262776.660544662,6289.0252950821705,20431852.773358785,401.923362439468,312.8506435085772
1.5357142857142856,0.61,-0.005,269.06514385934304,8.486669050631257,-0.9755279914723004,0.0,262769.66443364054,6289.0252709466,20430086.963202413,401.9155626931609,312.84760789567434
1.5357142857142856,0.61,0.005,269.06514385934304,8.486663126797584,-0.9754753840959987,0.0,262769.6617532778,6289.0252709782335,20430086.065399658,401.91555874829163,312.84760636034827
1.5357142857142856,0.61,0.015,269.06514385934304,8.486669050631257,-0.9755279914723004,0.0,262769.66443364054,6289.0252709466,20430086.963202413,401.9155626931609,312.84760789567434
1.5357142857142856,0.63,-0.005,269.04752992902587,8.258597552485012,-0.9759181982996824,0.0,262762.77388211654,6289.025243301447,20428362.344523538,401.9079424472071,312.8446421147498
1.5357142857142856,0.63,0.005,269.04752992902587,8.258591767054249,-0.9758668779173834,0.0,262762.7707201153,6289.02524333215,20428361.278553344,401.9079377598472,312.8446402904322
1.5357142857142856,0.63,0.015,269.04752992902587,8.258597552485012,-0.9759181982996824,0.0,262762.77388211654,6289.025243301447,20428362.344523538,401.9079424472071,312.8446421147498
1.5357142857142856,0.65,-0.005,269.0304050149973,8.023510658728144,-0.9736197854432209,0.0,262756.0127005045,6289.025211974704,20426685.498393055,401.90053068628237,312.84175744871146
1.5357142857142856,0.65,0.005,269.0304050149973,8.023504983225372,-0.9735699419985143,0.0,262756.00907175714,6289.02521200443,20426684.269421056,401.9005252791086,312.8417553442234
1.5357142857142856,0.65,0.015,269.0304050149973,8.023510658728144,-0.9736197854432209,0.0,262756.0127005045,6289.025211974704,20426685.498393055,401.90053068628237,312.84175744871146
1.5357142857142856,0.67,-0.005,269.01383450588855,7.781418283254096,-0.9685944338344515,0.0,262749.40430687007,6289.025176816624,20425062.816333264,401.893355575827,312.8389648619742
1.5357142857142856,0.67,0.005,269.01383450588855,7.781412687955111,-0.9685462510970737,0.0,262749.4002281382,6289.025176845325,20425061.430174056,401.8933494743899,312.83896248725557
1.5357142857142856,0.67,0.015,269.01383450588855,7.781418283254096,-0.9685944338344515,0.0,262749.40430687007,6289.025176816624,20425062.816333264,401.893355575827,312.8389648619742
1.5357142857142856,0.69,-0.005,268.9978816675948,7.532328416926765,-0.9608061103313756,0.0,262742.97168089886,6289.025137701694,20423500.482536543,401.88644438372927,312.8362749699332
1.5357142857142856,0.69,0.005,268.9978816675948,7.5323228710213925,-0.9607597653940775,0.0,262742.96717073984,6289.025137729329,20423498.945628118,401.88643761634114,312.83627233599947
1.5357142857142856,0.69,0.015,268.9978816675948,7.532328416926765,-0.9608061103313756,0.0,262742.97168089886,6289.025137701694,20423500.482536543,401.88644438372927,312.8362749699332
1.5357142857142856,0.71,-0.005,268.98260746542167,7.276246400994921,-0.9502208084108059,0.0,262736.737314189,6289.025094537919,20422004.456808567,401.8798234086212,312.8336980110068
1.5357142857142856,0.71,0.005,268.98260746542167,7.276240872756609,-0.9501764712239462,0.0,262736.732392877,6289.025094564444,20422002.77618451,401.8798160062345,312.8336951299017
1.5357142857142856,0.71,0.015,268.98260746542167,7.276246400994921,-0.9502208084108059,0.0,262736.737314189,6289.025094537919,20422004.456808567,401.8798234086212,312.8336980110068
1.5357142857142856,0.73,-0.005,268.9680703966162,7.0131747920289085,-0.9368063565468321,0.0,262730.72316480364,6289.025047265789,20420580.45820902,401.8735179062764,312.83124381793846
1.5357142857142856,0.73,0.005,268.9680703966162,7.013169248985403,-0.9367641894884859,0.0,262730.7178542439,6289.025047291166,20420578.64146865,401.87350990235325,312.8312407026831
1.5357142857142856,0.73,0.015,268.9680703966162,7.0131747920289085,-0.9368063565468321,0.0,262730.72316480364,6289.025047265789,20420580.45820902,401.8735179062764,312.83124381793846
1.5357142857142856,0.75,-0.005,268.95432635029135,6.743114024655308,-0.9205323156695062,0.0,262724.9506255335,6289.024995857478,20419233.951383233,401.86755202795274,312.82892179374454
1.5357142857142856,0.75,0.005,268.95432635029135,6.743108433762416,-0.9204924731496913,0.0,262724.9449491711,6289.024995881669,20419232.006659694,401.8675434583243,312.8289184582828
1.5357142857142856,0.75,0.015,268.95432635029135,6.743114024655308,-0.9205323156695062,0.0,262724.9506255335,6289.024995857478,20419233.951383233,401.86755202795274,312.82892179374454
1.5357142857142856,0.77,-0.005,268.9414284700714,6.466061975244628,-0.9013697235878046,0.0,262719.4404890404,6289.024940326591,20417970.133490957,401.8619487663687,312.82674089063215
1.5357142857142856,0.77,0.005,268.9414284700714,6.466056303066746,-0.9013323516856536,0.0,262719.4344717634,6289.024940349566,20417968.069417447,401.86193966908684,312.8267373497731
1.5357142857142856,0.77,0.015,268.9414284700714,6.466061975244628,-0.9013697235878046,0.0,262719.4404890404,6289.024940326591,20417970.133490957,401.8619487663687,312.82674089063215
1.5357142857142856,0.79,-0.005,268.92942702176254,6.1820139217261305,-0.8792908765409955,0.0,262714.21291469963,6289.0248807301205,20416793.9213845,401.85672989905385,312.82470958789395
1.5357142857142856,0.79,0.005,268.92942702176254,6.182008134617732,-0.8792561126719044,0.0,262714.2065827377,6289.024880751853,20416791.74705881,401.8567203142353,312.8247058572509
1.5357142857142856,0.79,0.015,268.92942702176254,6.1820139217261305,-0.8792908765409955,0.0,262714.21291469963,6289.0248807301205,20416793.9213845,401.85672989905385,312.82470958789395
1.5357142857142856,0.81,-0.005,268.91836927334316,5.890962676184028,-0.8542691289471588,0.0,262709.28739997925,6289.024817169686,20415709.939970214,401.85191593657606,312.82283587170105
1.5357142857142856,0.81,0.005,268.91836927334316,5.890956740469547,-0.8542371015574876,0.0,262709.280780796,6289.02481719015,20415707.66491741,401.8519059062374,312.82283196762734
1.5357142857142856,0.81,0.015,268.91836927334316,5.890962676184028,-0.8542691289471588,0.0,262709.28739997925,6289.024817169686,20415709.939970214,401.85191593657606,312.82283587170105
1.5357142857142856,0.83,-0.005,268.9082993709223,5.592897370851972,-0.8262785111323392,0.0,262704.682747893,6289.024749804876,20414722.51055251,401.8475260764806,312.8211272171195
1.5357142857142856,0.83,0.005,268.9082993709223,5.592891253004776,-0.8262493394217371,0.0,262704.6758700758,6289.024749824058,20414720.14468643,401.8475156443682,312.8211231566426
1.5357142857142856,0.83,0.015,268.9082993709223,5.592897370851972,-0.8262785111323392,0.0,262704.682747893,6289.024749804876,20414722.51055251,401.8475260764806,312.8211272171195
1.5357142857142856,0.85,-0.005,268.8992582611056,5.287804503186596,-0.7952936218351654,0.0,262700.4170543031,6289.024678846873,20413835.643098123,401.84357816514137,312.819590573208
1.5357142857142856,0.85,0.005,268.8992582611056,5.287798170083444,-0.7952674155213132,0.0,262700.40994745796,6289.024678864759,20413833.196684748,401.84356737656947,312.8195863739663
1.5357142857142856,0.85,0.015,268.8992582611056,5.287804503186596,-0.7952936218351654,0.0,262700.4170543031,6289.024678846873,20413835.643098123,401.84357816514137,312.819590573208
1.5357142857142856,0.87,-0.005,268.8912835732296,4.9756686639009935,-0.761289493512169,0.0,262696.50768068567,6289.024604551944,20413053.024562836,401.8400886422198,312.81823234134777
1.5357142857142856,0.87,0.005,268.8912835732296,4.975662083114274,-0.7612663526047226,0.0,262696.50037535105,6289.024604568531,20413050.50819022,401.8400775439373,312.81822802153846
1.5357142857142856,0.87,0.015,268.8912835732296,4.9756686639009935,-0.761289493512169,0.0,262696.50768068567,6289.024604551944,20413053.024562836,401.8400886422198,312.81823234134777
1.5357142857142856,0.89,-0.005,268.88440948928087,4.656471567897268,-0.7242412812328406,0.0,262692.9712205426,6289.024527230237,20412378.006520264,401.8370724893782,312.81705835523053
1.5357142857142856,0.89,0.005,268.88440948928087,4.656464707668517,-0.7242212957771049,0.0,262692.9637480264,6289.024527245525,20412375.43104231,401.8370611293198,312.81705393351297
1.5357142857142856,0.89,0.015,268.88440948928087,4.656471567897268,-0.7242412812328406,0.0,262692.9712205426,6289.024527230237,20412378.006520264,401.8370724893782,312.81705835523053
1.5357142857142856,0.91,-0.005,268.8786666930932,4.330189704955832,-0.6841236777284355,0.0,262689.82348973444,6289.024447268505,20411813.600947805,401.83454322170564,312.81607387747533
1.5357142857142856,0.91,0.005,268.8786666930932,4.330182534443488,-0.6841069275487843,0.0,262689.8158819701,6289.024447282502,20411810.977434304,401.8345316487706,312.81606937288484
1.5357142857142856,0.91,0.015,268.8786666930932,4.330189704955832,-0.6841236777284355,0.0,262689.82348973444,6289.024447268505,20411813.600947805,401.83454322170564,312.81607387747533
1.5357142857142856,0.9299999999999999,-0.005,268.8740822675525,3.9967981528484184,-0.6409111688653457,0.0,262687.0795136001,6289.0243651057835,20411362.469456457,401.83251282783493,312.81528357627786
1.5357142857142856,0.9299999999999999,0.005,268.8740822675525,3.996790642341933,-0.6408977233127764,0.0,262687.07180300396,6289.024365118504,20411359.80914372,401.83250109166784,312.81527900814024
1.5357142857142856,0.9299999999999999,0.015,268.8740822675525,3.9967981528484184,-0.6409111688653457,0.0,262687.0795136001,6289.0243651057835,20411362.469456457,401.83251282783493,312.81528357627786
1.5357142857142856,0.9499999999999998,-0.005,268.8706796770444,3.656273940330585,-0.5945781591312778,0.0,262684.7535396374,6289.024281235107,20411026.92166441,401.83099176291984,312.81469152263884
1.5357142857142856,0.9499999999999998,0.005,268.8706796770444,3.6562660615130476,-0.5945680769544662,0.0,262684.74575898575,6289.024281246577,20411024.23591257,401.830979913721,312.81468691049645
1.5357142857142856,0.9499999999999998,0.015,268.8706796770444,3.656273940330585,-0.5945781591312778,0.0,262684.7535396374,6289.024281235107,20411026.92166441,401.83099176291984,312.81469152263884
1.5357142857142856,0.97,-0.005,268.86847890241086,3.308555837996452,-0.5450915276614454,0.0,262682.859257957,6289.02419700118,20410808.953341734,401.8299894968206,312.81430140370503
1.5357142857142856,0.97,0.005,268.86847890241086,3.3085475721814617,-0.5450848584884577,0.0,262682.85144030984,6289.0241970114375,20410806.253597826,401.8299775851866,312.8142967672548
1.5357142857142856,0.97,0.015,268.86847890241086,3.308555837996452,-0.5450915276614454,0.0,262682.859257957,6289.02419700118,20410808.953341734,401.8299894968206,312.81430140370503
1.5357142857142856,0.9900000000000001,-0.005,268.8674483058159,2.944627607095883,-0.4909436964653199,0.0,262681.4300145879,6289.02426574498,20410710.26075407,401.8295866547389,312.8141446025711
1.5357142857142856,0.9900000000000001,0.005,268.8674483058159,2.944618951966838,-0.4909404184285455,0.0,262681.4221781396,6289.02426575413,20410707.553276878,401.82957470839665,312.8141399526089
1.5357142857142856,0.9900000000000001,0.015,268.8674483058159,2.944627607095883,-0.4909436964653199,0.0,262681.4300145879,6289.02426574498,20410710.26075407,401.8295866547389,312.8141446025711
1.5357142857142856,1.01,-0.005,268.8672842761937,1.7970596206662818e-06,-2.99615167270092e-07,0.0,262681.39015117264,6289.0353708433195,20411040.94441944,401.83634212200343,312.8167740715081
1.5357142857142856,1.01,0.005,268.8671202465714,-2.944627607095916,0.49094369646532526,0.0,262681.3502877087,6289.024297925045,20410679.153115973,401.82946469270155,312.81409713039073
1.5357142857142856,1.01,0.015,268.8672842761937,1.7970596206662818e-06,-2.99615167270092e-07,0.0,262681.39015117264,6289.0353708433195,20411040.94441944,401.83634212200343,312.8167740715081
1.6071428571428568,-0.01,-0.005,269.48164512894675,12.075962205985125,0.0,0.0,262923.2983918079,6289.024643555467,20470836.69202565,402.0948600704002,312.9173818809695
1.6071428571428568,-0.01,0.005,269.48164512894675,12.075962205985125,0.02297252749471248,0.0,262923.2983918079,6289.024642899233,20470836.671475526,402.09485966674794,312.9173817239048
1.6071428571428568,-0.01,0.015,269.48164512894675,12.075962205985125,0.0,0.0,262923.2983918079,6289.024643555467,20470836.69202565,402.0948600704002,312.9173818809695
1.6071428571428568,0.01,-0.005,269.48164512894675,12.075962205985125,-0.02297252749471248,0.0,262923.2983918079,6289.024642899233,20470836.671475526,402.09485966674794,312.9173817239048
1.6071428571428568,0.01,0.005,269.48164512894675,12.075949407281676,-0.02297064428076157,0.0,262923.3078359493,6289.024642934437,20470840.001897242,402.0948743504036,312.9173874374459
1.6071428571428568,0.01,0.015,269.48164512894675,12.075962205985125,-0.02297252749471248,0.0,262923.2983918079,6289.024642899233,20470836.671475526,402.09485966674794,312.9173817239048
1.6071428571428568,0.030000000000000002,-0.005,269.4804165096901,12.068209952197916,-0.06886491226660164,0.0,262922.860479624,6289.024642512779,20470716.375817224,402.0943297105834,312.9171755131735
1.6071428571428568,0.030000000000000002,0.005,269.4804165096901,12.068197178036977,-0.06885950139212066,0.0,262922.8698679163,6289.024642547954,20470719.686804052,402.09434430870283,312.9171811934355
1.6071428571428568,0.030000000000000002,0.015,269.4804165096901,12.068209952197916,-0.06886491226660164,0.0,262922.860479624,6289.024642512779,20470716.375817224,402.0943297105834,312.9171755131735
1.6071428571428568,0.05,-0.005,269.47796261888266,12.052793652218007,-0.11458231480059233,0.0,262921.9869885996,6289.024642258618,20470476.115912784,402.09327149808075,312.9167637527223
1.6071428571428568,0.05,0.005,269.47796261888266,12.05278092649956,-0.11457332177053521,0.0,262921.996302925,6289.024642293771,20470479.40113616,402.0932859828614,312.91676938889054
1.6071428571428568,0.05,0.015,269.47796261888266,12.052793652218007,-0.11458231480059233,0.0,262921.9869885996,6289.024642258618,20470476.115912784,402.09327149808075,312.9167637527223
1.6071428571428568,0.07,-0.005,269.47429420416313,12.029741545225956,-0.16001090444493693,0.0,262920.68156229146,6289.024642012688,20470116.94762573,402.09168960565466,312.9161482224704
1.6071428571428568,0.07,0.005,269.47429420416313,12.029728892627787,-0.1599983677723817,0.0,262920.69076603063,6289.024642047811,20470120.19432671,402.0917039209642,312.91615379270667
1.6071428571428568,0.07,0.015,269.47429420416313,12.029741545225956,-0.16001090444493693,0.0,262920.68156229146,6289.024642012688,20470116.94762573,402.09168960565466,312.9161482224704
1.6071428571428568,0.09,-0.005,269.46942705032615,11.999063752497605,-0.2050371555234202,0.0,262918.94921911863,6289.024641755846,20469640.41716836,402.0895908124655,312.91533155906416
1.6071428571428568,0.09,0.005,269.46942705032615,11.99905119702382,-0.20502112880972367,0.0,262918.9582761568,6289.024641790929,20469643.61276405,402.08960490294095,312.9153370418295
1.6071428571428568,0.09,0.015,269.46942705032615,11.999063752497605,-0.2050371555234202,0.0,262918.94921911863,6289.024641755846,20469640.41716836,402.0895908124655,312.91533155906416
1.6071428571428568,0.11,-0.005,269.4633820030658,11.960770993352817,-0.24954846916260767,0.0,262916.79656634695,6289.0246414803505,20469048.567032583,402.08698408236154,312.91431724887633
1.6071428571428568,0.11,0.005,269.4633820030658,11.960758558182333,-0.24952902077929331,0.0,262916.8054411945,6289.024641515382,20469051.699157894,402.086997893592,312.9143226230017
1.6071428571428568,0.11,0.015,269.4633820030658,11.960770993352817,-0.24954846916260767,0.0,262916.79656634695,6289.0246414803505,20469048.567032583,402.08698408236154,312.91431724887633
1.6071428571428568,0.13,-0.005,269.4561849020622,11.914874970492626,-0.29343346166804374,0.0,262914.23178104695,6289.0246411776425,20468343.9290051,402.083880527879,312.91310961403065
1.6071428571428568,0.13,0.005,269.4561849020622,11.914862677870184,-0.29341067440386476,0.0,262914.2404389934,6289.0246412126135,20468346.985566083,402.08389400663845,312.9131148588075
1.6071428571428568,0.13,0.015,269.4561849020622,11.914874970492626,-0.29343346166804374,0.0,262914.23178104695,6289.0246411776425,20468343.9290051,402.083880527879,312.91310961403065
1.6071428571428568,0.15,-0.005,269.44786645196126,11.861389771011693,-0.33658222917103797,0.0,262911.2645878951,6289.024640831636,20467529.511278678,402.0802933509902,312.91171378938697
1.6071428571428568,0.15,0.005,269.44786645196126,11.86137764208272,-0.3365561997842573,0.0,262911.27299515775,6289.024640866531,20467532.48050419,402.08030644546403,312.91171888465556
1.6071428571428568,0.15,0.015,269.44786645196126,11.861389771011693,-0.33658222917103797,0.0,262911.2645878951,6289.024640831636,20467529.511278678,402.0802933509902,312.91171378938697
1.6071428571428568,0.17,-0.005,269.43846205184036,11.800331184828881,-0.37888657393898295,0.0,262907.9062034638,6289.0246404198915,20466608.78173839,402.0762377708871,312.9101356944871
1.6071428571428568,0.17,0.005,269.43846205184036,11.800319239487674,-0.3788574126338346,0.0,262907.91432733147,6289.024640454696,20466611.652230095,402.07625043089064,312.9101406207213
1.6071428571428568,0.17,0.015,269.43846205184036,11.800331184828881,-0.37888657393898295,0.0,262907.9062034638,6289.0246404198915,20466608.78173839,402.0762377708871,312.9101356944871
1.6071428571428568,0.19,-0.005,269.4280116006703,11.731716331689363,-0.4202402351021426,0.0,262904.16927701375,6289.024639913389,20465585.64884735,402.0717309406113,312.9083820011666
1.6071428571428568,0.19,0.005,269.4280116006703,11.731704588432885,-0.4202080649364475,0.0,262904.1770859855,6289.024639948091,20465588.409627944,402.07174311780176,312.90838673955614
1.6071428571428568,0.19,0.015,269.4280116006703,11.731716331689363,-0.4202402351021426,0.0,262904.16927701375,6289.024639913389,20465585.64884735,402.0717309406113,312.9083820011666
1.6071428571428568,0.21,-0.005,269.416559293741,11.655563911341352,-0.46053912143668124,0.0,262900.06783600705,6289.0246392759,20464464.44163021,402.0667918595968,312.9064600995803
1.6071428571428568,0.21,0.005,269.416559293741,11.655552387128406,-0.46050407766691775,0.0,262900.07529992453,6289.02463931048,20464467.08218953,402.0668035076751,312.9064646321095
1.6071428571428568,0.21,0.015,269.416559293741,11.655563911341352,-0.46053912143668124,0.0,262900.06783600705,6289.0246392759,20464464.44163021,402.0667918595968,312.9064600995803
1.6071428571428568,0.23,-0.005,269.40415338569494,11.57189368963505,-0.49968151115978093,0.0,262895.6172136783,6289.024638464431,20463249.886417482,402.0614412725226,312.9043780589035
1.6071428571428568,0.23,0.005,269.40415338569494,11.571882399758923,-0.4996437405301794,0.0,262895.6243038521,6289.02463849887,20463252.396756485,402.0614523474266,312.9043823684263
1.6071428571428568,0.23,0.015,269.40415338569494,11.57189368963505,-0.49968151115978093,0.0,262895.6172136783,6289.024638464431,20463249.886417482,402.0614412725226,312.9043780589035
1.6071428571428568,0.25,-0.005,269.3908459449313,11.480726622312375,-0.5375682598308087,0.0,262890.8339807816,6289.024637427303,20461947.082668085,402.055701563006,312.9021445860285
1.6071428571428568,0.25,0.005,269.3908459449313,11.48071558028853,-0.5375279198121518,0.0,262890.84067011095,6289.024637461581,20461949.453340422,402.05571202309335,312.90214865633976
1.6071428571428568,0.25,0.015,269.3908459449313,11.480726622312375,-0.5375682598308087,0.0,262890.8339807816,6289.024637427303,20461947.082668085,402.055701563006,312.9021445860285
1.6071428571428568,0.27,-0.005,269.3766925919461,11.38208488659763,-0.5741029878570785,0.0,262885.7358718241,6289.024636102594,20460561.47722993,402.0495966406126,312.8997689816614
1.6071428571428568,0.27,0.005,269.3766925919461,11.38207410406539,-0.5740602458416121,0.0,262885.74213490856,6289.024636136689,20460563.699380886,402.0496064468322,312.89977279756357
1.6071428571428568,0.27,0.015,269.3766925919461,11.38208488659763,-0.5741029878570785,0.0,262885.7358718241,6289.024636102594,20460561.47722993,402.0495966406126,312.8997689816614
1.6071428571428568,0.29,-0.005,269.3617522195976,11.275991576061744,-0.6091922398969478,0.0,262880.34170327126,6289.02463441894,20459098.836904738,402.0431518215157,312.897261093947
1.6071428571428568,0.29,0.005,269.3617522195976,11.275981062699437,-0.6091472723562255,0.0,262880.3475165148,6289.024634452826,20459100.902307373,402.0431609375672,312.8972646413119
1.6071428571428568,0.29,0.015,269.3617522195976,11.275991576061744,-0.6091922398969478,0.0,262880.34170327126,6289.02463441894,20459098.836904738,402.0431518215157,312.897261093947
1.6071428571428568,0.31,-0.005,269.3460867043204,11.162470501226686,-0.6427456315318482,0.0,262874.6712901172,6289.024632295364,20457565.220098175,402.0363937046434,312.8946312703369
1.6071428571428568,0.31,0.005,269.3460867043204,11.1624602646853,-0.6426986231441305,0.0,262874.67663182394,6289.0246323290185,20457567.121186614,402.0364020971243,312.89463453616344
1.6071428571428568,0.31,0.015,269.3460867043204,11.162470501226686,-0.6427456315318482,0.0,262874.6712901172,6289.024632295364,20457565.220098175,402.0363937046434,312.8946312703369
1.6071428571428568,0.33,-0.005,269.3297606088365,11.04154619694541,-0.6746759859631276,0.0,262868.7453621891,6289.024629640566,20455966.9476232,402.02935004378793,312.8918903078843
1.6071428571428568,0.33,0.005,269.3297606088365,11.04153624279317,-0.6746271287169254,0.0,262868.7502126495,6289.024629673958,20455968.677522723,402.02935768232663,312.8918932803499
1.6071428571428568,0.33,0.015,269.3297606088365,11.04154619694541,-0.6746759859631276,0.0,262868.7453621891,6289.024629640566,20455966.9476232,402.02935004378793,312.8918903078843
1.6071428571428568,0.35,-0.005,269.3128408749395,10.913243631868504,-0.7048994410255832,0.0,262862.5854747789,6289.0246263533745,20454310.572572477,402.0220496161146,312.889049402134
1.6071428571428568,0.35,0.005,269.3128408749395,10.913233963550534,-0.7048489333066621,0.0,262862.5898163481,6289.024626386473,20454312.1251265,402.0220564734908,312.8890520706417
1.6071428571428568,0.35,0.015,269.3128408749395,10.913243631868504,-0.7048994410255832,0.0,262862.5854747789,6289.0246263533745,20454310.572572477,402.0220496161146,312.889049402134
1.6071428571428568,0.37,-0.005,269.29539651332504,10.777587958181183,-0.7333355407003296,0.0,262856.21391915507,6289.024622323577,20452602.849918496,402.0145220895709,312.8861200955796
1.6071428571428568,0.37,0.005,269.29539651332504,10.777578576994655,-0.7332835863686573,0.0,262856.21773632,6289.024622356353,20452604.219712183,402.01452814182016,312.88612245079895
1.6071428571428568,0.37,0.015,269.29539651332504,10.777587958181183,-0.7333355407003296,0.0,262856.21391915507,6289.024622323577,20452602.849918496,402.0145220895709,312.8861200955796
1.6071428571428568,0.39,-0.005,269.27749829007433,10.6346042617353,-0.7599073084864466,0.0,262849.6536322372,6289.024617432735,20450850.705791533,402.00679788877,312.8831142255231
1.6071428571428568,0.39,0.005,269.27749829007433,10.634595166818821,-0.7598541159492981,0.0,262849.6569116752,6289.024617465155,20450851.888172053,402.00680311527464,312.88311625942526
1.6071428571428568,0.39,0.015,269.27749829007433,10.6346042617353,-0.7599073084864466,0.0,262849.6536322372,6289.024617432735,20450850.705791533,402.00679788877,312.8831142255231
1.6071428571428568,0.41,-0.005,269.2592184174737,10.484317499769435,-0.7845413091202136,0.0,262842.9281094968,6289.0246115547425,20449061.207181487,401.9989080625189,312.88004387256706
1.6071428571428568,0.41,0.005,269.2592184174737,10.484308688108719,-0.784487090407658,0.0,262842.930840124,6289.02461158677,20449062.198274806,401.9989124460835,312.88004557845466
1.6071428571428568,0.41,0.015,269.2592184174737,10.484317499769435,-0.7845413091202136,0.0,262842.9281094968,6289.0246115547425,20449061.207181487,401.9989080625189,312.88004387256706
1.6071428571428568,0.43,-0.005,269.2406302399048,10.326752264173402,-0.8071676816456191,0.0,262836.06131468824,6289.024604556535,20447241.53116963,401.99088414922755,312.87692130827656
1.6071428571428568,0.43,0.005,269.2406302399048,10.326743730619043,-0.8071126514938749,0.0,262836.0634876981,6289.024604588133,20447242.327893764,401.99088767613927,312.8769226808068
1.6071428571428568,0.43,0.015,269.2406302399048,10.326752264173402,-0.8071676816456191,0.0,262836.06131468824,6289.024604556535,20447241.53116963,401.99088414922755,312.87692130827656
1.6071428571428568,0.45,-0.005,269.2218079273517,10.161932706439288,-0.8277201655769605,0.0,262829.0775934139,6289.02459629856,20445398.93490659,401.98275804536155,312.8737589440178
1.6071428571428568,0.45,0.005,269.2218079273517,10.161924443738286,-0.8276645405249285,0.0,262829.07920230523,6289.024596329691,20445399.534981444,401.9827607054355,312.8737599792206
1.6071428571428568,0.45,0.015,269.2218079273517,10.161932706439288,-0.8277201655769605,0.0,262829.0775934139,6289.02459629856,20445398.93490659,401.98275804536155,312.8737589440178
1.6071428571428568,0.47000000000000003,-0.005,269.2028261746816,9.989882482701882,-0.8461361076377705,0.0,262822.0015885177,6289.02458663527,20443540.726165596,401.9745618763116,312.87056928073025
1.6071428571428568,0.47000000000000003,0.005,269.2028261746816,9.989874481542088,-0.8460801051415454,0.0,262822.00262911245,6289.024586665894,20443541.128119063,401.97456366291897,312.87056997601906
1.6071428571428568,0.47000000000000003,0.015,269.2028261746816,9.989882482701882,-0.8461361076377705,0.0,262822.0015885177,6289.02458663527,20443540.726165596,401.9745618763116,312.87056928073025
1.6071428571428568,0.49,-0.005,269.1837599029529,9.810624287396227,-0.8623564227651815,0.0,262814.8581532705,6289.024575418903,20441674.234205414,401.96632787005194,312.8673648597756
1.6071428571428568,0.49,0.005,269.1837599029529,9.810616536463604,-0.8623002603348904,0.0,262814.8586237221,6289.02457544898,20441674.437376164,401.96632878013503,312.86736521395363
1.6071428571428568,0.49,0.015,269.1837599029529,9.810624287396227,-0.8623564227651815,0.0,262814.8581532705,6289.024575418903,20441674.234205414,401.96632787005194,312.8673648597756
1.6071428571428568,0.51,-0.005,269.1646839697096,9.624179584683727,-0.8763255515772148,0.0,262807.6722687143,6289.024562501486,20439806.781467214,401.9580882334912,312.8641582148276
1.6071428571428568,0.51,0.005,269.1646839697096,9.624172070730557,-0.8762694459399017,0.0,262807.6721695054,6289.024562530976,20439806.786003884,401.95808826756166,312.864158228087
1.6071428571428568,0.51,0.015,269.1646839697096,9.624179584683727,-0.8763255515772148,0.0,262807.6722687143,6289.024562501486,20439806.781467214,401.9580882334912,312.8641582148276
1.6071428571428568,0.53,-0.005,269.1456728900201,9.43056839123201,-0.8879914037545793,0.0,262800.468965071,6289.024547737589,20437945.65635521,401.9498750338097,312.86096182569383
1.6071428571428568,0.53,0.005,269.1456728900201,9.430561099157337,-0.8879355700466293,0.0,262800.46829900175,6289.024547766451,20437945.463212173,401.94987419593207,312.8609614996094
1.6071428571428568,0.53,0.015,269.1456728900201,9.43056839123201,-0.8879914037545793,0.0,262800.468965071,6289.024547737589,20437945.65635521,401.9498750338097,312.86096182569383
1.6071428571428568,0.55,-0.005,269.12680057264254,9.229809728065247,-0.8973053308111903,0.0,262793.27325206687,6289.024530982597,20436098.087367307,401.9417200834796,312.85778807356286
1.6071428571428568,0.55,0.005,269.12680057264254,9.22980264100329,-0.8972499818030305,0.0,262793.272024233,6289.0245310107875,20436097.698297124,401.9417183812399,312.85778741108004
1.6071428571428568,0.55,0.015,269.12680057264254,9.229809728065247,-0.8973053308111903,0.0,262793.27325206687,6289.024530982597,20436098.087367307,401.9417200834796,312.85778807356286
1.6071428571428568,0.57,-0.005,269.10814005799807,9.0219210277963,-0.9042220024318176,0.0,262786.1100423353,6289.024512097566,20434271.217617262,401.93365483001384,312.8546491980848
1.6071428571428568,0.57,0.005,269.10814005799807,9.021914127213808,-0.9041673477876035,0.0,262786.10826009786,6289.024512125044,20434270.635159824,401.93365227447407,312.8546482035021
1.6071428571428568,0.57,0.015,269.10814005799807,9.0219210277963,-0.9042220024318176,0.0,262786.1100423353,6289.024512097566,20434271.217617262,401.93365483001384,312.8546491980848
1.6071428571428568,0.59,-0.005,269.08976327476927,8.806917974787893,-0.9086992977785856,0.0,262779.00408360857,6289.0244909515895,20432472.08110979,401.92571025212294,312.85155725693807
1.6071428571428568,0.59,0.005,269.08976327476927,8.806911240603453,-0.9086455433526546,0.0,262779.0017565539,6289.024490978312,20432471.308578495,401.9257068577618,312.85155593588405
1.6071428571428568,0.59,0.015,269.08976327476927,8.806917974787893,-0.9086992977785856,0.0,262779.00408360857,6289.0244909515895,20432472.08110979,401.92571025212294,312.85155725693807
1.6071428571428568,0.61,-0.005,269.07174080488187,8.584814709448283,-0.9106982107257556,0.0,262771.9798957809,6289.024467422011,20430707.579777516,401.9179167580893,312.84852408625227
1.6071428571428568,0.61,0.005,269.07174080488187,8.58480812014811,-0.9106455578949776,0.0,262771.9770356725,6289.02446744794,20430706.621242303,401.91791254272937,312.8485224456571
1.6071428571428568,0.61,0.015,269.07174080488187,8.584814709448283,-0.9106982107257556,0.0,262771.9798957809,6289.024467422011,20430707.579777516,401.9179167580893,312.84852408625227
1.6071428571428568,0.63,-0.005,269.05414165555675,8.355623242776323,-0.9101826781077208,0.0,262765.0617053189,6289.024441400294,20428984.46139339,401.91030409057964,312.8455612635302
1.6071428571428568,0.63,0.005,269.05414165555675,8.355616775533301,-0.9101313231425714,0.0,262765.05832604057,6289.0244414253875,20428983.32166088,401.91029907530145,312.84555931159287
1.6071428571428568,0.63,0.015,269.05414165555675,8.355623242776323,-0.9101826781077208,0.0,262765.0617053189,6289.024441400294,20428984.46139339,401.91030409057964,312.8455612635302
1.6071428571428568,0.65,-0.005,269.03703304680454,8.119353393083443,-0.9071194448541074,0.0,262758.27338766656,6289.024412794175,20427309.298885647,401.90290123577665,312.842680072246
1.6071428571428568,0.65,0.005,269.03703304680454,8.119347023873326,-0.9070695783293125,0.0,262758.26950515737,6289.024412818395,20427307.983476534,401.902895444821,312.8426778183956
1.6071428571428568,0.65,0.015,269.03703304680454,8.119353393083443,-0.9071194448541074,0.0,262758.27338766656,6289.024412794175,20427309.298885647,401.90290123577665,312.842680072246
1.6071428571428568,0.67,-0.005,269.02048022114934,7.8760126777799515,-0.9014779063935541,0.0,262751.6384159378,6289.024381530354,20425688.471850097,401.8957363423576,312.8398914702693
1.6071428571428568,0.67,0.005,269.02048022114934,7.876006381527462,-0.9014297126398757,0.0,262751.6340481207,6289.024381553665,20425686.9869741,401.89572980301625,312.83988892512303
1.6071428571428568,0.67,0.015,269.02048022114934,7.8760126777799515,-0.9014779063935541,0.0,262751.6384159378,6289.024381530354,20425688.471850097,401.8957363423576,312.8398914702693
1.6071428571428568,0.69,-0.005,269.0045462622123,7.625606608763492,-0.8932299674570067,0.0,262745.17981500365,6289.024347556007,20424128.148898292,401.8888366435247,312.83720605947343
1.6071428571428568,0.69,0.005,269.0045462622123,7.625600359484494,-0.893183624049641,0.0,262745.1749817064,6289.024347578377,20424126.50142662,401.8888293860199,312.8372032347899
1.6071428571428568,0.69,0.015,269.0045462622123,7.625606608763492,-0.8932299674570067,0.0,262745.17981500365,6289.024347556007,20424128.148898292,401.8888366435247,312.83720605947343
1.6071428571428568,0.71,-0.005,268.9892919150427,7.368138016642983,-0.8823497959167763,0.0,262738.92011072533,6289.024310845846,20422634.27035411,401.882228383151,312.83463405694187
1.6071428571428568,0.71,0.005,268.9892919150427,7.368131787591848,-0.8823054732012227,0.0,262738.91483359487,6289.024310867241,20422632.467789646,401.88222044050514,312.8346309655701
1.6071428571428568,0.71,0.015,268.9892919150427,7.368138016642983,-0.8823497959167763,0.0,262738.92011072533,6289.024310845846,20422634.27035411,401.882228383151,312.83463405694187
1.6071428571428568,0.73,-0.005,268.9747754174724,7.103606990474553,-0.8688136391310792,0.0,262732.881284552,6289.0242714008145,20421212.531771258,401.87593674150486,312.83218526600706
1.6071428571428568,0.73,0.005,268.9747754174724,7.103600754291284,-0.8687714997844442,0.0,262732.87558696355,6289.024271421206,20421210.58221673,401.87592814940155,312.8321819218326
1.6071428571428568,0.73,0.015,268.9747754174724,7.103606990474553,-0.8688136391310792,0.0,262732.881284552,6289.0242714008145,20421212.531771258,401.87593674150486,312.83218526600706
1.6071428571428568,0.75,-0.005,268.96105235836825,6.832011467419734,-0.8525997006744831,0.0,262727.0847407828,6289.024229247487,20419868.37010757,401.8699857729902,312.8298690519636
1.6071428571428568,0.75,0.005,268.96105235836825,6.832005196281429,-0.8525598993011911,0.0,262727.07864774216,6289.024229266851,20419866.282231666,401.8699765696247,312.82986546985035
1.6071428571428568,0.75,0.015,268.96105235836825,6.832011467419734,-0.8525997006744831,0.0,262727.0847407828,6289.024229247487,20419868.37010757,401.8699857729902,312.8298690519636
1.6071428571428568,0.77,-0.005,268.9481755384653,6.553346774541592,-0.8336878854023354,0.0,262721.55127001787,6289.024184445449,20418606.95040292,401.86439834989096,312.8276943201176
1.6071428571428568,0.77,0.005,268.9481755384653,6.553340440321141,-0.8336505681630819,0.0,262721.5448080593,6289.024184463765,20418604.73340468,401.8643885758137,312.8276905158467
1.6071428571428568,0.77,0.015,268.9481755384653,6.553346774541592,-0.8336878854023354,0.0,262721.55127001787,6289.024184445449,20418606.95040292,401.86439834989096,312.8276943201176
1.6071428571428568,0.79,-0.005,268.9361948371674,6.267605614468296,-0.8120595817090046,0.0,262716.3010155497,6289.024137088413,20417433.15284566,401.8591961048243,312.8256694933315
1.6071428571428568,0.79,0.005,268.9361948371674,6.267599188894062,-0.8120248859804041,0.0,262716.294212629,6289.024137105662,20417430.816417225,401.8591858027769,312.8256654835378
1.6071428571428568,0.79,0.015,268.9361948371674,6.267605614468296,-0.8120595817090046,0.0,262716.3010155497,6289.024137088413,20417433.15284566,401.8591961048243,312.8256694933315
1.6071428571428568,0.81,-0.005,268.92515709186716,5.974778191386292,-0.787697454995967,0.0,262711.3534442808,6289.024087305,20416351.561054517,401.85439937840914,312.8238024915999
1.6071428571428568,0.81,0.005,268.92515709186716,5.97477164620285,-0.7876655090588591,0.0,262711.34632966376,6289.024087321171,20416349.11534239,401.85438859315343,312.8237982937054
1.6071428571428568,0.81,0.015,268.92515709186716,5.974778191386292,-0.787697454995967,0.0,262711.3534442808,6289.024087305,20416351.561054517,401.85439937840914,312.8238024915999
1.6071428571428568,0.83,-0.005,268.9151059749121,5.674851068800909,-0.7605850901946984,0.0,262706.7273133567,6289.024035268649,20415366.450413447,401.8500271715225,312.82210071341115
1.6071428571428568,0.83,0.005,268.9151059749121,5.674844375930504,-0.7605560129495134,0.0,262706.7199175036,6289.024035283733,20415363.90597837,401.850015949663,312.8220963455556
1.6071428571428568,0.83,0.015,268.9151059749121,5.674851068800909,-0.7605850901946984,0.0,262706.7273133567,6289.024035268649,20415366.450413447,401.8500271715225,312.82210071341115
1.6071428571428568,0.85,-0.005,268.9060819035548,5.367808059308371,-0.7307068572349771,0.0,262702.4406533865,6289.023981192102,20414481.77915097,401.84609710234537,312.8205710189745
1.6071428571428568,0.85,0.005,268.9060819035548,5.367801191046042,-0.7306807579443924,0.0,262702.4330078344,6289.023981206098,20414479.146926936,401.8460854921482,312.8205664999452
1.6071428571428568,0.85,0.015,268.9060819035548,5.367808059308371,-0.7307068572349771,0.0,262702.4406533865,6289.023981192102,20414481.77915097,401.84609710234537,312.8205710189745
1.6071428571428568,0.87,-0.005,268.8981219306871,5.053631088139063,-0.6980477781673122,0.0,262698.5107447129,6289.023925321604,20413701.177527443,401.84262535495975,312.81921971016106
1.6071428571428568,0.87,0.005,268.8981219306871,5.053624017303676,-0.6980247562161808,0.0,262698.50288195524,6289.023925334514,20413698.468779996,401.84261340616797,312.8192150593208
1.6071428571428568,0.87,0.015,268.8981219306871,5.053631088139063,-0.6980477781673122,0.0,262698.5107447129,6289.023925321604,20413701.177527443,401.84262535495975,312.81921971016106
1.6071428571428568,0.89,-0.005,268.89125962923924,4.732299435261209,-0.6625932256775068,0.0,262694.954087734,6289.0238679434815,20413027.936786186,401.83962663285234,312.818052512357
1.6071428571428568,0.89,0.005,268.89125962923924,4.732292135305902,-0.6625733703518879,0.0,262694.94604109664,6289.023867955316,20413025.16306956,401.8396143964957,312.81804774956976
1.6071428571428568,0.89,0.015,268.89125962923924,4.732299435261209,-0.6625932256775068,0.0,262694.954087734,6289.0238679434815,20413027.936786186,401.83962663285234,312.818052512357
1.6071428571428568,0.91,-0.005,268.885525019848,4.4037871198272835,-0.6243283582029916,0.0,262691.7863831782,6289.023809401432,20412465.00266998,401.8371141377412,312.81707456617636
1.6071428571428568,0.91,0.005,268.885525019848,4.403779565064337,-0.6243117484956349,0.0,262691.7781866923,6289.023809412203,20412462.17578285,401.8371016659401,312.81706971173134
1.6071428571428568,0.91,0.015,268.885525019848,4.4037871198272835,-0.6243283582029916,0.0,262691.7863831782,6289.023809401432,20412465.00266998,401.8371141377412,312.81707456617636
1.6071428571428568,0.93,-0.005,268.88094450126096,4.068066645344719,-0.5832383496343745,0.0,262689.02252982976,6289.023750075546,20412014.96800597,401.83509952611104,312.816290410502
1.6071428571428568,0.93,0.005,268.88094450126096,4.068058811122622,-0.5832250540469817,0.0,262689.014218098,6289.023750085275,20412012.09994524,401.8350868718712,312.81628548503335
1.6071428571428568,0.93,0.015,268.88094450126096,4.068066645344719,-0.5832383496343745,0.0,262689.02252982976,6289.023750075546,20412014.96800597,401.83509952611104,312.816290410502
1.6071428571428568,0.9500000000000001,-0.005,268.8775408305508,3.7251116868592633,-0.5393084201528647,0.0,262686.67663452704,6289.023690384738,20411680.070888374,401.8335929016999,312.8157039795237
1.6071428571428568,0.9500000000000001,0.005,268.8775408305508,3.7251035498066507,-0.5392984965237623,0.0,262686.6682425913,6289.023690393455,20411677.17380325,401.8335801187085,312.81569900393106
1.6071428571428568,0.9500000000000001,0.015,268.8775408305508,3.7251116868592633,-0.5393084201528647,0.0,262686.67663452704,6289.023690384738,20411680.070888374,401.8335929016999,312.8157039795237
1.6071428571428568,0.97,-0.005,268.87533326546315,3.3748514248204287,-0.4925164202578737,0.0,262684.76223473967,6289.023631633266,20411462.23504739,401.83260339680965,312.8153188289727
1.6071428571428568,0.97,0.005,268.87533326546315,3.3748429635291814,-0.49250991542895406,0.0,262684.75379803765,6289.023631641007,20411459.32122321,401.8325905393649,312.8153138243941
1.6071428571428568,0.97,0.015,268.87533326546315,3.3748514248204287,-0.4925164202578737,0.0,262684.76223473967,6289.023631633266,20411462.23504739,401.83260339680965,312.8153188289727
1.6071428571428568,0.99,-0.005,268.874289138257,3.0083843982458127,-0.44157056411525614,0.0,262683.30621223757,6289.023711676971,20411362.573068153,401.8322016760318,312.8151624648008
1.6071428571428568,0.99,0.005,268.874289138257,3.008375624924257,-0.4415674494590979,0.0,262683.2977500742,6289.023711683869,20411359.649139084,401.83218877353323,312.8151574426831
1.6071428571428568,0.99,0.015,268.874289138257,3.0083843982458127,-0.44157056411525614,0.0,262683.30621223757,6289.023711676971,20411362.573068153,401.8322016760318,312.8151624648008
1.6071428571428568,1.01,-0.005,268.87413247470226,1.7534162155930273e-06,-2.573663750837652e-07,0.0,262683.26621722727,6289.035226163975,20411706.772355836,401.8392120303762,312.8178911355738
1.6071428571428568,1.01,0.005,268.8739758111476,-3.0083843982458127,0.44157056411525614,0.0,262683.22622217034,6289.023732835036,20411332.56424143,401.8320793113831,312.8151148360639
1.6071428571428568,1.01,0.015,268.87413247470226,1.7534162155930273e-06,-2.573663750837652e-07,0.0,262683.26621722727,6289.035226163975,20411706.772355836,401.8392120303762,312.8178911355738
1.6785714285714288,-0.01,-0.005,269.48855190622044,12.174689186341821,0.0,0.0,262926.2016428478,6289.024046588697,20471494.03909151,402.09747005651974,312.91839744816406
1.6785714285714288,-0.01,0.005,269.48855190622044,12.174689186341821,0.021789244132208504,0.0,262926.2016428478,6289.02404599833,20471494.020603403,402.09746969337965,312.9183973068635
1.6785714285714288,-0.01,0.015,269.48855190622044,12.174689186341821,0.0,0.0,262926.2016428478,6289.024046588697,20471494.03909151,402.09747005651974,312.91839744816406
1.6785714285714288,0.01,-0.005,269.4885519062205,12.174689186341821,-0.021789244132208504,0.0,262926.2016428478,6289.02404599833,20471494.020603403,402.09746969337965,312.9183973068635
1.6785714285714288,0.01,0.005,269.4885519062205,12.17467683487189,-0.02178735125366336,0.0,262926.2118187402,6289.024046027935,20471497.604452718,402.09748549003035,312.9184034534609
1.6785714285714288,0.01,0.015,269.4885519062205,12.174689186341821,-0.021789244132208504,0.0,262926.2016428478,6289.02404599833,20471494.020603403,402.09746969337965,312.9183973068635
1.6785714285714288,0.029999999999999995,-0.005,269.4873230903728,12.166908532690499,-0.06531674462325585,0.0,262925.76225547446,6289.024045342796,20471373.697968002,402.0969395035807,312.9181910058925
1.6785714285714288,0.029999999999999995,0.005,269.4873230903728,12.16689620143252,-0.06531132331337029,0.0,262925.7723712227,6289.024045372373,20471377.260901652,402.0969552081814,312.9181971166766
1.6785714285714288,0.029999999999999995,0.015,269.4873230903728,12.166908532690499,-0.06531674462325585,0.0,262925.76225547446,6289.024045342796,20471373.697968002,402.0969395035807,312.9181910058925
1.6785714285714288,0.05,-0.005,269.4848690001478,12.15144717794844,-0.10867265261562929,0.0,262924.88599946524,6289.024044499604,20471133.400450673,402.09588087146045,312.91777908350076
1.6785714285714288,0.05,0.005,269.4848690001478,12.151434886956645,-0.10866364230882233,0.0,262924.8960356599,6289.02404452916,20471136.935700953,402.09589645428025,312.91778514690697
1.6785714285714288,0.05,0.015,269.4848690001478,12.15144717794844,-0.10867265261562929,0.0,262924.88599946524,6289.024044499604,20471133.400450673,402.09588087146045,312.91777908350076
1.6785714285714288,0.07,-0.005,269.48120041315656,12.128330742052551,-0.1517451486168077,0.0,262923.5765057943,6289.024043349256,20470774.18749961,402.09429839127785,312.91716332654454
1.6785714285714288,0.07,0.005,269.48120041315656,12.128318512093784,-0.15173258798280687,0.0,262923.58642308536,6289.02404337878,20470777.681368865,402.09431379205586,312.91716931912856
1.6785714285714288,0.07,0.015,269.48120041315656,12.128330742052551,-0.1517451486168077,0.0,262923.5765057943,6289.024043349256,20470774.18749961,402.09429839127785,312.91716332654454
1.6785714285714288,0.09,-0.005,269.476333101131,12.097569133724267,-0.19442282714048434,0.0,262921.8387990113,6289.024041883355,20470297.604389206,402.09219884301615,312.9163463719812
1.6785714285714288,0.09,0.005,269.476333101131,12.097556984817768,-0.19440676993915576,0.0,262921.8485585712,6289.024041912836,20470301.043362245,402.09221400228967,312.916352270609
1.6785714285714288,0.09,0.015,269.476333101131,12.097569133724267,-0.19442282714048434,0.0,262921.8387990113,6289.024041883355,20470297.604389206,402.09219884301615,312.9163463719812
1.6785714285714288,0.11,-0.005,269.47028796017867,12.059172677251476,-0.2365952816807005,0.0,262919.6795105621,6289.024040104974,20469705.69888175,402.0895912186682,312.91533171712234
1.6785714285714288,0.11,0.005,269.47028796017867,12.05916062877611,-0.2365757965140156,0.0,262919.68907424534,6289.024040134403,20469709.069680385,402.0896060780101,312.9153374990624
1.6785714285714288,0.11,0.015,269.47028796017867,12.059172677251476,-0.2365952816807005,0.0,262919.6795105621,6289.024040104974,20469705.69888175,402.0895912186682,312.91533171712234
1.6785714285714288,0.13,-0.005,269.46309088236904,12.013152656073448,-0.2781533744603746,0.0,262917.1068450115,6289.024038017952,20469001.00827646,402.08648666068103,312.9141236957151
1.6785714285714288,0.13,0.005,269.46309088236904,12.013140726635706,-0.278130544400903,0.0,262917.11617552023,6289.024038047317,20469004.297916844,402.0865011629506,312.9141293387361
1.6785714285714288,0.13,0.015,269.46309088236904,12.013152656073448,-0.2781533744603746,0.0,262917.1068450115,6289.024038017952,20469001.00827646,402.08648666068103,312.9141236957151
1.6785714285714288,0.15,-0.005,269.4547726341298,11.95952258435001,-0.3189895218598934,0.0,262914.13055920345,6289.02403562184,20468186.547298852,402.0828984069282,312.91272745657136
1.6785714285714288,0.15,0.005,269.4547726341298,11.959510791642217,-0.31896344399786314,0.0,262914.1396202474,6289.024035651127,20468189.74314712,402.0829124965154,312.91273293903674
1.6785714285714288,0.15,0.015,269.4547726341298,11.95952258435001,-0.3189895218598934,0.0,262914.13055920345,6289.02403562184,20468186.547298852,402.0828984069282,312.91272745657136
1.6785714285714288,0.17,-0.005,269.4453686827147,11.898297587281755,-0.3589979369352598,0.0,262910.76190622634,6289.024032912591,20467265.791078076,402.07884171690523,312.91114893489544
1.6785714285714288,0.17,0.005,269.4453686827147,11.898285947951523,-0.3589687218528071,0.0,262910.77066267835,6289.0240329417875,20467268.88090427,402.0788553399661,312.91115423585524
1.6785714285714288,0.17,0.015,269.4453686827147,11.898297587281755,-0.3589979369352598,0.0,262910.76190622634,6289.024032912591,20467265.791078076,402.07884171690523,312.91114893489544
1.6785714285714288,0.19,-0.005,269.4349190013658,11.829494076737417,-0.39807487775099637,0.0,262907.01357666816,6289.024029882269,20466242.656000942,402.0743337881885,312.90939481982963
1.6785714285714288,0.19,0.005,269.4349190013658,11.829482606262548,-0.3980426489277398,0.0,262907.0219947135,6289.024029911358,20466245.62803097,402.0743468928733,312.90939991910926
1.6785714285714288,0.19,0.015,269.4349190013658,11.829494076737417,-0.39807487775099637,0.0,262907.01357666816,6289.024029882269,20466242.656000942,402.0743337881885,312.90939481982963
1.6785714285714288,0.21,-0.005,269.4234678658441,11.753129931625082,-0.4361188907286983,0.0,262902.89964350197,6289.024026518698,20465121.479714695,402.069393669206,312.9074725205687
1.6785714285714288,0.21,0.005,269.4234678658441,11.753118644198137,-0.43608378388479435,0.0,262902.90769078146,6289.024026547664,20465124.32267997,402.069406205877,312.9074773988535
1.6785714285714288,0.21,0.015,269.4234678658441,11.753129931625082,-0.4361188907286983,0.0,262902.89964350197,6289.024026518698,20465121.479714695,402.069393669206,312.9074725205687
1.6785714285714288,0.23,-0.005,269.4110636162022,11.669224040473742,-0.47303102443639206,0.0,262898.4354898274,6289.0240228055845,20463906.99773755,402.0640421573465,312.9053901267724
1.6785714285714288,0.23,0.005,269.4110636162022,11.669212948895522,-0.47299318681926855,0.0,262898.44313557283,6289.024022834411,20463909.70092215,402.06405407878486,312.90539476568796
1.6785714285714288,0.23,0.015,269.4110636162022,11.669224040473742,-0.47303102443639206,0.0,262898.4354898274,6289.0240228055845,20463906.99773755,402.0640421573465,312.9053901267724
1.6785714285714288,0.25,-0.005,269.39775840964313,11.577796404019587,-0.5087150473889525,0.0,262893.6377401635,6289.024018721058,20462604.31914438,402.05830169227465,312.90315636711483
1.6785714285714288,0.25,0.005,269.39775840964313,11.577785519604726,-0.5086746370096077,0.0,262893.6449553257,6289.024018749725,20462606.872429524,402.0583129538763,312.90316074930354
1.6785714285714288,0.25,0.015,269.39775840964313,11.577796404019587,-0.5087150473889525,0.0,262893.6377401635,6289.024018721058,20462604.31914438,402.05830169227465,312.90315636711483
1.6785714285714288,0.27,-0.005,269.3836079574948,11.478868145854353,-0.5430776448132433,0.0,262888.5241861794,6289.02401423632,20461218.90070001,402.05219624248315,312.9007805652032
1.6785714285714288,0.27,0.005,269.3836079574948,11.478857478349363,-0.5430348296385777,0.0,262888.5309435478,6289.024014264805,20461221.29460558,402.0522068024414,312.90078467439497
1.6785714285714288,0.27,0.015,269.3836079574948,11.478868145854353,-0.5430776448132433,0.0,262888.5241861794,6289.02401423632,20461218.90070001,402.05219624248315,312.9007805652032
1.6785714285714288,0.29,-0.005,269.3686712443312,11.372461219909987,-0.5760285888801235,0.0,262883.11370468047,6289.024009316289,20459756.51930724,402.0457511853686,312.8982725929762
1.6785714285714288,0.29,0.005,269.3686712443312,11.372450777422841,-0.5759835459880482,0.0,262883.11997899367,6289.024009344571,20459758.74503026,402.04576100484417,312.8982764140549
1.6785714285714288,0.29,0.015,269.3686712443312,11.372461219909987,-0.5760285888801235,0.0,262883.11370468047,6289.024009316289,20459756.51930724,402.0457511853686,312.8982725929762
1.6785714285714288,0.31,-0.005,269.3530102372221,11.25859821075927,-0.6074808953361248,0.0,262877.4261736446,6289.02400391943,20458223.24346449,402.03899318253104,312.89564282224256
1.6785714285714288,0.31,0.005,269.3530102372221,11.258587999703,-0.6074338100401319,0.0,262877.4319416916,6289.024003947486,20458225.292914294,402.03900222580705,312.89564634130625
1.6785714285714288,0.31,0.015,269.3530102372221,11.25859821075927,-0.6074808953361248,0.0,262877.4261736446,6289.02400391943,20458223.24346449,402.03899318253104,312.89564282224256
1.6785714285714288,0.33,-0.005,269.3366895878204,11.137302327105264,-0.6373509675358461,0.0,262871.4823882907,6289.023997997155,20456625.404011805,402.0319500516907,312.89290207490103
1.6785714285714288,0.33,0.005,269.3366895878204,11.137292352152606,-0.6373020324857803,0.0,262871.48762900237,6289.023998024957,20456627.269841854,402.03195828631425,312.892905279317
1.6785714285714288,0.33,0.015,269.3366895878204,11.137302327105264,-0.6373509675358461,0.0,262871.4823882907,6289.023997997155,20456625.404011805,402.0319500516907,312.89290207490103
1.6785714285714288,0.35,-0.005,269.3197763237272,11.008597128473788,-0.6655587120756358,0.0,262865.30397148157,6289.023991494162,20454969.56386082,402.0246506345171,312.8900615715658
1.6785714285714288,0.35,0.005,269.3197763237272,11.008587392524147,-0.6655081263416393,0.0,262865.30866601184,6289.023991521686,20454971.239496876,402.0246580314239,312.8900644500194
1.6785714285714288,0.35,0.015,269.3197763237272,11.008597128473788,-0.6655587120756358,0.0,262865.30397148157,6289.023991494162,20454969.56386082,402.0246506345171,312.8900615715658
1.6785714285714288,0.37,-0.005,269.3023395368615,10.872506278640124,-0.6920276378659577,0.0,262858.913283801,6289.023984349062,20453262.4874452,402.0171246632784,312.8871328797291
1.6785714285714288,0.37,0.005,269.3023395368615,10.872496782799233,-0.6919756060120691,0.0,262858.9174155975,6289.0239843762765,20453263.96710999,402.0171311969029,312.88713542226634
1.6785714285714288,0.37,0.015,269.3023395368615,10.872506278640124,-0.6920276378659577,0.0,262858.913283801,6289.023984349062,20453262.4874452,402.0171246632784,312.8871328797291
1.6785714285714288,0.39,-0.005,269.2844500686369,10.729053307107366,-0.7166849367942463,0.0,262852.33333293063,6289.023976494989,20451511.1098652,402.0094026260536,312.88412786135854
1.6785714285714288,0.39,0.005,269.2844500686369,10.729044050678912,-0.7166316679479133,0.0,262852.3368877946,6289.023976521867,20451512.38859925,402.0094082744221,312.88413005942266
1.6785714285714288,0.39,0.015,269.2844500686369,10.729053307107366,-0.7166849367942463,0.0,262852.33333293063,6289.023976494989,20451511.1098652,402.0094026260536,312.88412786135854
1.6785714285714288,0.41,-0.005,269.2661801989286,10.578261521064436,-0.7394615492416439,0.0,262845.5876857578,6289.023967860114,20449722.506406274,402.0015156334237,312.8810586210648
1.6785714285714288,0.41,0.005,269.2661801989286,10.578252501555902,-0.7394072561653073,0.0,262845.59065189393,6289.023967886623,20449723.58008508,402.0015203782325,312.8810604675265
1.6785714285714288,0.41,0.015,269.2661801989286,10.578261521064436,-0.7394615492416439,0.0,262845.5876857578,6289.023967860114,20449722.506406274,402.0015156334237,312.8810586210648
1.6785714285714288,0.43,-0.005,269.24760333091416,10.420153796268218,-0.7602922038734159,0.0,262838.7003779689,6289.023958367945,20447903.861655537,401.9934952831811,312.8779374534904
1.6785714285714288,0.43,0.005,269.24760333091416,10.420145009406497,-0.7602371020436232,0.0,262838.7027460228,6289.023958394054,20447904.727002814,401.9934991098555,312.87793894267116
1.6785714285714288,0.43,0.015,269.24760333091416,10.420153796268218,-0.7602922038734159,0.0,262838.7003779689,6289.023958367945,20447903.861655537,401.9934952831811,312.8779374534904
1.6785714285714288,0.45,-0.005,269.22879368292666,10.25475249623171,-0.7791154464983332,0.0,262831.6958271706,6289.023947937933,20446062.4393227,401.98537352815805,312.87477679190624
1.6785714285714288,0.45,0.005,269.22879368292666,10.254743935990316,-0.7790597531977247,0.0,262831.69759025646,6289.0239479636075,20446063.093919877,401.9853764258969,312.8747779195958
1.6785714285714288,0.45,0.015,269.22879368292666,10.25475249623171,-0.7791154464983332,0.0,262831.6958271706,6289.023947937933,20446062.4393227,401.98537352815805,312.87477679190624
1.6785714285714288,0.47000000000000003,-0.005,269.20982598611334,10.08207940634339,-0.7958736481197068,0.0,262824.5987476353,6289.0239364857,20444205.552626047,401.97718254623,312.8715891576461
1.6785714285714288,0.47000000000000003,0.005,269.20982598611334,10.082071064980678,-0.795817581546684,0.0,262824.59990135214,6289.023936510907,20444205.994917974,401.977184508033,312.87158992111284
1.6785714285714288,0.47000000000000003,0.015,269.20982598611334,10.08207940634339,-0.7958736481197068,0.0,262824.5987476353,6289.0239364857,20444205.552626047,401.97718254623,312.8715891576461
1.6785714285714288,0.49,-0.005,269.19077518407965,9.90215529146349,-0.8105129722704273,0.0,262817.43406293844,6289.023923926018,20442340.53496799,401.96895461276654,312.8683871104863
1.6785714285714288,0.49,0.005,269.19077518407965,9.902147159571506,-0.810456750670839,0.0,262817.4346053755,6289.023923950723,20442340.764264803,401.96895563544444,312.8683875084817
1.6785714285714288,0.49,0.015,269.19077518407965,9.90215529146349,-0.8105129722704273,0.0,262817.43406293844,6289.023923926018,20442340.53496799,401.96895461276654,312.8683871104863
1.6785714285714288,0.51,-0.005,269.1717161416551,9.714999644523207,-0.8229833367518302,0.0,262810.2268228858,6289.023910174429,20440474.71147046,401.96072197608675,312.86518320018615
1.6785714285714288,0.51,0.005,269.1717161416551,9.714991711085665,-0.8229271775764441,0.0,262810.22675461776,6289.0239101986,20440474.727945834,401.9607220602561,312.8651832329426
1.6785714285714288,0.51,0.015,269.1717161416551,9.714999644523207,-0.8229833367518302,0.0,262810.2268228858,6289.023910174429,20440474.71147046,401.96072197608675,312.86518320018615
1.6785714285714288,0.53,-0.005,269.15272336429786,9.520630471772728,-0.8332383596063896,0.0,262803.00212413026,6289.023895149144,20438615.37156924,401.9525167375669,312.86198991983156
1.6785714285714288,0.53,0.005,269.15272336429786,9.520622724233558,-0.8331824786976301,0.0,262803.00144820096,6289.0238951727415,20438615.176254947,401.9525158876277,312.86198958905413
1.6785714285714288,0.53,0.015,269.15272336429786,9.520630471772728,-0.8332383596063896,0.0,262803.00212413026,6289.023895149144,20438615.37156924,401.9525167375669,312.86198991983156
1.6785714285714288,0.55,-0.005,269.13387073273765,9.319064707653213,-0.8412353244207335,0.0,262795.7850399796,6289.023878769873,20436769.743013557,401.9443707363491,312.85881966096105
1.6785714285714288,0.55,0.005,269.13387073273765,9.31905713199228,-0.8411799352314825,0.0,262795.7837618772,6289.0238787928665,20436769.33779053,401.94436896044834,312.8588189698129
1.6785714285714288,0.55,0.015,269.13387073273765,9.319064707653213,-0.8412353244207335,0.0,262795.7850399796,6289.023878769873,20436769.743013557,401.9443707363491,312.85881966096105
1.6785714285714288,0.57,-0.005,269.1152312394653,9.110317656158864,-0.8469350627578883,0.0,262788.60054317047,6289.023860961423,20434944.96620347,401.93631543766753,312.855684670092
1.6785714285714288,0.57,0.005,269.1152312394653,9.110310236975828,-0.8468803756049023,0.0,262788.59867079114,6289.023860983778,20434944.35378946,401.93631274764647,312.85568362317446
1.6785714285714288,0.57,0.015,269.1152312394653,9.110317656158864,-0.8469350627578883,0.0,262788.60054317047,6289.023860961423,20434944.96620347,401.93631543766753,312.855684670092
1.6785714285714288,0.59,-0.005,269.0968767412551,8.894402823425978,-0.8503018473690096,0.0,262781.47343663994,6289.02384165557,20433148.070051584,401.92838182695255,312.8525970074885
1.6785714285714288,0.59,0.005,269.0968767412551,8.894395544037694,-0.8502480687225205,0.0,262781.4709802438,6289.023841677253,20433147.253985617,401.9283782382804,312.852595610815
1.6785714285714288,0.59,0.015,269.0968767412551,8.894402823425978,-0.8503018473690096,0.0,262781.47343663994,6289.02384165557,20433148.070051584,401.92838182695255,312.8525970074885
1.6785714285714288,0.61,-0.005,269.0788777244685,8.67133211927521,-0.8513032954126915,0.0,262774.428290601,6289.023820791085,20431385.94904562,401.9206003082218,312.8495685075904
1.6785714285714288,0.61,0.005,269.0788777244685,8.671324961814106,-0.8512506272225302,0.0,262774.4252627582,6289.023820812064,20431384.93366928,401.9205958399152,312.84956676855563
1.6785714285714288,0.61,0.015,269.0788777244685,8.67133211927521,-0.8513032954126915,0.0,262774.428290601,6289.023820791085,20431385.94904562,401.9206003082218,312.8495685075904
1.6785714285714288,0.63,-0.005,269.0613030764488,8.441115310971156,-0.8499102030867705,0.0,262767.4893765678,6289.023798318351,20429665.341057934,401.91300060784397,312.8466107415275
1.6785714285714288,0.63,0.005,269.0613030764488,8.441108256488025,-0.849858842146868,0.0,262767.48579209595,6289.023798338592,20429664.131493676,401.91299528237295,312.84660866887054
1.6785714285714288,0.63,0.015,269.0613030764488,8.441115310971156,-0.8499102030867705,0.0,262767.4893765678,6289.023798318351,20429665.341057934,401.91300060784397,312.8466107415275
1.6785714285714288,0.65,-0.005,269.04421987332694,8.20375997400156,-0.8460964069967453,0.0,262760.680609594,6289.0237742007,20427992.80666565,401.9056116833005,312.84373498157277
1.6785714285714288,0.65,0.005,269.04421987332694,8.203753002568975,-0.846046544348803,0.0,262760.67648548767,6289.023774220178,20427991.408792287,401.90560552648225,312.84373258533606
1.6785714285714288,0.65,0.015,269.04421987332694,8.20375997400156,-0.8460964069967453,0.0,262760.680609594,6289.0237742007,20427992.80666565,401.9056116833005,312.84373498157277
1.6785714285714288,0.67,-0.005,269.02769318349107,7.9592713540850815,-0.8398386227887824,0.0,262754.0254946928,6289.023748416597,20426374.710035127,401.8984616391482,312.8409521683929
1.6785714285714288,0.67,0.005,269.02769318349107,7.959264444918076,-0.8397904431655524,0.0,262754.020850046,6289.023748435282,20426373.130460728,401.89845468002915,312.84094945987613
1.6785714285714288,0.67,0.015,269.02769318349107,7.9592713540850815,-0.8398386227887824,0.0,262754.0254946928,6289.023748416597,20426374.710035127,401.8984616391482,312.8409521683929
1.6785714285714288,0.69,-0.005,269.011785885975,7.707652625351807,-0.8311162969232592,0.0,262747.5470803838,6289.023720960641,20424817.201235782,401.8915776486619,312.8382728805053
1.6785714285714288,0.69,0.005,269.011785885975,7.707645756929945,-0.8310699782291154,0.0,262747.54193630494,6289.02372097851,20424815.447268225,401.89156991938916,312.8382698722159
1.6785714285714288,0.69,0.015,269.011785885975,7.707652625351807,-0.8311162969232592,0.0,262747.5470803838,6289.023720960641,20424817.201235782,401.8915776486619,312.8382728805053
1.6785714285714288,0.71,-0.005,268.99655848931735,7.448904265752248,-0.819911371166241,0.0,262741.26790713705,6289.0236918487935,20423326.198735364,401.8849858782122,312.83570730479624
1.6785714285714288,0.71,0.005,268.99655848931735,7.448897415945802,-0.8198670839949611,0.0,262741.26228665694,6289.023691865822,20423324.27835038,401.884977413893,312.8357040103944
1.6785714285714288,0.71,0.015,268.99655848931735,7.448904265752248,-0.819911371166241,0.0,262741.26790713705,6289.0236918487935,20423326.198735364,401.8849858782122,312.83570730479624
1.6785714285714288,0.73,-0.005,268.9820689622291,7.183024061729408,-0.8062081029249383,0.0,262735.2099621962,6289.023661117035,20421907.372849237,401.87871141267294,312.8332652074359
1.6785714285714288,0.73,0.005,268.9820689622291,7.18301720792399,-0.8061660101128614,0.0,262735.20389017125,6289.023661133205,20421905.29465658,401.8787022512273,312.8332616416772
1.6785714285714288,0.73,0.015,268.9820689622291,7.183024061729408,-0.8062081029249383,0.0,262735.2099621962,6289.023661117035,20421907.372849237,401.87871141267294,312.8332652074359
1.6785714285714288,0.75,-0.005,268.9683725899638,6.910007624907065,-0.7899929234148503,0.0,262729.3946457627,6289.023628820896,20420566.131734736,401.8727781924316,312.83095590930765
1.6785714285714288,0.75,0.005,268.9683725899638,6.910000744133152,-0.7899531796285244,0.0,262729.3881487712,6289.023628836191,20420563.904942315,401.87276837443403,312.8309520879818
1.6785714285714288,0.75,0.015,268.9683725899638,6.910007624907065,-0.7899929234148503,0.0,262729.3946457627,6289.023628820896,20420566.131734736,401.8727781924316,312.83095590930765
1.6785714285714288,0.77,-0.005,268.9555218331935,6.62984791808455,-0.7712541837076164,0.0,262723.84273297014,6289.023595040962,20419307.607818775,401.8672089551335,312.82878826327845
1.6785714285714288,0.77,0.005,268.9555218331935,6.6298409871543,-0.7712169350647174,0.0,262723.83583920385,6289.023595055371,20419305.24219501,401.86719852364723,312.8287842031447
1.6785714285714288,0.77,0.015,268.9555218331935,6.62984791808455,-0.7712541837076164,0.0,262723.84273297014,6289.023595040962,20419307.607818775,401.8672089551335,312.82878826327845
1.6785714285714288,0.79,-0.005,268.94356619398286,6.342535262343076,-0.7499819362861808,0.0,262718.5743399726,6289.023559883478,20418136.644767903,401.862025177476,312.82677063148793
1.6785714285714288,0.79,0.005,268.94356619398286,6.342528257987667,-0.7499473200074599,0.0,262718.56707912433,6289.023559896989,20418134.15060251,401.862014177881,312.8267663502078
1.6785714285714288,0.79,0.015,268.94356619398286,6.342535262343076,-0.7499819362861808,0.0,262718.5743399726,6289.023559883478,20418136.644767903,401.862025177476,312.82677063148793
1.6785714285714288,0.81,-0.005,268.9325520942296,6.0480574538605625,-0.7261677220113951,0.0,262713.60889428883,6289.023523480556,20417057.78566551,401.85724702213895,312.8249108646362
1.6785714285714288,0.81,0.005,268.9325520942296,6.048050352868028,-0.7261358661014701,0.0,262713.60129743477,6289.023523493167,20417055.173728842,401.8572355019512,312.82490638070345
1.6785714285714288,0.81,0.015,268.9325520942296,6.0480574538605625,-0.7261677220113951,0.0,262713.60889428883,6289.023523480556,20417057.78566551,401.85724702213895,312.8249108646362
1.6785714285714288,0.83,-0.005,268.92252275221983,5.746398688173541,-0.6998042325144226,0.0,262708.965100703,6289.023485997797,20416075.2612351,401.8528932884672,312.8232162827333
1.6785714285714288,0.83,0.005,268.92252275221983,5.746391467528909,-0.6997752554695814,0.0,262708.9572001825,6289.023486009507,20416072.54273627,401.85288129715474,312.8232116154023
1.6785714285714288,0.83,0.015,268.92252275221983,5.746398688173541,-0.6998042325144226,0.0,262708.965100703,6289.023485997797,20416075.2612351,401.8528932884672,312.8232162827333
1.6785714285714288,0.85,-0.005,268.91351808530186,5.437540361444125,-0.670885156991002,0.0,262704.6609221345,6289.023447629431,20415192.980227664,401.84898136677884,312.8216936572614
1.6785714285714288,0.85,0.005,268.91351808530186,5.437532998488624,-0.6708591675328499,0.0,262704.6527514257,6289.023447640244,20415190.166771546,401.84896895557057,312.8216888264724
1.6785714285714288,0.85,0.015,268.91351808530186,5.437540361444125,-0.670885156991002,0.0,262704.6609221345,6289.023447629431,20415192.980227664,401.84898136677884,312.8216936572614
1.6785714285714288,0.87,-0.005,268.90557460998036,5.121461965197859,-0.6394050354892868,0.0,262700.71355919214,6289.023408593585,20414414.51955849,401.845527191671,312.82034919294824
1.6785714285714288,0.87,0.005,268.90557460998036,5.1214544377610025,-0.6393821323181825,0.0,262700.70515278494,6289.02340860351,20414411.623101573,401.84551441336197,312.82034421925204
1.6785714285714288,0.87,0.015,268.90557460998036,5.121461965197859,-0.6394050354892868,0.0,262700.71355919214,6289.023408593585,20414414.51955849,401.845527191671,312.82034919294824
1.6785714285714288,0.89,-0.005,268.89872533482134,4.798140449894274,-0.6053589568039729,0.0,262697.1394226797,6289.023369137106,20413743.114034813,401.84254519812487,312.8191885106339
1.6785714285714288,0.89,0.005,268.89872533482134,4.798132736399234,-0.6053392283736858,0.0,262697.1308159458,6289.023369146156,20413740.146840278,401.84253210687626,312.81918341511346
1.6785714285714288,0.89,0.015,268.89872533482134,4.798140449894274,-0.6053589568039729,0.0,262697.1394226797,6289.023369137106,20413743.114034813,401.84254519812487,312.8191885106339
1.6785714285714288,0.91,-0.005,268.892999663681,4.467547599053255,-0.5687420321035742,0.0,262693.95410477073,6289.023329548428,20413181.647340696,401.84004828705883,312.8182166338178
1.6785714285714288,0.91,0.005,268.892999663681,4.467539678692659,-0.5687255564228381,0.0,262693.9453338334,6289.023329556623,20413178.62193335,401.84003493819836,312.8182114380107
1.6785714285714288,0.91,0.015,268.892999663681,4.467547599053255,-0.5687420321035742,0.0,262693.95410477073,6289.023329548428,20413181.647340696,401.84004828705883,312.8182166338178
1.6785714285714288,0.93,-0.005,268.88842333714695,4.129653614191732,-0.529549559745203,0.0,262691.1723806787,6289.023290140457,20412732.64582046,401.83804778900657,312.81743797447984
1.6785714285714288,0.93,0.005,268.88842333714695,4.129645467077038,-0.5295364041892916,0.0,262691.1634822813,6289.023290147818,20412729.57494104,401.83803423882546,312.81743270029915
1.6785714285714288,0.93,0.015,268.88842333714695,4.129653614191732,-0.529549559745203,0.0,262691.1723806787,6289.023290140457,20412732.64582046,401.83804778900657,312.81743797447984
1.6785714285714288,0.9500000000000001,-0.005,268.8850184029152,3.784429306579269,-0.487776972670827,0.0,262688.8082145214,6289.023251253995,20412398.275730316,401.8365534529826,312.81685632871034
1.6785714285714288,0.9500000000000001,0.005,268.8850184029152,3.78442091393191,-0.4877671938221473,0.0,262688.79922589194,6289.0232512605535,20412395.172288775,401.83653975852786,312.8168509983636
1.6785714285714288,0.9500000000000001,0.015,268.8850184029152,3.784429306579269,-0.487776972670827,0.0,262688.8082145214,6289.023251253995,20412398.275730316,401.8365534529826,312.81685632871034
1.6785714285714288,0.9699999999999999,-0.005,268.882803268406,3.431797250121564,-0.4434129692792722,0.0,262686.8749492185,6289.023214115801,20412180.3752102,401.83557399624647,312.8164750906657
1.6785714285714288,0.9699999999999999,0.005,268.882803268406,3.4317885941356936,-0.4434066127190232,0.0,262686.86590795615,6289.023214121598,20412177.25224575,401.83556021514687,312.8164697265873
1.6785714285714288,0.9699999999999999,0.015,268.882803268406,3.431797250121564,-0.4434129692792722,0.0,262686.8749492185,6289.023214115801,20412180.3752102,401.83557399624647,312.8164750906657
1.6785714285714288,0.99,-0.005,268.8817447684415,3.0629975963054705,-0.3953594253344155,0.0,262685.3930013057,6289.023300368028,20412079.5023683,401.83516990431525,312.81631780413665
1.6785714285714288,0.99,0.005,268.8817447684415,3.0629886829212474,-0.39535645382043744,0.0,262685.3839278746,6289.023300373196,20412076.36693177,401.83515606781356,312.8163124184912
1.6785714285714288,0.99,0.015,268.8817447684415,3.0629975963054705,-0.3953594253344155,0.0,262685.3930013057,6289.023300368028,20412079.5023683,401.83516990431525,312.81631780413665
1.6785714285714288,1.01,-0.005,268.88159629441793,1.6918229173423587e-06,-2.1837370593251055e-07,0.0,262685.3537983382,6289.035175428661,20412435.775500584,401.84240550349216,312.81913413714113
1.6785714285714288,1.01,0.005,268.88144782039444,-3.0629975963054705,0.3953594253344155,0.0,262685.3145953275,6289.023313945235,20412050.86080024,401.8350499629237,312.8162711187914
1.6785714285714288,1.01,0.015,268.88159629441793,1.6918229173423587e-06,-2.1837370593251055e-07,0.0,262685.3537983382,6289.035175428661,20412435.775500584,401.84240550349216,312.81913413714113
1.75,-0.01,-0.005,269.4955933261561,12.261089290857633,-1.6478535657534734e-18,0.0,262929.04114036396,6289.023548609485,20472167.67379858,402.1001989290901,312.91945927153563
1.75,-0.01,0.005,269.4955933261561,12.261089290857633,0.020729313550835324,0.0,262929.04114036396,6289.02354807516,20472167.657064985,402.10019860042036,312.91945914364817
1.75,-0.01,0.015,269.4955933261561,12.261089290857633,-1.6478535657534734e-18,0.0,262929.04114036396,6289.023548609485,20472167.67379858,402.1001989290901,312.91945927153563
1.75,0.01,-0.005,269.4955933261561,12.261089290857633,-0.020729313550835328,0.0,262929.04114036396,6289.02354807516,20472167.657064985,402.10019860042036,312.91945914364817
1.75,0.01,0.005,269.4955933261561,12.26107747032999,-0.020727412696247116,0.0,262929.0520500295,6289.023548099834,20472171.49454887,402.1002155112303,312.9194657237512
1.75,0.01,0.015,269.4955933261561,12.261089290857633,-0.020729313550835328,0.0,262929.04114036396,6289.02354807516,20472167.657064985,402.10019860042036,312.91945914364817
1.75,0.029999999999999995,-0.005,269.49436555235167,12.253285561491376,-0.06213840947136102,0.0,262928.6008595042,6289.023547262631,20472047.43220244,402.0996687801026,312.91925298714483
1.75,0.029999999999999995,0.005,269.49436555235167,12.253273756945152,-0.06213298282170064,0.0,262928.61170475464,6289.023547287277,20472051.24729883,402.0996855923885,312.9192595289158
1.75,0.029999999999999995,0.015,269.49436555235167,12.253285561491376,-0.06213840947136102,0.0,262928.6008595042,6289.023547262631,20472047.43220244,402.0996687801026,312.91925298714483
1.75,0.05,-0.005,269.49191376222655,12.237788211753818,-0.10337859003483031,0.0,262927.7229888609,6289.023546053738,20471807.34871695,402.0986109436506,312.91884137575124
1.75,0.05,0.005,269.49191376222655,12.23777643972171,-0.10336957089513502,0.0,262927.73374904064,6289.0235460783615,20471811.134234585,402.0986276258217,312.91884786690224
1.75,0.05,0.015,269.49191376222655,12.237788211753818,-0.10337859003483031,0.0,262927.7229888609,6289.023546053738,20471807.34871695,402.0986109436506,312.91884137575124
1.75,0.07,-0.005,269.48824866798475,12.21462079708599,-0.14433961300389936,0.0,262926.41112674307,6289.02354433755,20471448.460437275,402.097029664572,312.91822608824447
1.75,0.07,0.005,269.48824866798475,12.214609074289775,-0.14432704013370604,0.0,262926.42175977904,6289.023544362141,20471452.201743823,402.09704615225775,312.91823250373244
1.75,0.07,0.015,269.48824866798475,12.21462079708599,-0.14433961300389936,0.0,262926.41112674307,6289.02354433755,20471448.460437275,402.097029664572,312.91822608824447
1.75,0.09,-0.005,269.48338606030757,12.183792958665448,-0.18491176498115933,0.0,262924.6703103091,6289.023542115295,20470972.31479036,402.0949317367879,312.91740976699793
1.75,0.09,0.005,269.48338606030757,12.183781301306404,-0.18489569226142497,0.0,262924.6807746895,6289.023542139845,20470975.99744866,402.09494796647084,312.91741608211146
1.75,0.09,0.015,269.48338606030757,12.183792958665448,-0.18491176498115933,0.0,262924.6703103091,6289.023542115295,20470972.31479036,402.0949317367879,312.91740976699793
1.75,0.11,-0.005,269.4773468508607,12.145314540031865,-0.22498636598459126,0.0,262922.507181959,6289.023539399598,20470380.961353343,402.0923261646609,312.9163959141271
1.75,0.11,0.005,269.4773468508607,12.145302963802195,-0.22496686217908288,0.0,262922.51743690926,6289.0235394240935,20470384.571181905,402.09234207394115,312.91640210458917
1.75,0.11,0.015,269.4773468508607,12.145314540031865,-0.22498636598459126,0.0,262922.507181959,6289.023539399598,20470380.961353343,402.0923261646609,312.9163959141271
1.75,0.13,-0.005,269.4701569485557,12.099196347690532,-0.26445607106689617,0.0,262919.92996023013,6289.023536205317,20469676.939410504,402.0892241044171,312.9151888687293
1.75,0.13,0.005,269.4701569485557,12.099184867652527,-0.2644332194454962,0.0,262919.93996589055,6289.023536229747,20469680.46254498,402.08923963228153,312.9151949108019
1.75,0.13,0.015,269.4701569485557,12.099196347690532,-0.26445607106689617,0.0,262919.92996023013,6289.023536205317,20469676.939410504,402.0892241044171,312.9151888687293
1.75,0.15,-0.005,269.4618471394149,12.045451252382852,-0.3032151687356284,0.0,262916.9484179457,6289.0235325457425,20468863.266025454,402.0856388105214,312.9137937860584
1.75,0.15,0.005,269.4618471394149,12.045439882854925,-0.3031890666194701,0.0,262916.95813554333,6289.023532570093,20468866.688978415,402.0856538976047,312.9137996566441
1.75,0.15,0.015,269.4618471394149,12.045451252382852,-0.3032151687356284,0.0,262916.9484179457,6289.0235325457425,20468863.266025454,402.0856388105214,312.9137937860584
1.75,0.17,-0.005,269.45245291150354,11.98409364334138,-0.3411598394313517,0.0,262913.5738264796,6289.023528432885,20467943.41885553,402.0815855609624,312.91221660849897
1.75,0.17,0.005,269.45245291150354,11.984082397789612,-0.3411305976653349,0.0,262913.5832184955,6289.0235284571445,20467946.72857437,402.08160014980115,312.91222228523964
1.75,0.17,0.015,269.45245291150354,11.98409364334138,-0.3411598394313517,0.0,262913.5738264796,6289.023528432885,20467943.41885553,402.0815855609624,312.91221660849897
1.75,0.19,-0.005,269.4420142599973,11.915139147797065,-0.3781884195512135,0.0,262909.8188975494,6289.0235238772275,20466921.316997997,402.0770815737012,312.91046403310764
1.75,0.19,0.005,269.4420142599973,11.915128038730929,-0.3781561619081659,0.0,262909.82792787877,6289.02352390138,20466924.500920583,402.0770956089778,312.91046949447946
1.75,0.19,0.015,269.4420142599973,11.915139147797065,-0.3781884195512135,0.0,262909.8188975494,6289.0235238772275,20466921.316997997,402.0770815737012,312.91046403310764
1.75,0.21,-0.005,269.43057548300044,11.838604740646097,-0.41420165591437996,0.0,262905.69772710715,6289.023518887342,20465801.300922394,402.0721459191197,312.9085434776025
1.75,0.21,0.005,269.43057548300044,11.838593779525729,-0.41416651843671515,0.0,262905.70636121253,6289.023518911375,20465804.34703015,402.0721593478952,312.9085487030062
1.75,0.21,0.015,269.43057548300044,11.838604740646097,-0.41420165591437996,0.0,262905.69772710715,6289.023518887342,20465801.300922394,402.0721459191197,312.9085434776025
1.75,0.23,-0.005,269.4181849429152,11.754508343134447,-0.44910293395319667,0.0,262901.22572364914,6289.023513470011,20464588.109041058,402.06679941794704,312.90646304070435
1.75,0.23,0.005,269.4181849429152,11.754497540283676,-0.44906506423796405,0.0,262901.23392870533,6289.023513493904,20464591.00590933,402.0668121898824,312.90646801055146
1.75,0.23,0.015,269.4181849429152,11.754508343134447,-0.44910293395319667,0.0,262901.22572364914,6289.023513470011,20464588.109041058,402.06679941794704,312.90646304070435
1.75,0.25,-0.005,269.40489481847123,11.66286890679751,-0.48279850571583954,0.0,262896.41953914356,6289.023507628813,20463286.85331596,402.06106453426196,312.9042314605647
1.75,0.25,0.005,269.40489481847123,11.662858271326737,-0.4827580621492683,0.0,262896.427284174,6289.02350765255,20463289.590161365,402.06107660182596,312.9042361563586
1.75,0.25,0.015,269.40489481847123,11.66286890679751,-0.48279850571583954,0.0,262896.41953914356,6289.023507628813,20463286.85331596,402.06106453426196,312.9042314605647
1.75,0.27,-0.005,269.39076084064817,11.563706406082373,-0.5151976961916361,0.0,262891.29699443973,6289.023501363096,20461902.99329879,402.054965261783,312.90185807058265
1.75,0.27,0.005,269.39076084064817,11.563695945822122,-0.5151548471396669,0.0,262891.3042504437,6289.023501386659,20461905.560023326,402.0549765804471,312.90186247499406
1.75,0.27,0.015,269.39076084064817,11.563706406082373,-0.5151976961916361,0.0,262891.29699443973,6289.023501363096,20461902.99329879,402.054965261783,312.90185807058265
1.75,0.29,-0.005,269.3758420111518,11.457041559130978,-0.5462130843624426,0.0,262885.87699713954,6289.023494668296,20460442.308505803,402.0485270034684,312.89935275261814
1.75,0.29,0.005,269.3758420111518,11.457031280575022,-0.5461680073239137,0.0,262885.88373720896,6289.023494691663,20460444.69573757,402.0485375318857,312.8993568495551
1.75,0.29,0.015,269.3758420111518,11.457041559130978,-0.5462130843624426,0.0,262885.87699713954,6289.023494668296,20460442.308505803,402.0485270034684,312.89935275261814
1.75,0.31,-0.005,269.3602003105529,11.342895632257308,-0.5757606695838497,0.0,262880.179457463,6289.023487535872,20458910.869770363,402.0417764464061,312.8967258883715
1.75,0.31,0.005,269.3602003105529,11.342885540516685,-0.5757135503130588,0.0,262880.1856568898,6289.023487559021,20458913.06890068,402.04178614657627,312.8967296630433
1.75,0.31,0.015,269.3602003105529,11.342895632257308,-0.5757606695838497,0.0,262880.179457463,6289.023487535872,20458910.869770363,402.0417764464061,312.8967258883715
1.75,0.33,-0.005,269.3439003998311,11.221290417887403,-0.6037600228823574,0.0,262874.2252040305,6289.023479952649,20457315.00993417,402.0347414334643,312.8939883094998
1.75,0.33,0.005,269.3439003998311,11.221280516654549,-0.6037110544877976,0.0,262874.2308404023,6289.023479975558,20457317.013150916,402.0347502708804,312.89399174847415
1.75,0.33,0.015,269.3439003998311,11.221290417887403,-0.6037600228823574,0.0,262874.2252040305,6289.023479952649,20457315.00993417,402.0347414334643,312.8939883094998
1.75,0.35,-0.005,269.32700931093206,11.092247980082925,-0.6301344110948492,0.0,262868.03589423915,6289.023471901007,20455661.29349333,402.0274508306765,312.89115124606917
1.75,0.35,0.005,269.32700931093206,11.092238271605646,-0.630083793120883,0.0,262868.0409475241,6289.023471923654,20455663.09381051,402.027458774457,312.89115433732405
1.75,0.35,0.015,269.32700931093206,11.092247980082925,-0.6301344110948492,0.0,262868.03589423915,6289.023471901007,20455661.29349333,402.0274508306765,312.89115124606917
1.75,0.37,-0.005,269.3095961342335,10.955790413647842,-0.6548109032799826,0.0,262861.63392411714,6289.023463359311,20453956.48595481,402.0199343933877,312.8882262745226
1.75,0.37,0.005,269.3095961342335,10.955780898713666,-0.6547588407779588,0.0,262861.6383767374,6289.023463381669,20453958.077238057,402.01994141638994,312.88822900748994
1.75,0.37,0.015,269.3095961342335,10.955790413647842,-0.6548109032799826,0.0,262861.63392411714,6289.023463359311,20453956.48595481,402.0199343933877,312.8882262745226
1.75,0.39,-0.005,269.2917317029726,10.81193961724404,-0.6777204581417817,0.0,262855.0423375603,6289.023454302281,20452207.522899985,402.0122226309928,312.885225265092
1.75,0.39,0.005,269.2917317029726,10.811930295174347,-0.6776671607368453,0.0,262855.046174454,6289.023454324325,20452208.8998881,402.0122287099095,312.88522763069574
1.75,0.39,0.015,269.2917317029726,10.81193961724404,-0.6777204581417817,0.0,262855.0423375603,6289.023454302281,20452207.522899985,402.0122226309928,312.885225265092
1.75,0.41,-0.005,269.273488280812,10.660717184652386,-0.6987979936366421,0.0,262848.2847378391,6289.023444701422,20450421.479363997,402.004346672977,312.88216032971326
1.75,0.41,0.005,269.273488280812,10.660708053308781,-0.6987436745963406,0.0,262848.2879465099,6289.023444723125,20450422.637686346,402.00435178841474,312.8821623203997
1.75,0.41,0.015,269.273488280812,10.660717184652386,-0.6987979936366421,0.0,262848.2847378391,6289.023444701422,20450421.479363997,402.004346672977,312.88216032971326
1.75,0.43,-0.005,269.25493924618286,10.502144220619279,-0.7179824326648017,0.0,262841.3851972341,6289.023434524997,20448605.53889347,401.9963381332099,312.8790437692535
1.75,0.43,0.005,269.25493924618286,10.502135276417642,-0.717927307974961,0.0,262841.38776779,6289.023434546333,20448606.47508332,401.99634226974996,312.8790453790152
1.75,0.43,0.015,269.25493924618286,10.502144220619279,-0.7179824326648017,0.0,262841.3851972341,6289.023434524997,20448605.53889347,401.9963381332099,312.8790437692535
1.75,0.45,-0.005,269.23615878310653,10.336241255323147,-0.7352167344214259,0.0,262834.3681698088,6289.023423738509,20446766.96326272,401.98822897725313,312.87588802190436
1.75,0.45,0.005,269.23615878310653,10.336232493257322,-0.7351610218746164,0.0,262834.3700949878,6289.0234237594495,20446767.67476645,401.98823212349356,312.8758892462969
1.75,0.45,0.015,269.23615878310653,10.336241255323147,-0.7352167344214259,0.0,262834.3681698088,6289.023423738509,20446766.96326272,401.98822897725313,312.87588802190436
1.75,0.47,-0.005,269.2172215776631,10.163028169238256,-0.7504479037577017,0.0,262827.2584057306,6289.023412304832,20444913.06274061,401.9800513917919,312.87270561239467
1.75,0.47,0.005,269.2172215776631,10.163019582912954,-0.7503918220591279,0.0,262827.2596809158,6289.023412325347,20444913.547922846,401.9800535403736,312.87270644854635
1.75,0.47,0.015,269.2172215776631,10.163028169238256,-0.7504479037577017,0.0,262827.2584057306,6289.023412304832,20444913.06274061,401.9800513917919,312.87270561239467
1.75,0.49000000000000005,-0.005,269.1982025165644,9.98252377623064,-0.7636269639040361,0.0,262820.08086358465,6289.023400186434,20443051.16663793,401.97183765616376,312.8695091020107
1.75,0.49000000000000005,0.005,269.1982025165644,9.982515357902912,-0.7635707317991555,0.0,262820.08148680726,6289.023400206498,20443051.424782712,401.9718388037769,312.8695095486255
1.75,0.49000000000000005,0.015,269.1982025165644,9.98252377623064,-0.7636269639040361,0.0,262820.08086358465,6289.023400186434,20443051.16663793,401.97183765616376,312.8695091020107
1.75,0.51,-0.005,269.17917639494857,9.794745588678191,-0.7747089215161287,0.0,262812.8606270307,6289.023387346572,20441188.594734453,401.96362001712737,312.8663110398695
1.75,0.51,0.005,269.17917639494857,9.7947373293063,-0.7746527569437819,0.0,262812.8605989616,6289.023387366156,20441188.626042426,401.96362016450155,312.8663110972235
1.75,0.51,0.015,269.17917639494857,9.794745588678191,-0.7747089215161287,0.0,262812.8606270307,6289.023387346572,20441188.594734453,401.96362001712737,312.8663110398695
1.75,0.53,-0.005,269.16021763460355,9.599709606489956,-0.7836527145609767,0.0,262805.6228248764,6289.02337375056,20439332.62973853,401.9554305680815,312.8631239159169
1.75,0.53,0.005,269.16021763460355,9.599701495791225,-0.7835968338354964,0.0,262805.62214880716,6289.023373769634,20439332.435320362,401.95542971995945,312.86312358584786
1.75,0.53,0.015,269.16021763460355,9.599709606489956,-0.7836527145609767,0.0,262805.6228248764,6289.02337375056,20439332.62973853,401.9554305680815,312.8631239159169
1.75,0.55,-0.005,269.1414000174468,9.397430693626553,-0.790421170963251,0.0,262798.392560348,6289.023359364895,20437490.49118206,401.947301133449,312.8599601159264
1.75,0.55,0.005,269.1414000174468,9.397422720141513,-0.7903657879883695,0.0,262798.3912421611,6289.023359383435,20437490.073048156,401.9472992985433,312.85995940181726
1.75,0.55,0.015,269.1414000174468,9.397430693626553,-0.790421170963251,0.0,262798.392560348,6289.023359364895,20437490.49118206,401.947301133449,312.8599601159264
1.75,0.57,-0.005,269.12279642082746,9.187922054139571,-0.7949808960491446,0.0,262791.19483346405,6289.023344159874,20435669.309611425,401.9392631558916,312.8568318775935
1.75,0.57,0.005,269.12279642082746,9.187914205302956,-0.7949262215661194,0.0,262791.1928815926,6289.02334417785,20435668.670658045,401.9392603468255,312.8568307843493
1.75,0.57,0.015,269.12279642082746,9.187922054139571,-0.7949808960491446,0.0,262791.19483346405,6289.023344159874,20435669.309611425,401.9392631558916,312.8568318775935
1.75,0.59,-0.005,269.1044785677977,8.971195069015193,-0.7973021668817003,0.0,262784.05447102175,6289.023328110997,20433876.102214407,401.9313475891538,312.8537512488125
1.75,0.59,0.005,269.1044785677977,8.971187331235615,-0.7972484077532508,0.0,262784.0518963999,6289.0233281283845,20433875.246206474,401.931343822388,312.8537497828322
1.75,0.59,0.015,269.1044785677977,8.971195069015193,-0.7973021668817003,0.0,262784.05447102175,6289.023328110997,20433876.102214407,401.9313475891538,312.8537512488125
1.75,0.61,-0.005,269.08651679201756,8.74725948432129,-0.7973588314757079,0.0,262776.9960634243,6289.023311198902,20432117.74984116,401.92358479622874,312.850730048018
1.75,0.61,0.005,269.08651679201756,8.747251843063687,-0.7973061900066798,0.0,262776.99287942814,6289.023311215676,20432116.681391824,401.923580091973,312.8507282171602
1.75,0.61,0.015,269.08651679201756,8.74725948432129,-0.7973588314757079,0.0,262776.9960634243,6289.023311198902,20432117.74984116,401.92358479622874,312.850730048018
1.75,0.63,-0.005,269.0689798084369,8.516122899996803,-0.7951281480385836,0.0,262770.04389829136,6289.023293412751,20430400.97470558,401.9160044520557,312.8477798262841
1.75,0.63,0.005,269.0689798084369,8.516115339869408,-0.7950768213346557,0.0,262770.04012067115,6289.02329342889,20430399.699252672,401.9159988341673,312.8477776398273
1.75,0.63,0.015,269.0689798084369,8.516122899996803,-0.7951281480385836,0.0,262770.04389829136,6289.023293412751,20430400.97470558,401.9160044520557,312.8477798262841
1.75,0.65,-0.005,269.0519345006885,8.277790724187378,-0.7905906428720387,0.0,262763.22190243076,6289.02327475119,20428732.319653224,401.90863545187057,312.8449118316172
1.75,0.65,0.005,269.0519345006885,8.277783229031211,-0.7905408222371125,0.0,262763.2175492346,6289.0232747666705,20428730.843432866,401.9086289477393,312.8449093002156
1.75,0.65,0.015,269.0519345006885,8.277790724187378,-0.7905906428720387,0.0,262763.22190243076,6289.02327475119,20428732.319653224,401.90863545187057,312.8449118316172
1.75,0.67,-0.005,269.03544572105875,8.03226602959998,-0.783729947014898,0.0,262756.5535869481,6289.023255223912,20427118.128684767,401.9015058252915,312.8421369754762
1.75,0.67,0.005,269.03544572105875,8.032258582588018,-0.7836818173871934,0.0,262756.54867843824,6289.023255238715,20427116.458702333,401.9014984657134,312.84213411111006
1.75,0.67,0.015,269.03544572105875,8.03226602959998,-0.783729947014898,0.0,262756.5535869481,6289.023255223912,20427118.128684767,401.9015058252915,312.8421369754762
1.75,0.69,-0.005,269.0195761077862,7.779549767861455,-0.7745326403775795,0.0,262750.0619999689,6289.02323485227,20425564.529150438,401.89464265723836,312.83946580194805
1.75,0.69,0.005,269.0195761077862,7.779542351601973,-0.7744863798033496,0.0,262750.05655853066,6289.023234866379,20425562.673149005,401.8946344762776,312.83946261787054
1.75,0.69,0.015,269.0195761077862,7.779549767861455,-0.7745326403775795,0.0,262750.0619999689,6289.02323485227,20425564.529150438,401.89464265723836,312.83946580194805
1.75,0.71,-0.005,269.00438590279634,7.519640195293777,-0.7629880246177847,0.0,262743.76967462886,6289.023213673209,20424077.414095078,401.8880720110392,312.8369084577707
1.75,0.71,0.005,269.00438590279634,7.519632791936341,-0.7629438037618961,0.0,262743.7637246733,6289.02321368661,20424075.38052163,401.8880630458805,312.8369049684502
1.75,0.71,0.015,269.00438590279634,7.519640195293777,-0.7629880246177847,0.0,262743.76967462886,6289.023213673209,20424077.414095078,401.8880720110392,312.8369084577707
1.75,0.73,-0.005,268.98993278210975,7.252532930811163,-0.7490879442817759,0.0,262737.6985841832,6289.023191737929,20422662.42568217,401.8818188537288,312.834474663206
1.75,0.73,0.005,268.98993278210975,7.252525522150929,-0.7490459259737472,0.0,262737.6921520432,6289.023191750607,20422660.223651614,401.8818091445191,312.83447088426476
1.75,0.73,0.015,268.98993278210975,7.252532930811163,-0.7490879442817759,0.0,262737.6985841832,6289.023191737929,20422662.42568217,401.8818188537288,312.834474663206
1.75,0.75,-0.005,268.9762717106182,6.978221402676239,-0.7328266284657091,0.0,262731.87010717584,6289.023169111421,20421324.941032436,401.8759069923801,312.83217368720494
1.75,0.75,0.005,268.9762717106182,6.978213970262246,-0.7327869672805056,0.0,262731.863220997,6289.023169123369,20421322.580289725,401.8758965820624,312.83216963535426
1.75,0.75,0.015,268.9762717106182,6.978221402676239,-0.7328266284657091,0.0,262731.87010717584,6289.023169111421,20421324.941032436,401.8759069923801,312.83217368720494
1.75,0.77,-0.005,268.96345479900083,6.696696365946999,-0.7142004378920417,0.0,262726.3049882538,6289.0231458767075,20420070.058419775,401.8703590142257,312.8300143240465
1.75,0.77,0.005,268.96345479900083,6.696688891196468,-0.7141632797638191,0.0,262726.2976778803,6289.02314588792,20420067.54930038,401.87034794836535,312.83001001701905
1.75,0.77,0.015,268.96345479900083,6.696696365946999,-0.7142004378920417,0.0,262726.3049882538,6289.0231458767075,20420070.058419775,401.8703590142257,312.8300143240465
1.75,0.79,-0.005,268.95153116903737,6.40794592619186,-0.6932076447310307,0.0,262721.02330398746,6289.023122134968,20418902.584161658,401.86519622787785,312.8280048704028
1.75,0.79,0.005,268.95153116903737,6.407938390507677,-0.6931731265989624,0.0,262721.0156008428,6289.023122145442,20418899.93755024,401.8651845544794,312.82800032688175
1.75,0.79,0.015,268.95153116903737,6.40794592619186,-0.6932076447310307,0.0,262721.02330398746,6289.023122134968,20418902.584161658,401.86519622787785,312.8280048704028
1.75,0.81,-0.005,268.94054683185476,6.111955644643956,-0.6698482131179389,0.0,262716.0444330297,6289.023098005637,20417827.02077377,401.86043861011194,312.8261531045711
1.75,0.81,0.005,268.94054683185476,6.111948029531686,-0.6698164626018279,0.0,262716.0363699933,6289.023098015374,20417824.24806142,401.86042637943103,312.82614834411635
1.75,0.81,0.015,268.94054683185476,6.111955644643956,-0.6698482131179389,0.0,262716.0444330297,6289.023098005637,20417827.02077377,401.86043861011194,312.8261531045711
1.75,0.83,-0.005,268.93054456353036,5.808707526187065,-0.6441234784897577,0.0,262711.38702130184,6289.023073632124,20416847.55503956,401.8561047549712,312.8244662666085
1.75,0.83,0.005,268.93054456353036,5.8086998133727565,-0.6440946135863976,0.0,262711.37863258447,6289.023073641129,20416844.668080512,401.8560920193235,312.82446130958266
1.75,0.83,0.015,268.93054456353036,5.808707526187065,-0.6441234784897577,0.0,262711.38702130184,6289.023073632124,20416847.55503956,401.8561047549712,312.8244662666085
1.75,0.85,-0.005,268.9215638008237,5.498180765103775,-0.6160359823821541,0.0,262707.0689607865,6289.023049177559,20415968.047736485,401.85221182545524,312.822951039475
1.75,0.85,0.005,268.9215638008237,5.4981729366623595,-0.6160101111835762,0.0,262707.06028180296,6289.023049185841,20415965.058804106,401.85219863902086,312.82294590696705
1.75,0.85,0.015,268.9215638008237,5.498180765103775,-0.6160359823821541,0.0,262707.0689607865,6289.023049177559,20415968.047736485,401.85221182545524,312.822951039475
1.75,0.87,-0.005,268.9136405481415,5.1803526122428725,-0.5855893033110221,0.0,262703.1073714662,6289.023024821461,20415192.024490267,401.8487755106655,312.82161353230237
1.75,0.87,0.005,268.9136405481415,5.180344650711521,-0.5855665237710647,0.0,262703.0984386986,6289.023024829031,20415188.946229756,401.84876192927965,312.8216082460463
1.75,0.87,0.015,268.9136405481415,5.1803526122428725,-0.5855893033110221,0.0,262703.1073714662,6289.023024821461,20415192.024490267,401.8487755106655,312.82161353230237
1.75,0.89,-0.005,268.9068072797511,4.855197804220723,-0.552787749550744,0.0,262699.5185761524,6289.023000763032,20414522.666364346,401.8458099849989,312.8204592644633
1.75,0.89,0.005,268.9068072797511,4.855189692698153,-0.552768149259525,0.0,262699.50942701445,6289.023000769905,20414519.511745732,401.8457960659433,312.8204538467567
1.75,0.89,0.015,268.9068072797511,4.855197804220723,-0.552787749550744,0.0,262699.5185761524,6289.023000763032,20414522.666364346,401.8458099849989,312.8204592644633
1.75,0.91,-0.005,268.90109282804565,4.5226860710568495,-0.5176358808937152,0.0,262696.3180665381,6289.0229772307475,20413962.799276173,401.84332786522464,312.8194931488196
1.75,0.91,0.005,268.90109282804565,4.5226777933378965,-0.5176195368606309,0.0,262696.30873924174,6289.022977236946,20413959.581548106,401.8433136670231,312.8194876224441
1.75,0.91,0.015,268.90109282804565,4.5226860710568495,-0.5176358808937152,0.0,262696.3180665381,6289.0229772307475,20413962.799276173,401.84332786522464,312.8194931488196
1.75,0.93,-0.005,268.89652233070893,4.182785501479963,-0.48013860508805584,0.0,262693.5205068757,6289.022954468873,20413514.888454985,401.8413401788817,312.8187194793816
1.75,0.93,0.005,268.89652233070893,4.182777042177266,-0.4801255835472676,0.0,262693.5110402907,6289.022954474419,20413511.621096216,401.84132576108357,312.8187138675185
1.75,0.93,0.015,268.89652233070893,4.182785501479963,-0.48013860508805584,0.0,262693.5205068757,6289.022954468873,20413514.888454985,401.8413401788817,312.8187194793816
1.75,0.9499999999999998,-0.005,268.89311719042746,3.8354643497784893,-0.44030105544557957,0.0,262691.13973586523,6289.022932741872,20413181.034677725,401.8398563491438,312.8181419253814
1.75,0.9499999999999998,0.005,268.89311719042746,3.8354556944658933,-0.44029141169220143,0.0,262691.13016938174,6289.022932746793,20413177.731349565,401.8398417721131,312.81813625152944
1.75,0.9499999999999998,0.015,268.89311719042746,3.8354643497784893,-0.44030105544557957,0.0,262691.13973586523,6289.022932741872,20413181.034677725,401.8398563491438,312.8181419253814
1.75,0.9700000000000001,-0.005,268.89089507888104,3.480639509528517,-0.3981222623456369,0.0,262689.1889234609,6289.0229131703,20412963.00079407,401.838884709986,312.81776373176154
1.75,0.9700000000000001,0.005,268.89089507888104,3.48063064438459,-0.39811604053681915,0.0,262689.1792968633,6289.022913174639,20412959.6752962,401.8388700347088,312.81775801966194
1.75,0.9700000000000001,0.015,268.89089507888104,3.480639509528517,-0.3981222623456369,0.0,262689.1889234609,6289.0229131703,20412963.00079407,401.838884709986,312.81776373176154
1.75,0.99,-0.005,268.88982336414676,3.109718492288832,-0.35267553213483954,0.0,262687.682547782,6289.023001436688,20412860.899296336,401.83847616953943,312.81760471437144
1.75,0.99,0.005,268.88982336414676,3.1097094219094497,-0.3526726879502594,0.0,262687.6728824441,6289.023001440574,20412857.559003774,401.83846142869066,312.81759897674635
1.75,0.99,0.015,268.88982336414676,3.109718492288832,-0.35267553213483954,0.0,262687.682547782,6289.023001436688,20412860.899296336,401.83847616953943,312.81760471437144
1.75,1.01,-0.005,268.8896836081677,1.6166774324443855e-06,-1.8334861343735483e-07,0.0,262687.6447955247,6289.035192987333,20413227.9233205,401.8459101519513,312.82049825239017
1.75,1.01,0.005,268.8895438521886,-3.109718492288832,0.3526755321348396,0.0,262687.607043228,6289.023009969983,20412833.8074807,401.8383606665958,312.81755975680903
1.75,1.01,0.015,268.8896836081677,1.6166774324443855e-06,-1.8334861343735483e-07,0.0,262687.6447955247,6289.035192987333,20413227.9233205,401.8459101519513,312.82049825239017
1.8214285714285712,-0.01,-0.005,269.5026564804832,12.336058751177609,0.0,0.0,262931.78887587803,6289.023139541587,20472846.228680734,402.1029918177122,312.9205460002692
1.8214285714285712,-0.01,0.005,269.5026564804832,12.336058751177609,0.019785608021833028,0.0,262931.78887587803,6289.023139054808,20472846.213435657,402.1029915182868,312.9205458837613
1.8214285714285712,-0.01,0.015,269.5026564804832,12.336058751177609,0.0,0.0,262931.78887587803,6289.023139541587,20472846.228680734,402.1029918177122,312.9205460002692
1.8214285714285712,0.01,-0.005,269.5026564804832,12.336058751177609,-0.019785608021833028,0.0,262931.78887587803,6289.023139054808,20472846.213435657,402.1029915182868,312.9205458837613
1.8214285714285712,0.01,0.005,269.5026564804832,12.336047536278711,-0.019783701393623117,0.0,262931.80051135557,6289.023139075208,20472850.30133409,402.10300952933034,312.9205528919478
1.8214285714285712,0.01,0.015,269.5026564804832,12.336058751177609,-0.019785608021833028,0.0,262931.78887587803,6289.023139054808,20472846.213435657,402.1029915182868,312.9205458837613
1.8214285714285712,0.03,-0.005,269.50143119599187,12.328237412275115,-0.05930853055177883,0.0,262931.34832600906,6289.023138176024,20472726.230859235,402.10246274714643,312.9203401362143
1.8214285714285712,0.03,0.005,269.50143119599187,12.328226209327699,-0.05930310494364362,0.0,262931.3598928751,6289.023138196398,20472730.2949243,402.10248065330666,312.9203471035948
1.8214285714285712,0.03,0.015,269.50143119599187,12.328237412275115,-0.05930853055177883,0.0,262931.34832600906,6289.023138176024,20472726.230859235,402.10246274714643,312.9203401362143
1.8214285714285712,0.05,-0.005,269.49898456174526,12.312713436265193,-0.09866461051443037,0.0,262930.4700600267,6289.0231367842935,20472486.646688756,402.1014070499425,312.9199293586445
1.8214285714285712,0.05,0.005,269.49898456174526,12.312702258233973,-0.09865559313972776,0.0,262930.4815364227,6289.023136804644,20472490.67932179,402.1014248178398,312.91993627223513
1.8214285714285712,0.05,0.015,269.49898456174526,12.312713436265193,-0.09866461051443037,0.0,262930.4700600267,6289.0231367842935,20472486.646688756,402.1014070499425,312.9199293586445
1.8214285714285712,0.07,-0.005,269.4953272261244,12.289509005034697,-0.13774481275859135,0.0,262929.157652111,6289.023134779659,20472128.509360034,402.09982898161144,312.9193153225997
1.8214285714285712,0.07,0.005,269.4953272261244,12.289497864729263,-0.1377322424090167,0.0,262929.16899329104,6289.023134799977,20472132.495011874,402.099846542844,312.9193221557893
1.8214285714285712,0.07,0.015,269.4953272261244,12.289509005034697,-0.13774481275859135,0.0,262929.157652111,6289.023134779659,20472128.509360034,402.09982898161144,312.9193153225997
1.8214285714285712,0.09,-0.005,269.49047497713275,12.258633284239728,-0.17644071234106923,0.0,262927.4161415024,6289.023132171648,20471653.36628824,402.0977353398956,312.91850067193604
1.8214285714285712,0.09,0.005,269.49047497713275,12.258622194150275,-0.17642464295547808,0.0,262927.4273033261,6289.023132191924,20471657.28961951,402.09775262697883,312.91850739846996
1.8214285714285712,0.09,0.015,269.49047497713275,12.258633284239728,-0.17644071234106923,0.0,262927.4161415024,6289.023132171648,20471653.36628824,402.0977353398956,312.91850067193604
1.8214285714285712,0.11,-0.005,269.4844487102556,12.220095590209999,-0.2146449593499573,0.0,262925.25216963765,6289.023128980788,20471063.265702266,402.09513512687494,312.91748890787505
1.8214285714285712,0.11,0.005,269.4844487102556,12.220084562429665,-0.21462545976739186,0.0,262925.26310875546,6289.023129001009,20471067.111647394,402.095152073521,312.9174955019636
1.8214285714285712,0.11,0.015,269.4844487102556,12.220095590209999,-0.2146449593499573,0.0,262925.25216963765,6289.023128980788,20471063.265702266,402.09513512687494,312.91748890787505
1.8214285714285712,0.13,-0.005,269.4772743142141,12.173906201501962,-0.2522516090756023,0.0,262922.67395512614,6289.02312523116,20470360.74518441,402.09203949553665,312.9162843682465
1.8214285714285712,0.13,0.005,269.4772743142141,12.173895247625943,-0.2522287626570387,0.0,262922.6846291692,6289.023125251316,20470364.499017406,402.0920560369428,312.9162908046775
1.8214285714285712,0.13,0.015,269.4772743142141,12.173906201501962,-0.2522516090756023,0.0,262922.67395512614,6289.02312523116,20470360.74518441,402.09203949553665,312.9162843682465
1.8214285714285712,0.15,-0.005,269.4689825500073,12.120077287119612,-0.28915643217485726,0.0,262919.6912700171,6289.023120947452,20469548.819688793,402.08846169631914,312.91489220672895
1.8214285714285712,0.15,0.005,269.4689825500073,12.120066418157032,-0.2891303363476115,0.0,262919.7016377812,6289.023120967531,20469552.467087064,402.08847776944634,312.9148984609756
1.8214285714285712,0.15,0.015,269.4689825500073,12.120077287119612,-0.28915643217485726,0.0,262919.6912700171,6289.023120947452,20469548.819688793,402.08846169631914,312.91489220672895
1.8214285714285712,0.17,-0.005,269.4596088756771,12.05862243707571,-0.3252571891740533,0.0,262916.3153848826,6289.02311615503,20468630.964332692,402.0844170021886,312.9133183637425
1.8214285714285712,0.17,0.005,269.4596088756771,12.058611663363013,-0.32522795490351214,0.0,262916.325406507,6289.023116175018,20468634.49143883,402.0844325460329,312.9133244120693
1.8214285714285712,0.17,0.015,269.4596088756771,12.05862243707571,-0.3252571891740533,0.0,262916.3153848826,6289.02311615503,20468630.964332692,402.0844170021886,312.9133183637425
1.8214285714285712,0.19,-0.005,269.4491932517505,11.98955642146734,-0.3604539089773504,0.0,262912.5590111578,6289.023110879483,20467611.09527373,402.07992262513284,312.9115695340081
1.8214285714285712,0.19,0.005,269.4491932517505,11.989545752584531,-0.3604216601705481,0.0,262912.56864829577,6289.0231108993685,20467614.48875479,402.0799375809851,312.9115753535714
1.8214285714285712,0.19,0.015,269.4491932517505,11.98955642146734,-0.3604539089773504,0.0,262912.5590111578,6289.023110879483,20467611.09527373,402.07992262513284,312.9115695340081
1.8214285714285712,0.21,-0.005,269.437779935957,11.912895235989218,-0.39464915488732905,0.0,262908.43624410743,6289.023105146483,20466493.549541555,402.07499762827064,312.9096531324041
1.8214285714285712,0.21,0.005,269.437779935957,11.91288468068766,-0.3946140277339782,0.0,262908.4454600894,6289.023105166249,20466496.796645563,402.0750119399638,312.9096587013489
1.8214285714285712,0.21,0.015,269.437779935957,11.912895235989218,-0.39464915488732905,0.0,262908.43624410743,6289.023105146483,20466493.549541555,402.07499762827064,312.9096531324041
1.8214285714285712,0.23,-0.005,269.4254172449677,11.828655753153269,-0.427748267088674,0.0,262903.9624918101,6289.0230989816155,20465283.061636634,402.0696628237741,312.9075772543073
1.8214285714285712,0.23,0.005,269.4254172449677,11.828645319287064,-0.4277104093454302,0.0,262903.9712517979,6289.023099001247,20465286.15024602,402.0696764379186,312.9075825518581
1.8214285714285712,0.23,0.015,269.4254172449677,11.828655753153269,-0.427748267088674,0.0,262903.9624918101,6289.0230989816155,20465283.061636634,402.0696628237741,312.9075772543073
1.8214285714285712,0.25,-0.005,269.41215730610105,11.736855789219687,-0.45965960098842823,0.0,262899.1544058907,6289.023092409045,20463984.73910745,402.0639406657673,312.9053506339791
1.8214285714285712,0.25,0.005,269.41215730610105,11.7368454836851,-0.45961917121260903,0.0,262899.16267702216,6289.023092428526,20463987.657789256,402.06395353197183,312.90535564052635
1.8214285714285712,0.25,0.015,269.41215730610105,11.736855789219687,-0.45965960098842823,0.0,262899.1544058907,6289.023092409045,20463984.73910745,402.0639406657673,312.9053506339791
1.8214285714285712,0.27,-0.005,269.39805579259087,11.637514082180282,-0.49029474330102424,0.0,262894.0298067851,6289.023085450808,20462604.036537256,402.0578551365386,312.90298260035325
1.8214285714285712,0.27,0.005,269.39805579259087,11.637503910864057,-0.4902519100402842,0.0,262894.03755830845,6289.023085470121,20462606.774589777,402.05786720761535,312.90298729753283
1.8214285714285712,0.27,0.015,269.39805579259087,11.637514082180282,-0.49029474330102424,0.0,262894.0298067851,6289.023085450808,20462604.036537256,402.0578551365386,312.90298260035325
1.8214285714285712,0.29,-0.005,269.383171641904,11.530650026568802,-0.5195687037599115,0.0,262888.6076016558,6289.02307812678,20461146.72789277,402.05143162585625,312.9004830301376
1.8214285714285712,0.29,0.005,269.383171641904,11.530639994304158,-0.5195236447045091,0.0,262888.6148050532,6289.023078145907,20461149.275388427,402.05144285801,312.9004874009047
1.8214285714285712,0.29,0.015,269.383171641904,11.530650026568802,-0.5195687037599115,0.0,262888.6076016558,6289.02307812678,20461146.72789277,402.05143162585625,312.9004830301376
1.8214285714285712,0.31,-0.005,269.3675667635114,11.416283484392885,-0.5474000909743885,0.0,262882.9077002662,6289.023070454532,20459618.87783851,402.04469680565103,312.89786229911334
1.8214285714285712,0.31,0.005,269.3675667635114,11.416273594923965,-0.5473529920787706,0.0,262882.9143293661,6289.023070473456,20459621.225662883,402.0447071586518,312.8978663278094
1.8214285714285712,0.31,0.015,269.3675667635114,11.416283484392885,-0.5474000909743885,0.0,262882.9077002662,6289.023070454532,20459618.87783851,402.04469680565103,312.89786229911334
1.8214285714285712,0.33,-0.005,269.35130574011583,11.294434748250852,-0.5737112709961325,0.0,262876.95093061443,6289.023062448744,20458026.812399566,402.037678501571,312.89513123221354
1.8214285714285712,0.33,0.005,269.35130574011583,11.294425004205996,-0.5736623255766331,0.0,262876.95696169225,6289.023062467445,20458028.95228631,402.03768793890885,312.89513490462684
1.8214285714285712,0.33,0.015,269.35130574011583,11.294434748250852,-0.5737112709961325,0.0,262876.95093061443,6289.023062448744,20458026.812399566,402.037678501571,312.89513123221354
1.8214285714285712,0.35,-0.005,269.33445551798246,11.165124306466637,-0.5984284996693435,0.0,262870.75894947833,6289.023054121233,20456377.088580925,402.0304055601735,312.8923010519013
1.8214285714285712,0.35,0.005,269.33445551798246,11.165114709339216,-0.5983779074846651,0.0,262870.76436134457,6289.023054139688,20456379.013142522,402.03041404919486,312.89230435531994
1.8214285714285712,0.35,0.015,269.33445551798246,11.165124306466637,-0.5984284996693435,0.0,262870.75894947833,6289.023054121233,20456377.088580925,402.0304055601735,312.8923010519013
1.8214285714285712,0.37,-0.005,269.3170850941258,11.028372609347382,-0.6214820360459858,0.0,262864.3541521893,6289.023045481006,20454676.463685438,402.02290771472457,312.8893833260012
1.8214285714285712,0.37,0.005,269.3170850941258,11.028363159484972,-0.6214300023669566,0.0,262864.35892626585,6289.023045499196,20454678.166439652,402.0229152267508,312.88938624925913
1.8214285714285712,0.37,0.015,269.3170850941258,11.028372609347382,-0.6214820360459858,0.0,262864.3541521893,6289.023045481006,20454676.463685438,402.02290771472457,312.8893833260012
1.8214285714285712,0.39,-0.005,269.29926520044125,10.884199854045638,-0.6428062360388488,0.0,262857.75958198466,6289.023036534668,20452931.86434939,402.01521544982177,312.88638991506775
1.8214285714285712,0.39,0.005,269.29926520044125,10.884190550647011,-0.6427529707136989,0.0,262857.7637023682,6289.023036552571,20452933.339741398,402.015221960248,312.88639244858354
1.8214285714285712,0.39,0.015,269.29926520044125,10.884199854045638,-0.6428062360388488,0.0,262857.75958198466,6289.023036534668,20452931.86434939,402.01521544982177,312.88638991506775
1.8214285714285712,0.41,-0.005,269.28106799051005,10.732625860288907,-0.662339626218205,0.0,262850.9988410217,6289.023027286403,20451150.355834104,402.0073598668413,312.88333292006826
1.8214285714285712,0.41,0.005,269.28106799051005,10.73261670141119,-0.6622853427394056,0.0,262851.00229453406,6289.023027303996,20451151.59925416,402.0073653552159,312.883335055876
1.8214285714285712,0.41,0.015,269.28106799051005,10.732625860288907,-0.662339626218205,0.0,262850.9988410217,6289.023027286403,20451150.355834104,402.0073598668413,312.88333292006826
1.8214285714285712,0.43,-0.005,269.2625667238888,10.57366990825788,-0.6800249546298727,0.0,262844.0960003192,6289.023017737999,20449339.111080267,401.9993725482376,312.8802246296128
1.8214285714285712,0.43,0.005,269.2625667238888,10.573660890829675,-0.6799698692080156,0.0,262844.09877654625,6289.02301775526,20449340.118877128,401.99937699832407,312.88022636138675
1.8214285714285712,0.43,0.015,269.2625667238888,10.57366990825788,-0.6800249546298727,0.0,262844.0960003192,6289.023017737999,20449339.111080267,401.9993725482376,312.8802246296128
1.8214285714285712,0.45,-0.005,269.24383545653143,10.407350649314857,-0.6958092244077957,0.0,262837.07551226986,6289.02300788892,20447505.380372487,401.99128542442764,312.8770774681832
1.8214285714285712,0.45,0.005,269.24383545653143,10.407341769157197,-0.6957535550578364,0.0,262837.0776035863,6289.023007905827,20447506.14986227,401.9912888242454,312.8770787912529
1.8214285714285712,0.45,0.015,269.24383545653143,10.407350649314857,-0.6958092244077957,0.0,262837.07551226986,6289.02300788892,20447505.380372487,401.99128542442764,312.8770774681832
1.8214285714285712,0.47,-0.005,269.2249487365643,10.233686023435684,-0.7096437043966535,0.0,262829.9621247613,6289.022997736469,20445656.46153951,401.98313064294393,312.8739039452359
1.8214285714285712,0.47,0.005,269.2249487365643,10.23367727529041,-0.7095876700413205,0.0,262829.96352634404,6289.022997752998,20445656.99101039,401.9831329847913,312.87390485659625
1.8214285714285712,0.47,0.015,269.2249487365643,10.233686023435684,-0.7096437043966535,0.0,262829.9621247613,6289.022997736469,20445656.46153951,401.98313064294393,312.8739039452359
1.8214285714285712,0.49,-0.005,269.20598130237846,10.052692868824138,-0.7214839063630485,0.0,262822.78079339134,6289.02298727733,20443799.670433704,401.97494043933926,312.8707166049807
1.8214285714285712,0.49,0.005,269.20598130237846,10.052684246389001,-0.7214277259577035,0.0,262822.7815032198,6289.022987293459,20443799.95914624,401.97494171979764,312.87071710329275
1.8214285714285712,0.49,0.015,269.20598130237846,10.052692868824138,-0.7214839063630485,0.0,262822.78079339134,6289.02298727733,20443799.670433704,401.97494043933926,312.8707166049807
1.8214285714285712,0.51,-0.005,269.1870077900252,9.864386702845762,-0.731289552483201,0.0,262815.5565980081,6289.02297650829,20441942.31230432,401.9667470114931,312.86752797747346
1.8214285714285712,0.51,0.005,269.1870077900252,9.86437819881533,-0.7312334441659464,0.0,262815.55661685346,6289.022976523996,20441942.360487778,401.9667472314131,312.86752806305986
1.8214285714285712,0.51,0.015,269.1870077900252,9.864386702845762,-0.731289552483201,0.0,262815.5565980081,6289.02297650829,20441942.31230432,401.9667470114931,312.86752797747346
1.8214285714285712,0.53,-0.005,269.16810245072526,9.668781515947213,-0.739024524496212,0.0,262808.31466250744,6289.022965427169,20440091.654176965,401.9585823983161,312.8643505314136
1.8214285714285712,0.53,0.005,269.16810245072526,9.668773122061141,-0.7389687047666638,0.0,262808.31399391004,6289.02296544243,20440091.46302154,401.9585815627858,312.8643502062462
1.8214285714285712,0.53,0.015,269.16810245072526,9.668781515947213,-0.739024524496212,0.0,262808.31466250744,6289.022965427169,20440091.654176965,401.9585823983161,312.8643505314136
1.8214285714285712,0.55,-0.005,269.149338883589,9.465890109930081,-0.7446568164465205,0.0,262801.0800835985,6289.022954032021,20438254.89867667,401.9504783638537,312.8611966290347
1.8214285714285712,0.55,0.005,269.149338883589,9.465881817026853,-0.7446014993760822,0.0,262801.07873383333,6289.022954046816,20438254.470321823,401.95047648214916,312.86119589671523
1.8214285714285712,0.55,0.015,269.149338883589,9.465890109930081,-0.7446568164465205,0.0,262801.0800835985,6289.022954032021,20438254.89867667,401.9504783638537,312.8611966290347
1.8214285714285712,0.57,-0.005,269.1307897701912,9.255723609318117,-0.748158426049987,0.0,262793.87785303337,6289.02294232303,20436439.158125307,401.9424662837462,312.8580784819043
1.8214285714285712,0.57,0.005,269.1307897701912,9.25571540739405,-0.7481038225259461,0.0,262793.87583106593,6289.022942337339,20436438.49564448,401.94246336926705,312.8580773476395
1.8214285714285712,0.57,0.015,269.1307897701912,9.255723609318117,-0.748158426049987,0.0,262793.87785303337,6289.02294232303,20436439.158125307,401.9424662837462,312.8580784819043
1.8214285714285712,0.59,-0.005,269.1125266237152,9.038291306798973,-0.7495052492394337,0.0,262786.73278720054,6289.022930303511,20434651.430045698,401.9345770373408,312.85500810891597
1.8214285714285712,0.59,0.005,269.1125266237152,9.038283185073178,-0.7494515662445543,0.0,262786.73010463244,6289.0229303173155,20434650.53742749,401.93457310752916,312.8550065794864
1.8214285714285712,0.59,0.015,269.1125266237152,9.038291306798973,-0.7495052492394337,0.0,262786.73278720054,6289.022930303511,20434651.430045698,401.9345770373408,312.85500810891597
1.8214285714285712,0.61,-0.005,269.0946195533963,8.813600833514812,-0.7486769746257048,0.0,262779.6694635912,6289.02291797962,20432898.5741304,401.9268409055202,312.8519972965005
1.8214285714285712,0.61,0.005,269.0946195533963,8.813592780497197,-0.7486244145544728,0.0,262779.6661345955,6289.022917992901,20432897.45625639,401.9268359817653,312.8519953802232
1.8214285714285712,0.61,0.015,269.0946195533963,8.813600833514812,-0.7486769746257048,0.0,262779.6694635912,6289.02291797962,20432898.5741304,401.9268409055202,312.8519972965005
1.8214285714285712,0.63,-0.005,269.0771370345496,8.581657681014914,-0.745656925865648,0.0,262772.7121542157,6289.022905363006,20431187.289856497,401.9192874726762,312.84905756044185
1.8214285714285712,0.63,0.005,269.0771370345496,8.581649684578192,-0.7456056858782351,0.0,262772.7081954638,6289.0229053757475,20431185.952475917,401.9192815802043,312.8490552671278
1.8214285714285712,0.63,0.015,269.0771370345496,8.581657681014914,-0.745656925865648,0.0,262772.7121542157,6289.022905363006,20431187.289856497,401.9192874726762,312.84905756044185
1.8214285714285712,0.65,-0.005,269.0601456953875,8.342465154556038,-0.7404319162987808,0.0,262765.88476723206,6289.0228924713965,20429524.095684946,401.9119455345751,312.8462001099824
1.8214285714285712,0.65,0.005,269.0601456953875,8.342457202010912,-0.7403821877132694,0.0,262765.8801978119,6289.022892483583,20429522.54538644,401.91193870232723,312.84619745088906
1.8214285714285712,0.65,0.015,269.0601456953875,8.342465154556038,-0.7404319162987808,0.0,262765.88476723206,6289.0228924713965,20429524.095684946,401.9119455345751,312.8462001099824
1.8214285714285712,0.67,-0.005,269.04371011523426,8.09602423383583,-0.7329920838638198,0.0,262759.2107913294,6289.022879329543,20427915.30939319,401.90484301131454,312.84343581390374
1.8214285714285712,0.67,0.005,269.04371011523426,8.096016312011509,-0.73294405158655,0.0,262759.2056326557,6289.022879341161,20427913.553573843,401.90483527181084,312.84343280168207
1.8214285714285712,0.67,0.015,269.04371011523426,8.09602423383583,-0.7329920838638198,0.0,262759.2107913294,6289.022879329543,20427915.30939319,401.90484301131454,312.84343581390374
1.8214285714285712,0.69,-0.005,269.027892640241,7.8423337446405466,-0.7233307281195086,0.0,262752.71324766,6289.022865969841,20426367.03011459,401.89800686756575,312.8407751694383
1.8214285714285712,0.69,0.005,269.027892640241,7.842325839970883,-0.7232845701131275,0.0,262752.7075233778,6289.022865980881,20426365.076946456,401.89799825675976,312.8407718180765
1.8214285714285712,0.69,0.015,269.027892640241,7.8423337446405466,-0.7233307281195086,0.0,262752.71324766,6289.022865969841,20426367.03011459,401.89800686756575,312.8407751694383
1.8214285714285712,0.71,-0.005,269.0127532009341,7.581389832507636,-0.7114440891612662,0.0,262746.4146376204,6289.022852434954,20424885.120624308,401.89146303479924,312.8382282719499
1.8214285714285712,0.71,0.005,269.0127532009341,7.581381931117208,-0.7113999759494425,0.0,262746.40837350115,6289.022852445406,20424882.979018535,401.8914535919206,312.83822459671205
1.8214285714285712,0.71,0.015,269.0127532009341,7.581389832507636,-0.7114440891612662,0.0,262746.4146376204,6289.022852434954,20424885.120624308,401.89146303479924,312.8382282719499
1.8214285714285712,0.73,-0.005,268.99834914248265,7.3131860632124,-0.6973311668920102,0.0,262740.3368983557,6289.022838776834,20423475.190760445,401.8852363367478,312.8358047858713
1.8214285714285712,0.73,0.005,268.99834914248265,7.313178151000392,-0.697289261099842,0.0,262740.33012218785,6289.022838786693,20423472.87032943,401.8852261041361,312.83580080323264
1.8214285714285712,0.73,0.015,268.99834914248265,7.3131860632124,-0.6973311668920102,0.0,262740.3368983557,6289.022838776834,20423475.190760445,401.8852363367478,312.8358047858713
1.8214285714285712,0.75,-0.005,268.98473507873473,7.037713802595718,-0.6809935474659162,0.0,262734.50136716577,6289.022825056226,20422142.583189256,401.8793504254014,312.8335139197379
1.8214285714285712,0.75,0.005,268.98473507873473,7.037705865327831,-0.6809540033982073,0.0,262734.4941086385,6289.022825065487,20422140.09420636,401.87933944832935,312.83350964731625
1.8214285714285712,0.75,0.015,268.98473507873473,7.037713802595718,-0.6809935474659162,0.0,262734.50136716577,6289.022825056226,20422142.583189256,401.8793504254014,312.8335139197379
1.8214285714285712,0.77,-0.005,268.97196274796767,6.754961730967917,-0.6624351517422774,0.0,262728.9287415441,6289.022811345896,20420892.35945434,401.8738277200106,312.83136440239207
1.8214285714285712,0.77,0.005,268.97196274796767,6.754953754370898,-0.6623981149836994,0.0,262728.9210321288,6289.02281135456,20420889.71281294,401.87381604650346,312.8313598588775
1.8214285714285712,0.77,0.015,268.97196274796767,6.754961730967917,-0.6624351517422774,0.0,262728.9287415441,6289.022811345896,20420892.35945434,401.8738277200106,312.83136440239207
1.8214285714285712,0.79,-0.005,268.9600808706768,6.464915879473256,-0.6416620204024157,0.0,262723.63904289366,6289.022797730571,20419729.286123406,401.86868934493873,312.82936445873816
1.8214285714285712,0.79,0.005,268.9600808706768,6.464907849331105,-0.6416276274453608,0.0,262723.6309157229,6289.022797738639,20419726.49329496,401.8686770255893,312.82935966382087
1.8214285714285712,0.79,0.015,268.9600808706768,6.464915879473256,-0.6416620204024157,0.0,262723.63904289366,6289.022797730571,20419729.286123406,401.86868934493873,312.82936445873816
1.8214285714285712,0.81,-0.005,268.9491350317355,6.167559725050077,-0.6186820815051188,0.0,262718.6515877346,6289.022784307037,20418657.823329117,401.8639550781597,312.82752178964154
1.8214285714285712,0.81,0.005,268.9491350317355,6.167551627298961,-0.6186504594489572,0.0,262718.64307746635,6289.022784314512,20418654.89631626,401.8639421659214,312.8275167639314
1.8214285714285712,0.81,0.015,268.9491350317355,6.167559725050077,-0.6186820815051188,0.0,262718.6515877346,6289.022784307037,20418657.823329117,401.8639550781597,312.82752178964154
1.8214285714285712,0.83,-0.005,268.93916756079057,5.862873239638422,-0.5935048380131915,0.0,262713.98495394626,6289.022771188321,20417682.11325643,401.85964330148386,312.8258435525005
1.8214285714285712,0.83,0.005,268.93916756079057,5.862865060465173,-0.5934761042446501,0.0,262713.9760966352,6289.022771195214,20417679.064548284,401.85962985147347,312.82583831745023
1.8214285714285712,0.83,0.015,268.93916756079057,5.862873239638422,-0.5935048380131915,0.0,262713.98495394626,6289.022771188321,20417682.11325643,401.85964330148386,312.8258435525005
1.8214285714285712,0.85,-0.005,268.9302174246373,5.550833593719,-0.5661411896382681,0.0,262709.65695871966,6289.022758500401,20416805.969569948,401.85577095139257,312.82433634205745
1.8214285714285712,0.85,0.005,268.9302174246373,5.550825319658634,-0.5661154515589685,0.0,262709.6477916844,6289.022758506722,20416802.812096298,401.85575702068644,312.8243309198833
1.8214285714285712,0.85,0.015,268.9302174246373,5.550833593719,-0.5661411896382681,0.0,262709.65695871966,6289.022758500401,20416805.969569948,401.85577095139257,312.82433634205745
1.8214285714285712,0.87,-0.005,268.92232013466867,5.231415968325361,-0.5366032487470037,0.0,262705.6846407061,6289.022746379719,20416032.868341383,401.8523534769239,312.82300617395634
1.8214285714285712,0.87,0.005,268.92232013466867,5.231407586358099,-0.5365806035037061,0.0,262705.6752023875,6289.02274638548,20416029.615423735,401.8523391243416,312.8230005875538
1.8214285714285712,0.87,0.015,268.92232013466867,5.231415968325361,-0.5366032487470037,0.0,262705.6846407061,6289.022746379719,20416032.868341383,401.8523534769239,312.82300617395634
1.8214285714285712,0.89,-0.005,268.91550765106604,4.904593019389171,-0.5049040379847297,0.0,262702.08423529204,6289.022734975649,20415365.93880505,401.84940479921465,312.821858468948
1.8214285714285712,0.89,0.005,268.91550765106604,4.904584517029989,-0.5048845722475862,0.0,262702.07456511527,6289.022734980868,20415362.604108736,401.8493900851066,312.8218527418092
1.8214285714285712,0.89,0.015,268.91550765106604,4.904593019389171,-0.5049040379847297,0.0,262702.08423529204,6289.022734975649,20415365.93880505,401.84940479921465,312.821858468948
1.8214285714285712,0.91,-0.005,268.90980826624667,4.57033258333491,-0.4710570482539087,0.0,262698.8711391317,6289.022724457595,20414807.952225424,401.8469372649797,312.8208980347394
1.8214285714285712,0.91,0.005,268.90980826624667,4.570323948732888,-0.47104083801189434,0.0,262698.8612773655,6289.022724462293,20414804.549711056,401.8469222510114,312.82089219086873
1.8214285714285712,0.91,0.015,268.90980826624667,4.57033258333491,-0.4710570482539087,0.0,262698.8711391317,6289.022724457595,20414807.952225424,401.8469372649797,312.8208980347394
1.8214285714285712,0.93,-0.005,268.9052465546101,4.228600794839295,-0.43507626674280553,0.0,262696.0599146118,6289.022715004737,20414361.31670662,401.84496161801303,312.82012905486096
1.8214285714285712,0.93,0.005,268.9052465546101,4.228592016874803,-0.435063377107698,0.0,262696.0499022243,6289.022715008933,20414357.860580236,401.8449463669434,312.820123118689
1.8214285714285712,0.93,0.015,268.9052465546101,4.228600794839295,-0.43507626674280553,0.0,262696.0599146118,6289.022715004737,20414361.31670662,401.84496161801303,312.82012905486096
1.8214285714285712,0.95,-0.005,268.901843327322,3.8793635757722043,-0.3969760029001403,0.0,262693.66428954125,6289.022706811115,20414028.07296729,401.84348698235647,312.81955508208085
1.8214285714285712,0.95,0.005,268.901843327322,3.879354644163794,-0.3969664879316314,0.0,262693.65416805603,6289.022706814838,20414024.577630535,401.8434715578165,312.81954907837803
1.8214285714285712,0.95,0.015,268.901843327322,3.8793635757722043,-0.3969760029001403,0.0,262693.66428954125,6289.022706811115,20414028.07296729,401.84348698235647,312.81955508208085
1.8214285714285712,0.97,-0.005,268.89961560064063,3.52253284886661,-0.3567651198123115,0.0,262691.69727556844,6289.022700873467,20413809.9158743,401.8425213325248,312.8191792214013
1.8214285714285712,0.97,0.005,268.89961560064063,3.5225237536748772,-0.35675902232548956,0.0,262691.68708693294,6289.022700876754,20413806.395878438,401.8425057988175,312.8191731751999
1.8214285714285712,0.97,0.015,268.89961560064063,3.52253284886661,-0.3567651198123115,0.0,262691.69727556844,6289.022700873467,20413809.9158743,401.8425213325248,312.8191792214013
1.8214285714285712,0.99,-0.005,268.89853228603926,3.14969824209729,-0.31366667823644917,0.0,262690.168178593,6289.022787882706,20413706.641316663,401.84210703030425,312.81901796206824
1.8214285714285712,0.99,0.005,268.89853228603926,3.1496889875373437,-0.31366394716535156,0.0,262690.15794516285,6289.022787885679,20413703.104384188,401.84209142163564,312.81901188668644
1.8214285714285712,0.99,0.015,268.89853228603926,3.14969824209729,-0.31366667823644917,0.0,262690.168178593,6289.022787882706,20413706.641316663,401.84210703030425,312.81901796206824
1.8214285714285712,1.01,-0.005,268.898401490738,1.5323821489419358e-06,-1.526042120542209e-07,0.0,262690.13230535644,6289.035256727865,20414083.217886478,401.8497154152446,312.82197936929504
1.8214285714285712,1.01,0.005,268.89827069543674,-3.14969824209729,0.31366667823644917,0.0,262690.096432085,6289.022793164288,20413681.202553697,401.84199727622416,312.8189752423466
1.8214285714285712,1.01,0.015,268.898401490738,1.5323821489419358e-06,-1.526042120542209e-07,0.0,262690.13230535644,6289.035256727865,20414083.217886478,401.8497154152446,312.82197936929504
1.8928571428571423,-0.01,-0.005,269.50962964763903,12.40049096822959,0.0,0.0,262934.4175651948,6289.0228086631605,20473518.431950472,402.1057939703192,312.92163632987877
1.8928571428571423,-0.01,0.005,269.50962964763903,12.40049096822959,0.01894794566988237,0.0,262934.4175651948,6289.0228082167305,20473518.417968567,402.1057936957106,312.9216362230275
1.8928571428571423,-0.01,0.015,269.50962964763903,12.40049096822959,0.0,0.0,262934.4175651948,6289.0228086631605,20473518.431950472,402.1057939703192,312.92163632987877
1.8928571428571423,0.01,-0.005,269.509629647639,12.40049096822959,-0.01894794566988237,0.0,262934.4175651948,6289.0228082167305,20473518.417968567,402.1057936957106,312.9216362230275
1.8928571428571423,0.01,0.005,269.509629647639,12.4004804233555,-0.01894603597211103,0.0,262934.4299084048,6289.022808233482,20473522.749597065,402.10581277779954,312.9216436479373
1.8928571428571423,0.01,0.015,269.509629647639,12.40049096822959,-0.01894794566988237,0.0,262934.4175651948,6289.0228082167305,20473518.417968567,402.1057936957106,312.9216362230275
1.8928571428571423,0.029999999999999995,-0.005,269.5084085004076,12.392657382065163,-0.05679659174703925,0.0,262933.9774082399,6289.022807341733,20473398.84119462,402.10526672697773,312.9214311775212
1.8928571428571423,0.029999999999999995,0.005,269.5084085004076,12.392646845320916,-0.056791174799200365,0.0,262933.9896787703,6289.0228073584585,20473403.14758834,402.10528569802,312.92143855922706
1.8928571428571423,0.029999999999999995,0.015,269.5084085004076,12.392657382065163,-0.05679659174703925,0.0,262933.9774082399,6289.022807341733,20473398.84119462,402.10526672697773,312.9214311775212
1.8928571428571423,0.05,-0.005,269.5059702714454,12.377116454796921,-0.09447997247912523,0.0,262933.1000454552,6289.022805910136,20473160.078937426,402.1042146573498,312.9210218128893
1.8928571428571423,0.05,0.005,269.5059702714454,12.37710593544268,-0.09447096952375396,0.0,262933.1122202868,6289.022805926839,20473164.352106426,402.1042334822477,312.9210291377394
1.8928571428571423,0.05,0.015,269.5059702714454,12.377116454796921,-0.09447997247912523,0.0,262933.1000454552,6289.022805910136,20473160.078937426,402.1042146573498,312.9210218128893
1.8928571428571423,0.07,-0.005,269.50232556218265,12.353889219182765,-0.1318899483855206,0.0,262931.78903377557,6289.022803834316,20472803.1759176,402.1026420312686,312.92040989659563
1.8928571428571423,0.07,0.005,269.50232556218265,12.353878726302208,-0.13187739819648142,0.0,262931.80106557696,6289.022803850987,20472807.39942629,402.1026606377232,312.9204171364626
1.8928571428571423,0.07,0.015,269.50232556218265,12.353889219182765,-0.1318899483855206,0.0,262931.78903377557,6289.022803834316,20472803.1759176,402.1026420312686,312.92040989659563
1.8928571428571423,0.09,-0.005,269.4974901257703,12.322984288920159,-0.16891904593873436,0.0,262930.04940256645,6289.022801130384,20472329.676331047,402.10055563541283,312.91959806819034
1.8928571428571423,0.09,0.005,269.4974901257703,12.322973831376142,-0.16890300243306122,0.0,262930.0612446532,6289.022801147012,20472333.833967574,402.10057395210305,312.91960519532705
1.8928571428571423,0.09,0.015,269.4974901257703,12.322984288920159,-0.16891904593873436,0.0,262930.04940256645,6289.022801130384,20472329.676331047,402.10055563541283,312.91959806819034
1.8928571428571423,0.11,-0.005,269.4914848086532,12.284410421840501,-0.20546091957968177,0.0,262927.88778035383,6289.022797825048,20471741.62378245,402.09796445440827,312.91858982210186
1.8928571428571423,0.11,0.005,269.4914848086532,12.284400008200782,-0.20544145156870713,0.0,262927.89938688424,6289.022797841622,20471745.699626427,402.0979824112875,312.9185968092564
1.8928571428571423,0.11,0.015,269.4914848086532,12.284410421840501,-0.20546091957968177,0.0,262927.88778035383,6289.022797825048,20471741.62378245,402.09796445440827,312.91858982210186
1.8928571428571423,0.13,-0.005,269.4843354396754,12.23817732260432,-0.2414106997815153,0.0,262925.3123713036,6289.022793949614,20471041.55019807,402.09487961972843,312.91738948778703
1.8928571428571423,0.13,0.005,269.4843354396754,12.238166961062408,-0.24138789059253138,0.0,262925.3236974806,6289.022793966125,20471045.528690416,402.09489714833023,312.91739630832194
1.8928571428571423,0.13,0.015,269.4843354396754,12.23817732260432,-0.2414106997815153,0.0,262925.3123713036,6289.022793949614,20471041.55019807,402.09487961972843,312.91738948778703
1.8928571428571423,0.15,-0.005,269.4760727074415,12.184296409955374,-0.2766653150864022,0.0,262922.3329293716,6289.022789537599,20470232.463697284,402.0913143558539,312.91600220882134
1.8928571428571423,0.15,0.005,269.4760727074415,12.18428610826575,-0.2766392621070946,0.0,262922.34393163846,6289.022789554034,20470236.329708006,402.091331389588,312.9160088368281
1.8928571428571423,0.15,0.015,269.4760727074415,12.184296409955374,-0.2766653150864022,0.0,262922.3329293716,6289.022789537599,20470232.463697284,402.0913143558539,312.91600220882134
1.8928571428571423,0.17,-0.005,269.4667319857307,12.122780419980344,-0.3111237825861486,0.0,262918.9607044837,6289.022784624736,20469317.83144621,402.0872839055953,312.9144339138875
1.8928571428571423,0.17,0.005,269.4667319857307,12.12277018539299,-0.3110945967363254,0.0,262918.97134071356,6289.022784641083,20469321.57033998,402.0873003800354,312.91444032429916
1.8928571428571423,0.17,0.015,269.4667319857307,12.122780419980344,-0.3111237825861486,0.0,262918.9607044837,6289.022784624736,20469317.83144621,402.0872839055953,312.9144339138875
1.8928571428571423,0.19,-0.005,269.45635313966943,12.053643200286004,-0.34468750017282446,0.0,262915.20838548697,6289.0227792483465,20468301.560600895,402.08280544678246,312.9126912844107
1.8928571428571423,0.19,0.005,269.45635313966943,12.05363303948253,-0.3446553053081513,0.0,262915.2186151643,6289.022779264592,20468305.15829982,402.0828212999417,312.91269745310854
1.8928571428571423,0.19,0.015,269.45635313966943,12.053643200286004,-0.34468750017282446,0.0,262915.20838548697,6289.0227792483465,20468301.560600895,402.08280544678246,312.9126912844107
1.8928571428571423,0.21,-0.005,269.4449803194567,11.976899701212979,-0.37726052437152513,0.0,262911.0900422831,6289.02277344724,20467187.97804415,402.0778980039813,312.91078172026243
1.8928571428571423,0.21,0.005,269.4449803194567,11.97688962025328,-0.3772254566247652,0.0,262911.09982667625,6289.022773463372,20467191.42108758,402.07791317657427,312.910787624178
1.8928571428571423,0.21,0.015,269.4449803194567,11.976899701212979,-0.37726052437152513,0.0,262911.0900422831,6289.02277344724,20467187.97804415,402.0778980039813,312.91078172026243
1.8928571428571423,0.23,-0.005,269.43266172298473,11.892565674543032,-0.40874982667994025,0.0,262906.6210556115,6289.022767261347,20465981.80706437,402.07258234666097,312.90871330019604
1.8928571428571423,0.23,0.005,269.43266172298473,11.892555678813983,-0.40871203374540854,0.0,262906.6303579356,6289.022767277352,20465985.08266537,402.0725967823518,312.90871891740744
1.8928571428571423,0.23,0.015,269.43266172298473,11.892565674543032,-0.40874982667994025,0.0,262906.6210556115,6289.022767261347,20465981.80706437,402.07258234666097,312.90871330019604
1.8928571428571423,0.25,-0.005,269.41944934761494,11.800657724823076,-0.4390655422208528,0.0,262901.8180477535,6289.022760730492,20464688.142944016,402.06688088219624,312.90649474027373
1.8928571428571423,0.25,0.005,269.41944934761494,11.800647818993776,-0.4390251825883564,0.0,262901.82683332334,6289.022760746355,20464691.239042286,402.0668945278315,312.9065000500966
1.8928571428571423,0.25,0.015,269.41944934761494,11.800657724823076,-0.4390655422208528,0.0,262901.8180477535,6289.022760730492,20464688.142944016,402.06688088219624,312.90649474027373
1.8928571428571423,0.27,-0.005,269.40539872531025,11.701193276108684,-0.4681211956363925,0.0,262896.6988077719,6289.022753893824,20463312.42693774,402.06081754210106,312.90413534966143
1.8928571428571423,0.27,0.005,269.40539872531025,11.701183464092871,-0.4680784377811554,0.0,262896.70704414306,6289.022753909529,20463315.332248654,402.06083034792533,312.9041403327326
1.8928571428571423,0.27,0.015,269.40539872531025,11.701193276108684,-0.4681211956363925,0.0,262896.6988077719,6289.022753893824,20463312.42693774,402.06081754210106,312.90413534966143
1.8928571428571423,0.29,-0.005,269.3905686412482,11.5941903213398,-0.49583390316155085,0.0,262891.28220967914,6289.022746789571,20461860.418643847,402.05441766133697,312.9016449837286
1.8928571428571423,0.29,0.005,269.3905686412482,11.594180606264128,-0.4957889246967182,0.0,262891.2898667783,6289.0227468051025,20461863.122703537,402.05442958119244,312.9016496220837
1.8928571428571423,0.29,0.015,269.3905686412482,11.5941903213398,-0.49583390316155085,0.0,262891.28220967914,6289.022746789571,20461860.418643847,402.05441766133697,312.9016449837286
1.8928571428571423,0.31,-0.005,269.3750208418225,11.47966724099793,-0.5221245576093921,0.0,262885.5881284911,6289.022739454737,20460338.167336896,402.04770785299786,312.8990339953471
1.8928571428571423,0.31,0.005,269.3750208418225,11.479657625176783,-0.5220775444078387,0.0,262885.59517873346,6289.022739470079,20460340.660543054,402.0477188445043,312.8990382724909
1.8928571428571423,0.31,0.015,269.3750208418225,11.47966724099793,-0.5221245576093921,0.0,262885.5881284911,6289.022739454737,20460338.167336896,402.04770785299786,312.8990339953471
1.8928571428571423,0.33,-0.005,269.35881973596463,11.357642753195792,-0.5469179941568758,0.0,262879.6373558452,6289.022731924538,20458751.982640926,402.0407158799181,312.896313184991
1.8928571428571423,0.33,0.005,269.35881973596463,11.357633238113344,-0.5468691394490897,0.0,262879.64377423923,6289.022731939674,20458754.256289214,402.0407259046342,312.89631708595994
1.8928571428571423,0.33,0.015,269.35881973596463,11.357642753195792,-0.5469179941568758,0.0,262879.6373558452,6289.022731924538,20458751.982640926,402.0407158799181,312.896313184991
1.8928571428571423,0.35,-0.005,269.3420320858343,11.228135698591334,-0.5701431304967016,0.0,262873.45151089015,6289.022724232248,20457108.40417893,402.0334705219059,312.8934937491302
1.8928571428571423,0.35,0.005,269.3420320858343,11.228126284889253,-0.5700926339513543,0.0,262873.4572751295,6289.022724247162,20457110.45049493,402.0334795454714,312.893497260548
1.8928571428571423,0.35,0.015,269.3420320858343,11.228135698591334,-0.5701431304967016,0.0,262873.45151089015,6289.022724232248,20457108.40417893,402.0334705219059,312.8934937491302
1.8928571428571423,0.37,-0.005,269.32472669422896,11.091164814931483,-0.5917330868450428,0.0,262867.0529502237,6289.022716409072,20455414.17090715,402.02600144152245,312.890587228054
1.8928571428571423,0.37,0.005,269.32472669422896,11.091155502403058,-0.5916811536387195,0.0,262867.05804076575,6289.022716423745,20455415.98307371,402.0260094337799,312.89059033817887
1.8928571428571423,0.37,0.015,269.32472669422896,11.091164814931483,-0.5917330868450428,0.0,262867.0529502237,6289.022716409072,20455414.17090715,402.02600144152245,312.890587228054
1.8928571428571423,0.39,-0.005,269.3069740890374,10.94674853364433,-0.611625285291018,0.0,262860.46467746986,6289.0227084843555,20453676.190176986,402.0183390487282,312.88760545324817
1.8928571428571423,0.39,0.005,269.3069740890374,10.946739321234594,-0.6115721251733296,0.0,262860.46907760075,6289.022708498769,20453677.762356877,402.01834598382476,312.8876081520128
1.8928571428571423,0.39,0.015,269.3069740890374,10.94674853364433,-0.611625285291018,0.0,262860.46467746986,6289.0227084843555,20453676.190176986,402.0183390487282,312.88760545324817
1.8928571428571423,0.41,-0.005,269.28884620978596,10.794904844984693,-0.6297615277077584,0.0,262853.7102540997,6289.022700485361,20451901.50699519,402.0105143660902,312.8845604949848
1.8928571428571423,0.41,0.005,269.28884620978596,10.794895730798796,-0.629707354067831,0.0,262853.7139499861,6289.0227004995,20451902.83434916,402.0105202225595,312.8845627740282
1.8928571428571423,0.41,0.015,269.28884620978596,10.794904844984693,-0.6297615277077584,0.0,262853.7102540997,6289.022700485361,20451901.50699519,402.0105143660902,312.8845604949848
1.8928571428571423,0.43,-0.005,269.2704160925014,10.635651155019335,-0.6460880509715288,0.0,262846.8137097414,6289.022692437111,20450097.273128662,402.0025588932091,312.8814646096016
1.8928571428571423,0.43,0.005,269.2704160925014,10.635642136335257,-0.6460330799113364,0.0,262846.81669046823,6289.022692450954,20450098.35182872,402.0025636540313,312.8814664622926
1.8928571428571423,0.43,0.015,269.2704160925014,10.635651155019335,-0.6460880509715288,0.0,262846.8137097414,6289.022692437111,20450097.273128662,402.0025588932091,312.8814646096016
1.8928571428571423,0.45,-0.005,269.25175756017865,10.469004193611502,-0.6605555625886231,0.0,262839.79945471784,6289.022684362366,20448270.716771588,401.9945044735782,312.8783301877205
1.8928571428571423,0.45,0.005,269.25175756017865,10.468995266898974,-0.660500012008478,0.0,262839.8017123128,6289.0226843758965,20448271.544009726,401.9945081262209,312.8783316091737
1.8928571428571423,0.45,0.015,269.25175756017865,10.469004193611502,-0.6605555625886231,0.0,262839.79945471784,6289.022684362366,20448270.716771588,401.9945044735782,312.8783301877205
1.8928571428571423,0.47,-0.005,269.23294491849884,10.294979926294813,-0.6731192524824331,0.0,262832.6921940725,6289.022676281573,20446429.112733297,401.9863831635717,312.875169703287
1.8928571428571423,0.47,0.005,269.23294491849884,10.294971087240048,-0.6730633411834054,0.0,262832.6937235178,6289.022676294774,20446429.68672564,401.98638570001117,312.87517069037136
1.8928571428571423,0.47,0.015,269.23294491849884,10.294979926294813,-0.6731192524824331,0.0,262832.6921940725,6289.022676281573,20446429.112733297,401.9863831635717,312.875169703287
1.8928571428571423,0.49000000000000005,-0.005,269.21405265402814,10.113593190886236,-0.6837387738395619,0.0,262825.5168399378,6289.022668213891,20444579.752912197,401.97822710307776,312.8719956632425
1.8928571428571423,0.49000000000000005,0.005,269.21405265402814,10.113584434421577,-0.6836827206470816,0.0,262825.51763916854,6289.022668226743,20444580.072898626,401.97822851979913,312.8719962145814
1.8928571428571423,0.49000000000000005,0.015,269.21405265402814,10.113593190886236,-0.6837387738395619,0.0,262825.5168399378,6289.022668213891,20444579.752912197,401.97822710307776,312.8719956632425
1.8928571428571423,0.51,-0.005,269.19515514170433,9.924857493514695,-0.6923782122651175,0.0,262818.2984281875,6289.022660177636,20442729.917670045,401.9700683896839,312.8688205585702
1.8928571428571423,0.51,0.005,269.19515514170433,9.924848813852584,-0.6923222351775451,0.0,262818.29849807755,6289.022660190122,20442729.983909555,401.9700686876638,312.8688206745349
1.8928571428571423,0.51,0.015,269.19515514170433,9.924857493514695,-0.6923782122651175,0.0,262818.2984281875,6289.022660177636,20442729.917670045,401.9700683896839,312.8688205585702
1.8928571428571423,0.53,-0.005,269.1763263622104,9.728784808346226,-0.6990060355854145,0.0,262811.0620381443,6289.02265219089,20440886.8481878,401.9619389571195,312.8656568169909
1.8928571428571423,0.53,0.005,269.1763263622104,9.728776199019045,-0.6989503509509641,0.0,262811.0613824802,6289.022652202996,20440886.6619496,401.9619381417891,312.86565649968617
1.8928571428571423,0.53,0.015,269.1763263622104,9.728784808346226,-0.6990060355854145,0.0,262811.0620381443,6289.02265219089,20440886.8481878,401.9619389571195,312.8656568169909
1.8928571428571423,0.55,-0.005,269.1576396343626,9.525385878943611,-0.7035950413469507,0.0,262803.83272091905,6289.022644270642,20439057.720254496,401.95387045918136,312.8625167577836
1.8928571428571423,0.55,0.005,269.1576396343626,9.52537733284811,-0.7035398630717978,0.0,262803.83134636236,6289.02264428235,20439057.28380513,401.9538685403721,312.86251601102697
1.8928571428571423,0.55,0.015,269.1576396343626,9.525385878943611,-0.7035950413469507,0.0,262803.83272091905,6289.022644270642,20439057.720254496,401.95387045918136,312.8625167577836
1.8928571428571423,0.57,-0.005,269.1391673494985,9.314669765041861,-0.706122251042782,0.0,262796.63542177645,6289.022636434225,20437249.61833245,401.945894155842,312.8594125474492
1.8928571428571423,0.57,0.005,269.1391673494985,9.31466127448726,-0.7060677898326061,0.0,262796.63333781454,6289.022636445521,20437248.934919015,401.9458911477141,312.85941137674297
1.8928571428571423,0.57,0.015,269.1391673494985,9.314669765041861,-0.706122251042782,0.0,262796.63542177645,6289.022636434225,20437249.61833245,401.945894155842,312.8594125474492
1.8928571428571423,0.59,-0.005,269.120980720266,9.096643697700676,-0.7065688040481778,0.0,262789.494909589,6289.022628699973,20435469.51101544,401.9380408049903,312.85635615755785
1.8928571428571423,0.59,0.005,269.120980720266,9.096635254460958,-0.7065152666848724,0.0,262789.4921284761,6289.022628710844,20435468.58484524,401.93803672594555,312.85635457005566
1.8928571428571423,0.59,0.015,269.120980720266,9.096643697700676,-0.7065688040481778,0.0,262789.494909589,6289.022628699973,20435469.51101544,401.9380408049903,312.85635615755785
1.8928571428571423,0.61,-0.005,269.1031495447615,8.871313230277472,-0.7049198471558946,0.0,262782.43571303866,6289.022621086858,20433724.227965433,401.930340560091,312.8533593248942
1.8928571428571423,0.61,0.005,269.1031495447615,8.87130482564641,-0.7048674358107323,0.0,262782.43224972644,6289.0226210972905,20433723.064182114,401.93033543266966,312.8533573293606
1.8928571428571423,0.61,0.015,269.1031495447615,8.871313230277472,-0.7049198471558946,0.0,262782.43571303866,6289.022621086858,20433724.227965433,401.930340560091,312.8533593248942
1.8928571428571423,0.63,-0.005,269.08574197630054,8.638681792606747,-0.7011643788413877,0.0,262775.4820539623,6289.02261361643,20432020.437479824,401.92282287161436,312.8504335130623
1.8928571428571423,0.63,0.005,269.08574197630054,8.638673417456154,-0.7011132904256226,0.0,262775.47792602115,6289.022613626414,20432019.042136338,401.9228167223778,312.8504311198276
1.8928571428571423,0.63,0.015,269.08574197630054,8.638681792606747,-0.7011643788413877,0.0,262775.4820539623,6289.02261361643,20432020.437479824,401.92282287161436,312.8504335130623
1.8928571428571423,0.65,-0.005,269.0688243097858,8.398750642062359,-0.6952951007508301,0.0,262768.6577887207,6289.022606313138,20430364.62563847,401.9155163945506,312.8475898764543
1.8928571428571423,0.65,0.005,269.0688243097858,8.398742286903211,-0.6952455263041118,0.0,262768.6530162527,6289.022606322664,20430363.005666994,401.9155092539507,312.8475870973635
1.8928571428571423,0.65,0.015,269.0688243097858,8.398750642062359,-0.6952951007508301,0.0,262768.6577887207,6289.022606313138,20430364.62563847,401.9155163945506,312.8475898764543
1.8928571428571423,0.67,-0.005,269.0524607792456,8.15151873138577,-0.687308250480453,0.0,262761.9863523509,6289.022599205068,20428763.07656313,401.9084489009471,312.84483922616806
1.8928571428571423,0.67,0.005,269.0524607792456,8.151510386432339,-0.6872603745971755,0.0,262761.98095789447,6289.0225992141295,20428761.239742234,401.90844080318294,312.8448360745253
1.8928571428571423,0.67,0.015,269.0524607792456,8.15151873138577,-0.687308250480453,0.0,262761.9863523509,6289.022599205068,20428763.07656313,401.9084489009471,312.84483922616806
1.8928571428571423,0.69,-0.005,269.03671337252484,7.8969828445329915,-0.6772034319325236,0.0,262755.4907097915,6289.022592324243,20427221.85434649,401.9016471995205,312.8421919986739
1.8928571428571423,0.69,0.005,269.03671337252484,7.8969744997696765,-0.6771574322260965,0.0,262755.4847182188,6289.022592332831,20427219.809265736,401.9016381823837,312.84218848918243
1.8928571428571423,0.69,0.015,269.03671337252484,7.8969828445329915,-0.6772034319325236,0.0,262755.4907097915,6289.022592324243,20427221.85434649,401.9016471995205,312.8421919986739
1.8928571428571423,0.71,-0.005,269.0216416506597,7.6351371121166425,-0.6649833958739755,0.0,262749.1933042545,6289.022585708618,20425746.785497475,401.89513705829404,312.8396582256559
1.8928571428571423,0.71,0.005,269.0216416506597,7.635128757370133,-0.6649394424826764,0.0,262749.18674266053,6289.022585716729,20425744.541519064,401.89512716300095,312.8396543743526
1.8928571428571423,0.71,0.015,269.0216416506597,7.6351371121166425,-0.6649833958739755,0.0,262749.1933042545,6289.022585708618,20425746.785497475,401.89513705829404,312.8396582256559
1.8928571428571423,0.73,-0.005,269.0073025751944,7.365973140258146,-0.6506538612307717,0.0,262743.1160121165,6289.022579401178,20424343.442073014,401.8889431288284,312.8372475044697
1.8928571428571423,0.73,0.005,269.0073025751944,7.3659647652642635,-0.650612116330391,0.0,262743.1089097088,6289.022579408812,20424341.009293847,401.8889323998531,312.83724332866046
1.8928571428571423,0.73,0.015,269.0073025751944,7.365973140258146,-0.6506538612307717,0.0,262743.1160121165,6289.022579401178,20424343.442073014,401.8889431288284,312.8372475044697
1.8928571428571423,0.75,-0.005,268.99375035379086,7.089480332211672,-0.6342233350768559,0.0,262737.2801045886,6289.022573449682,20423017.126628075,401.88308887874,312.83496897182437
1.8928571428571423,0.75,0.005,268.99375035379086,7.089471926687116,-0.6341839524688747,0.0,262737.2724925633,6289.022573456838,20423014.51583677,401.883077363626,312.8349644900106
1.8928571428571423,0.75,0.015,268.99375035379086,7.089480332211672,-0.6342233350768559,0.0,262737.2801045886,6289.022573449682,20423017.126628075,401.88308887874,312.83496897182437
1.8928571428571423,0.77,-0.005,268.98103630620676,6.805645408052383,-0.6157028471897507,0.0,262731.70621031005,6289.022567909,20421772.859238107,401.8775965345858,312.83283128149714
1.8928571428571423,0.77,0.005,268.98103630620676,6.805636961771754,-0.6156659719127731,0.0,262731.69812172366,6289.022567915679,20421770.081870876,401.8775842837508,312.8328265132998
1.8928571428571423,0.77,0.015,268.98103630620676,6.805645408052383,-0.6157028471897507,0.0,262731.70621031005,6289.022567909,20421772.859238107,401.8775965345858,312.83283128149714
1.8928571428571423,0.79,-0.005,268.9692087253406,6.514452448984669,-0.5951057306061946,0.0,262726.4142800614,6289.022562841088,20420615.36396416,401.872487021147,312.8308425806465
1.8928571428571423,0.79,0.005,268.9692087253406,6.514443951854958,-0.595071498558724,0.0,262726.4057497031,6289.022562847296,20420612.432060536,401.8724740876887,312.83083754673044
1.8928571428571423,0.79,0.015,268.9692087253406,6.514452448984669,-0.5951057306061946,0.0,262726.4142800614,6289.022562841088,20420615.36396416,401.872487021147,312.8308425806465
1.8928571428571423,0.81,-0.005,268.9583127512074,6.215882982394218,-0.5724473907286303,0.0,262721.4235556241,6289.022558315143,20419549.056590173,401.8677799064176,312.8290104883455
1.8928571428571423,0.81,0.005,268.9583127512074,6.215874424527796,-0.5724159283417681,0.0,262721.4146198832,6289.0225583208885,20419545.98274726,401.86776634591075,312.82900521034094
1.8928571428571423,0.81,0.015,268.9583127512074,6.215882982394218,-0.5724473907286303,0.0,262721.4235556241,6289.022558315143,20419549.056590173,401.8677799064176,312.8290104883455
1.8928571428571423,0.83,-0.005,268.9483902499687,5.9099150895643,-0.5477450103980745,0.0,262716.75253554306,6289.022554410672,20418578.03294668,401.86349335058696,312.8273420756712
1.8928571428571423,0.83,0.005,268.9483902499687,5.909906461359526,-0.5477164343074284,0.0,262716.74323226686,6289.022554415962,20418574.830270097,401.8634792208668,312.8273365760888
1.8928571428571423,0.83,0.015,268.9483902499687,5.9099150895643,-0.5477450103980745,0.0,262716.75253554306,6289.022554410672,20418578.03294668,401.86349335058696,312.8273420756712
1.8928571428571423,0.85,-0.005,268.9394797116839,5.596524068243593,-0.5210173542603099,0.0,262712.41895469156,6289.022551215118,20417706.058889464,401.85964405976273,312.82584384763993
1.8928571428571423,0.85,0.005,268.9394797116839,5.596515360460759,-0.5209917710449354,0.0,262712.40932304965,6289.022551219965,20417702.740946345,401.85962942071706,312.82583814979
1.8928571428571423,0.85,0.015,268.9394797116839,5.596524068243593,-0.5210173542603099,0.0,262712.41895469156,6289.022551215118,20417706.058889464,401.85964405976273,312.82584384763993
1.8928571428571423,0.87,-0.005,268.9316161540906,5.275683178876538,-0.49228455972443863,0.0,262708.43976529175,6289.022548821976,20416936.560885023,401.8562472426401,312.8245217262923
1.8928571428571423,0.87,0.005,268.9316161540906,5.275674382714244,-0.4922620656470886,0.0,262708.4298456321,6289.022548826394,20416933.14165432,401.8562321559885,312.8245158541992
1.8928571428571423,0.87,0.015,268.9316161540906,5.275683178876538,-0.49228455972443863,0.0,262708.43976529175,6289.022548821976,20416936.560885023,401.8562472426401,312.8245217262923
1.8928571428571423,0.89,-0.005,268.92483102809086,4.947363133115627,-0.46156783560578263,0.0,262704.8311126438,6289.022547332953,20416272.616884016,401.8533165704319,312.82338103505055
1.8928571428571423,0.89,0.005,268.92483102809086,4.9473542402850175,-0.46154851637780625,0.0,262704.82094634743,6289.022547336956,20416269.110706285,401.8533010995035,312.82337501336553
1.8928571428571423,0.89,0.015,268.92483102809086,4.947363133115627,-0.46156783560578263,0.0,262704.8311126438,6289.022547332953,20416272.616884016,401.8533165704319,312.82338103505055
1.8928571428571423,0.91,-0.005,268.91915210469637,4.611530015394558,-0.4288890614211226,0.0,262701.60830080893,6289.022546862969,20415716.94546457,401.85086413058065,312.8224264806585
1.8928571428571423,0.91,0.005,268.91915210469637,4.611521018191432,-0.4288729919901162,0.0,262701.5979301435,6289.022546866578,20415713.3669914,401.8508483400889,312.8224203345724
1.8928571428571423,0.91,0.015,268.91915210469637,4.611530015394558,-0.4288890614211226,0.0,262701.60830080893,6289.022546862969,20415716.94546457,401.85086413058065,312.8224264806585
1.8928571428571423,0.93,-0.005,268.9146034242682,4.268148144901871,-0.39427075482595725,0.0,262698.7857968366,6289.022547532863,20415271.900682922,401.8489003998656,312.8216621426758
1.8928571428571423,0.93,0.005,268.9146034242682,4.268139036281158,-0.3942579991832815,0.0,262698.77526480856,6289.022547536098,20415268.264825776,401.84888435568143,312.82165589783057
1.8928571428571423,0.93,0.015,268.9146034242682,4.268148144901871,-0.39427075482595725,0.0,262698.7857968366,6289.022547532863,20415271.900682922,401.8489003998656,312.8216621426758
1.8928571428571423,0.95,-0.005,268.9112052482572,3.9171812920136944,-0.3577358555352948,0.0,262696.37722878176,6289.022549474679,20414939.467555832,401.8474342263847,312.82109146643006
1.8928571428571423,0.95,0.005,268.9112052482572,3.9171720656667284,-0.3577264665422008,0.0,262696.3665789871,6289.02254947756,20414935.789434522,401.8474179953071,312.8210851488291
1.8928571428571423,0.95,0.015,268.9112052482572,3.9171812920136944,-0.3577358555352948,0.0,262696.37722878176,6289.022549474679,20414939.467555832,401.8474342263847,312.82109146643006
1.8928571428571423,0.9700000000000001,-0.005,268.90897399639823,3.5585370546069166,-0.31930251569900836,0.0,262694.39546168846,6289.022553554315,20414721.27851257,401.8464732462867,312.820717425193
1.8928571428571423,0.9700000000000001,0.005,268.90897399639823,3.558527704350354,-0.3192965349015164,0.0,262694.38473817654,6289.022553556876,20414717.57340778,401.84645689583624,312.8207110611211
1.8928571428571423,0.9700000000000001,0.015,268.90897399639823,3.5585370546069166,-0.31930251569900836,0.0,262694.39546168846,6289.022553554315,20414721.27851257,401.8464732462867,312.820717425193
1.8928571428571423,0.99,-0.005,268.90788080302355,3.183994076388516,-0.27832342426260503,0.0,262692.8454467127,6289.022636879442,20414616.923257,401.84605243394583,312.820553632723
1.8928571428571423,0.99,0.005,268.90788080302355,3.1839846063225035,-0.2783207942795112,0.0,262692.8346728275,6289.022636881791,20414613.19923967,401.84603599986167,312.820547236095
1.8928571428571423,0.99,0.015,268.90788080302355,3.183994076388516,-0.27832342426260503,0.0,262692.8454467127,6289.022636879442,20414616.923257,401.84605243394583,312.820553632723
1.8928571428571423,1.01,-0.005,268.9077589685576,1.4428537896409585e-06,-1.2612460884047321e-07,0.0,262692.8116971781,6289.035348824346,20415001.986407388,401.8538142096362,312.8235747290227
1.8928571428571423,1.01,0.005,268.90763713409166,-3.183994076388516,0.2783234242626051,0.0,262692.777947613,6289.022640128271,20414593.175506946,401.8459491773302,312.82051344221526
1.8928571428571423,1.01,0.015,268.9077589685576,1.4428537896409585e-06,-1.2612460884047321e-07,0.0,262692.8116971781,6289.035348824346,20415001.986407388,401.8538142096362,312.8235747290227
1.9642857142857144,-0.01,-0.005,269.51640713602995,12.455258086747593,3.2954527064363343e-18,0.0,262936.90195797925,6289.022545286742,20474173.60298503,402.10855325932624,312.9227099773652
1.9642857142857144,-0.01,0.005,269.51640713602995,12.455258086747591,0.018204068348792245,0.0,262936.90195797925,6289.022544874679,20474173.590079084,402.10855300585604,312.92270987873934
1.9642857142857144,-0.01,0.015,269.51640713602995,12.455258086747593,3.2954527064363343e-18,0.0,262936.90195797925,6289.022545286742,20474173.60298503,402.10855325932624,312.9227099773652
1.9642857142857144,0.01,-0.005,269.51640713602995,12.455258086747591,-0.018204068348792245,0.0,262936.90195797925,6289.022544874679,20474173.59007908,402.10855300585604,312.92270987873934
1.9642857142857144,0.01,0.005,269.51640713602995,12.455248264712727,-0.01820215875003025,0.0,262936.91498075717,6289.022544888357,20474178.155308384,402.10857311462144,312.9227177031057
1.9642857142857144,0.01,0.015,269.51640713602995,12.455258086747591,-0.018204068348792245,0.0,262936.90195797925,6289.022544874679,20474173.59007908,402.10855300585604,312.92270987873934
1.9642857142857144,0.03,-0.005,269.51519196108245,12.447417547743246,-0.0545658574591218,0.0,262936.46289056883,6289.02254405439,20474054.600345504,402.1080286614122,312.922505855054
1.9642857142857144,0.03,0.005,269.51519196108245,12.447407730120418,-0.05456045793804975,0.0,262936.475836776,6289.0225440680415,20474059.139000453,402.1080486532394,312.92251363392455
1.9642857142857144,0.03,0.015,269.51519196108245,12.447417547743246,-0.0545658574591218,0.0,262936.46289056883,6289.02254405439,20474054.600345504,402.1080286614122,312.922505855054
1.9642857142857144,0.05,-0.005,269.5127657861951,12.43186938377888,-0.09076357509308543,0.0,262935.58780845406,6289.0225426888555,20473817.020564806,402.10698185667025,312.9220985404111
1.9642857142857144,0.05,0.005,269.5127657861951,12.431859576160045,-0.09075460112394461,0.0,262935.6006539652,6289.022542702484,20473821.52428358,402.10700169482925,312.922106259499
1.9642857142857144,0.05,0.015,269.5127657861951,12.43186938377888,-0.09076357509308543,0.0,262935.58780845406,6289.0225426888555,20473817.020564806,402.10698185667025,312.9220985404111
1.9642857142857144,0.07,-0.005,269.50913915882944,12.408633544523703,-0.12668972868611403,0.0,262934.28024916636,6289.022540702962,20473461.891036406,402.1054171226003,312.92148969703453
1.9642857142857144,0.07,0.005,269.50913915882944,12.408623752361043,-0.12667721896377415,0.0,262934.2929441812,6289.022540716561,20473466.342537783,402.1054367310742,312.9214973267661
1.9642857142857144,0.07,0.015,269.50913915882944,12.408633544523703,-0.12668972868611403,0.0,262934.28024916636,6289.022540702962,20473461.891036406,402.1054171226003,312.92148969703453
1.9642857142857144,0.09,-0.005,269.50432776887317,12.377718068443249,-0.16223754020651987,0.0,262932.5452220808,6289.022538117727,20472990.749898862,402.1033412215856,312.9206819550237
1.9642857142857144,0.09,0.005,269.50432776887317,12.377708297045885,-0.16222154853613513,0.0,262932.5577174843,6289.022538131284,20472995.132138386,402.1033605253926,312.92068946622766
1.9642857142857144,0.09,0.015,269.50432776887317,12.377718068443249,-0.16223754020651987,0.0,262932.5452220808,6289.022538117727,20472990.749898862,402.1033412215856,312.9206819550237
1.9642857142857144,0.11,-0.005,269.498352379542,12.339131132522516,-0.19730141572434018,0.0,262930.38933074236,6289.02253496432,20472405.632726025,402.1007631050637,312.91967879589697
1.9642857142857144,0.11,0.005,269.498352379542,12.339121386998968,-0.1972820107743941,0.0,262930.40157831233,6289.022534977824,20472409.928967595,402.1007820305706,312.9196861599261
1.9642857142857144,0.11,0.015,269.498352379542,12.339131132522516,-0.19730141572434018,0.0,262930.38933074236,6289.02253496432,20472405.632726025,402.1007631050637,312.91967879589697
1.9642857142857144,0.13,-0.005,269.4912387178329,12.29288182768012,-0.23177730742700747,0.0,262927.8207499089,6289.022531279151,20471709.061606005,402.09769386367327,312.91848453322586
1.9642857142857144,0.13,0.005,269.4912387178329,12.29287211288078,-0.23175457235151342,0.0,262927.8327025286,6289.022531292593,20471713.255495586,402.09771233891723,312.9184917220824
1.9642857142857144,0.13,0.015,269.4912387178329,12.29288182768012,-0.23177730742700747,0.0,262927.8207499089,6289.022531279151,20471709.061606005,402.09769386367327,312.91848453322586
1.9642857142857144,0.15,-0.005,269.4830173499102,12.238980783014204,-0.2655630477382356,0.0,262924.84919773915,6289.022527102131,20470904.032839935,402.0941466729546,312.91710429154705
1.9642857142857144,0.15,0.005,269.4830173499102,12.23897110348803,-0.2655370797218958,0.0,262924.860809605,6289.022527115501,20470908.10847723,402.09416462795787,312.9171112780048
1.9642857142857144,0.15,0.015,269.4830173499102,12.238980783014204,-0.2655630477382356,0.0,262924.84919773915,6289.022527102131,20470904.032839935,402.0941466729546,312.91710429154705
1.9642857142857144,0.17,-0.005,269.4737235078186,12.177439835328743,-0.2985586554282163,0.0,262921.48588306183,6289.022522476302,20469993.99991152,402.0901367189973,312.91554397747706
1.9642857142857144,0.17,0.005,269.4737235078186,12.177430195277891,-0.29852956515897605,0.0,262921.497109883,6289.022522489586,20469997.94191906,402.0901540860692,312.91555073519896
1.9642857142857144,0.17,0.015,269.4737235078186,12.177439835328743,-0.2985586554282163,0.0,262921.48588306183,6289.022522476302,20469993.99991152,402.0901367189973,312.91554397747706
1.9642857142857144,0.19,-0.005,269.463396896612,12.108271853760764,-0.3306666409856825,0.0,262917.74344910483,6289.0225174473635,20468982.854529638,402.08568111564097,312.91381024754554
1.9642857142857144,0.19,0.005,269.463396896612,12.108262256995856,-0.3306345520594982,0.0,262917.75424829463,6289.022517460551,20468986.64811897,402.08569782966845,312.9138167511966
1.9642857142857144,0.19,0.015,269.463396896612,12.108271853760764,-0.3306666409856825,0.0,262917.74344910483,6289.0225174473635,20468982.854529638,402.08568111564097,312.91381024754554
1.9642857142857144,0.21,-0.005,269.45208148748566,12.031490687405826,-0.36179229626204534,0.0,262913.6359149209,6289.022512063349,20467874.90630038,402.0807988157853,312.91191047374105
1.9642857142857144,0.21,0.005,269.45208148748566,12.031481137310209,-0.36175734452529246,0.0,262913.64624577883,6289.02251207643,20467878.537335012,402.080814814509,312.9119166990957
1.9642857142857144,0.21,0.015,269.45208148748566,12.031490687405826,-0.36179229626204534,0.0,262913.6359149209,6289.022512063349,20467874.90630038,402.0807988157853,312.91191047374105
1.9642857142857144,0.23,-0.005,269.4398252816508,11.947110905980255,-0.3918439640088143,0.0,262909.1786060965,6289.022506374204,20466674.859527964,402.07551051006715,312.90985270414427
1.9642857142857144,0.23,0.005,269.4398252816508,11.947101405475076,-0.39180629684401086,0.0,262909.1884299794,6289.022506387166,20466678.31458271,402.0755257343421,312.90985862818764
1.9642857142857144,0.23,0.015,269.4398252816508,11.947110905980255,-0.3918439640088143,0.0,262909.1786060965,6289.022506374204,20466674.859527964,402.07551051006715,312.90985270414427
1.9642857142857144,0.25,-0.005,269.42668006255747,11.855147837055302,-0.4207332966553029,0.0,262904.3880855757,6289.022500430725,20465387.78885271,402.06983852014963,312.9076456214663
1.9642857142857144,0.25,0.005,269.42668006255747,11.855138388569893,-0.4206930722164287,0.0,262904.3973660582,6289.022500443553,20465391.055269226,402.0698529141893,312.90765122248956
1.9642857142857144,0.25,0.015,269.42668006255747,11.855147837055302,-0.4207332966553029,0.0,262904.3880855757,6289.022500430725,20465387.78885271,402.06983852014963,312.9076456214663
1.9642857142857144,0.27,-0.005,269.41270113143497,11.755617524734522,-0.44837549189897813,0.0,262899.28207898384,6289.022494283889,20464019.11326688,402.0638066850663,312.9052984988863
1.9642857142857144,0.27,0.005,269.41270113143497,11.755608130182281,-0.44833287830285906,0.0,262899.29078200704,6289.0224942965715,20464022.179205067,402.0638201966697,312.9053037565745
1.9642857142857144,0.27,0.015,269.41270113143497,11.755617524734522,-0.44837549189897813,0.0,262899.28207898384,6289.022494283889,20464019.11326688,402.0638066850663,312.9052984988863
1.9642857142857144,0.29,-0.005,269.39794702667496,11.648536493854161,-0.47468950472169735,0.0,262893.8793932377,6289.02248798448,20462574.568558406,402.0574402407827,312.9028211532489
1.9642857142857144,0.29,0.005,269.39794702667496,11.648527154612651,-0.4746446792020289,0.0,262893.8874872444,6289.022487997004,20462577.423043463,402.05745282154123,312.9028260487619
1.9642857142857144,0.29,0.015,269.39794702667496,11.648536493854161,-0.47468950472169735,0.0,262893.8793932377,6289.02248798448,20462574.568558406,402.0574402407827,312.9028211532489
1.9642857142857144,0.31,-0.005,269.3824792325672,11.53392157713839,-0.4995982410731328,0.0,262888.19983297895,6289.022481582728,20461060.17871404,402.05076569515046,312.9002238964679
1.9642857142857144,0.31,0.005,269.3824792325672,11.533912294034263,-0.49955138910384317,0.0,262888.2072890365,6289.022481595079,20461062.81167901,402.0507773006362,312.9002284125134
1.9642857142857144,0.31,0.015,269.3824792325672,11.53392157713839,-0.4995982410731328,0.0,262888.19983297895,6289.022481582728,20461060.17871404,402.05076569515046,312.9002238964679
1.9642857142857144,0.33,-0.005,269.3663618811868,11.411789854513408,-0.5230287307200225,0.0,262882.26411632274,6289.022475127702,20459482.226647653,402.04381069973425,312.8975174857106
1.9642857142857144,0.33,0.005,269.3663618811868,11.411780627813094,-0.5229800451147119,0.0,262882.2709082322,6289.0224751398655,20459484.628971286,402.04382128966813,312.89752160660976
1.9642857142857144,0.33,0.015,269.3663618811868,11.411789854513408,-0.5230287307200225,0.0,262882.26411632274,6289.022475127702,20459482.226647653,402.04381069973425,312.8975174857106
1.9642857142857144,0.35,-0.005,269.3496614440264,11.282158457487746,-0.5449122747125839,0.0,262876.0937862558,6289.022468666942,20457847.22393594,402.03660391731694,312.89471307189694
1.9642857142857144,0.35,0.005,269.3496614440264,11.282149286891965,-0.5448619547066119,0.0,262876.099890647,6289.022468678905,20457849.387475766,402.03661345571516,312.89471678364146
1.9642857142857144,0.35,0.015,269.3496614440264,11.282158457487746,-0.5449122747125839,0.0,262876.0937862558,6289.022468666942,20457847.22393594,402.03660391731694,312.89471307189694
1.9642857142857144,0.37,-0.005,269.3324464201553,11.145044352845765,-0.565184571514597,0.0,262869.7111209477,6289.022462246238,20456161.88022386,402.02917488793986,312.89182214762394
1.9642857142857144,0.37,0.005,269.3324464201553,11.145035237488763,-0.5651328218362611,0.0,262869.7165173599,6289.022462257988,20456163.797844354,402.02918334323977,312.89182543792515
1.9642857142857144,0.37,0.015,269.3324464201553,11.145044352845765,-0.565184571514597,0.0,262869.7111209477,6289.022462246238,20456161.88022386,402.02917488793986,312.89182214762394
1.9642857142857144,0.39,-0.005,269.31478702155704,11.000464150864753,-0.5837858215090171,0.0,262863.13904371794,6289.022455909644,20454433.072367415,402.02155389380323,312.888856494642
1.9642857142857144,0.39,0.005,269.31478702155704,11.00045508931789,-0.5837328514460217,0.0,262863.1437146669,6289.022455921165,20454434.73796323,402.0215612389678,312.8888593529715
1.9642857142857144,0.39,0.015,269.31478702155704,11.000464150864753,-0.5837858215090171,0.0,262863.13904371794,6289.022455909644,20454433.072367415,402.02155389380323,312.888856494642
1.9642857142857144,0.41,-0.005,269.29675486002424,10.848433964352793,-0.6006608088004143,0.0,262856.4010338945,6289.022449699038,20452667.81372205,402.0137718244942,312.88582813145206
1.9642857142857144,0.41,0.005,269.29675486002424,10.84842495463444,-0.6006068312675604,0.0,262856.4049649243,6289.022449710315,20452669.222236287,402.01377803709454,312.88583054907394
1.9642857142857144,0.41,0.015,269.29675486002424,10.848433964352793,-0.6006608088004143,0.0,262856.4010338945,6289.022449699038,20452667.81372205,402.0137718244942,312.88582813145206
1.9642857142857144,0.43,-0.005,269.27842263307116,10.688969282041763,-0.6157589601552825,0.0,262849.5210376819,6289.022443653945,20450873.223350327,402.00586004185584,312.8827492607565
1.9642857142857144,0.43,0.005,269.27842263307116,10.68896032163019,-0.6157041907688574,0.0,262849.52421740326,6289.022443664966,20450874.37078788,402.0058651041319,312.88275123075124
1.9642857142857144,0.43,0.015,269.27842263307116,10.688969282041763,-0.6157589601552825,0.0,262849.5210376819,6289.022443653945,20450873.223350327,402.00586004185584,312.8827492607565
1.9642857142857144,0.45,-0.005,269.2598638150691,10.52208487485099,-0.6290343823756601,0.0,262842.5233808408,6289.022437811261,20449056.49574637,401.9978502469661,312.87963221772463
1.9642857142857144,0.45,0.005,269.2598638150691,10.522075960701946,-0.6289790385397859,0.0,262842.52580095443,6289.022437822012,20449057.379182376,401.9978541458666,312.8796337350046
1.9642857142857144,0.45,0.015,269.2598638150691,10.52208487485099,-0.6290343823756601,0.0,262842.5233808408,6289.022437811261,20449056.49574637,401.9978502469661,312.87963221772463
1.9642857142857144,0.47,-0.005,269.241152353424,10.347794704044546,-0.6404458751081669,0.0,262835.4326828657,6289.022432205137,20447224.871067572,401.98977434929407,312.8764894190972
1.9642857142857144,0.47,0.005,269.241152353424,10.34778583261309,-0.6403901751178548,0.0,262835.4343381726,6289.022432215605,20447225.48865107,401.98977707649505,312.8764904804141
1.9642857142857144,0.47,0.015,269.241152353424,10.347794704044546,-0.6404458751081669,0.0,262835.4326828657,6289.022432205137,20447224.871067572,401.98977434929407,312.8764894190972
1.9642857142857144,0.49,-0.005,269.22236236749717,10.166111584775285,-0.6499569145221742,0.0,262828.27376972645,6289.022426867574,20445385.605665877,401.9816643373772,312.8733333128755
1.9642857142857144,0.49,0.005,269.22236236749717,10.166102752040855,-0.6499010766873038,0.0,262828.274658124,6289.022426877744,20445385.95661879,401.9816658892802,312.8733339168198
1.9642857142857144,0.49,0.015,269.22236236749717,10.166111584775285,-0.6499569145221742,0.0,262828.27376972645,6289.022426867574,20445385.605665877,401.9816643373772,312.8733333128755
1.9642857142857144,0.51,-0.005,269.2035678567457,9.977046996510026,-0.6575356234306858,0.0,262821.0715908041,6289.022421828629,20443545.943518788,401.9735521531423,312.8701763294204
1.9642857142857144,0.51,0.005,269.2035678567457,9.977038198004491,-0.6574798652246799,0.0,262821.07171326946,6289.022421838489,20443546.02813033,401.97355253085226,312.8701764764129
1.9642857142857144,0.51,0.015,269.2035678567457,9.977046996510026,-0.6575356234306858,0.0,262821.0715908041,6289.022421828629,20443545.943518788,401.9735521531423,312.8701763294204
1.9642857142857144,0.53,-0.005,269.18484241852303,9.780610889220435,-0.66315472115685,0.0,262813.85113871907,6289.022417116776,20441713.088619478,401.965469570383,312.8670308341615
1.9642857142857144,0.53,0.005,269.18484241852303,9.780602120060559,-0.6630992583933789,0.0,262813.85049928,6289.022417126315,20441712.908236254,401.9654687796677,312.86703052643765
1.9642857142857144,0.53,0.015,269.18484241852303,9.780610889220435,-0.66315472115685,0.0,262813.85113871907,6289.022417116776,20441713.088619478,401.965469570383,312.8670308341615
1.9642857142857144,0.55,-0.005,269.1662589805361,9.57681195017799,-0.6667914663384462,0.0,262806.63737741695,6289.022412758069,20439894.17877318,401.95744807873245,312.86390908243635
1.9642857142857144,0.55,0.005,269.1662589805361,9.576803205101612,-0.6667365123789962,0.0,262806.63598310977,6289.022412767277,20439893.73578501,401.95744612996197,312.86390832402276
1.9642857142857144,0.55,0.015,269.1662589805361,9.57681195017799,-0.6667914663384462,0.0,262806.63737741695,6289.022412758069,20439894.17877318,401.95744807873245,312.86390908243635
1.9642857142857144,0.57,-0.005,269.147889535717,9.365657185370264,-0.6684275530028984,0.0,262799.4551648635,6289.022408777147,20438096.25969591,401.9495187697115,312.8608231751306
1.9642857142857144,0.57,0.005,269.147889535717,9.365648458774563,-0.6683733179974011,0.0,262799.4530256804,6289.022408786012,20438095.557517767,401.94951567778156,312.8608219718156
1.9642857142857144,0.57,0.015,269.147889535717,9.365657185370264,-0.6684275530028984,0.0,262799.4551648635,6289.022408777147,20438096.25969591,401.9495187697115,312.8608231751306
1.9642857142857144,0.59,-0.005,269.1298048912328,9.147151784319144,-0.668049003198394,0.0,262792.3291825952,6289.022405197677,20436326.260487948,401.941712228448,312.8577850165179
1.9642857142857144,0.59,0.005,269.1298048912328,9.14714307030187,-0.6679956933606878,0.0,262792.3263114205,6289.022405206191,20436325.303538043,401.94170801268547,312.8577833758147
1.9642857142857144,0.59,0.015,269.1298048912328,9.147151784319144,-0.668049003198394,0.0,262792.3291825952,6289.022405197677,20436326.260487948,401.941712228448,312.8577850165179
1.9642857142857144,0.61,-0.005,269.1120744326706,8.921299251841829,-0.6656460516843664,0.0,262785.28387177514,6289.022402041973,20434590.970574096,401.9340584313439,312.8548062744074
1.9642857142857144,0.61,0.005,269.1120744326706,8.921290544244785,-0.6655938686038706,0.0,262785.280284311,6289.022402050131,20434589.76424847,401.93405311539755,312.8548042055116
1.9642857142857144,0.61,0.015,269.1120744326706,8.921299251841829,-0.6656460516843664,0.0,262785.28387177514,6289.022402041973,20434590.970574096,401.9340584313439,312.8548062744074
1.9642857142857144,0.63,-0.005,269.0947658939583,8.68810099400273,-0.6612129911721842,0.0,262778.34336665284,6289.02239933239,20432897.017268047,401.9265866472352,312.8518983416451
1.9642857142857144,0.63,0.005,269.0947658939583,8.68809228645789,-0.6611621311628232,0.0,262778.33908133564,6289.022399340181,20432895.567911837,401.9265802589505,312.85189585538626
1.9642857142857144,0.63,0.015,269.0947658939583,8.68810099400273,-0.6612129911721842,0.0,262778.34336665284,6289.02239933239,20432897.017268047,401.9265866472352,312.8518983416451
1.9642857142857144,0.65,-0.005,269.07794514409704,8.447556267383334,-0.6547480203504801,0.0,262771.53143594856,6289.022397091456,20431250.84494918,401.91932534496215,312.84907230010356
1.9642857142857144,0.65,0.005,269.07794514409704,8.447547553358282,-0.6546986738370022,0.0,262771.5264738566,6289.022397098877,20431249.159824852,401.9193179162433,312.84906940889175
1.9642857142857144,0.65,0.015,269.07794514409704,8.447556267383334,-0.6547480203504801,0.0,262771.53143594856,6289.022397091456,20431250.84494918,401.91932534496215,312.84907230010356
1.9642857142857144,0.67,-0.005,269.061675986675,8.199662056251979,-0.6462530712666638,0.0,262764.87142758165,6289.022395342486,20429658.695511412,401.9123021066882,312.846338886905
1.9642857142857144,0.67,0.005,269.061675986675,8.199653329100506,-0.6462054222146185,0.0,262764.8658123327,6289.022395349533,20429656.78276355,401.9122936733447,312.84633560467074
1.9642857142857144,0.67,0.015,269.061675986675,8.199662056251979,-0.6462530712666638,0.0,262764.87142758165,6289.022395342486,20429658.695511412,401.9123021066882,312.846338886905
1.9642857142857144,0.69,-0.005,269.046019971175,7.9444131701867455,-0.6357336386760783,0.0,262758.3862185654,6289.02239410973,20428126.589953635,401.90554354595605,312.8437084624827
1.9642857142857144,0.69,0.005,269.046019971175,7.944404423202636,-0.6356878640318102,0.0,262758.3799762136,6289.0223941164,20428124.45857334,401.9055341475471,312.84370480461683
1.9642857142857144,0.69,0.015,269.046019971175,7.9444131701867455,-0.6357336386760783,0.0,262758.3862185654,6289.02239410973,20428126.589953635,401.90554354595605,312.8437084624827
1.9642857142857144,0.71,-0.005,269.0310362018457,7.681801801023057,-0.6231985734461436,0.0,262752.098160544,6289.022393419821,20426660.30978141,401.8990752254707,312.8411909785333
1.9642857142857144,0.71,0.005,269.0310362018457,7.681793027494244,-0.6231548426513615,0.0,262752.09131946135,6289.022393426114,20426657.969565623,401.8990649051263,312.8411869618173
1.9642857142857144,0.71,0.015,269.0310362018457,7.681801801023057,-0.6231985734461436,0.0,262752.098160544,6289.022393419821,20426660.30978141,401.8990752254707,312.8411909785333
1.9642857142857144,0.73,-0.005,269.0167811832694,7.411817673121692,-0.6086598759812927,0.0,262746.0290400945,6289.022393301184,20425265.3819357,401.8929215894137,312.8387959516214
1.9642857142857144,0.73,0.005,269.0167811832694,7.411808866381096,-0.6086183505085839,0.0,262746.0216308497,6289.022393307102,20425262.843445245,401.89291039365145,312.83879159415625
1.9642857142857144,0.73,0.015,269.0167811832694,7.411817673121692,-0.6086598759812927,0.0,262746.0290400945,6289.022393301184,20425265.3819357,401.8929215894137,312.8387959516214
1.9642857142857144,0.75,-0.005,269.003308665628,7.1344483142723565,-0.5921325085784063,0.0,262740.2000398792,6289.022393783735,20423947.063703667,401.8871058957848,312.83653243679356
1.9642857142857144,0.75,0.005,269.003308665628,7.134439467751367,-0.5920933414898132,0.0,262740.1920951113,6289.022393789279,20423944.338219874,401.88709387431874,312.8365277579251
1.9642857142857144,0.75,0.015,269.003308665628,7.1344483142723565,-0.5921325085784063,0.0,262740.2000398792,6289.022393783735,20423947.063703667,401.8871058957848,312.83653243679356
1.9642857142857144,0.77,-0.005,268.99066949755775,6.849678585531575,-0.5736341437825544,0.0,262734.6316974607,6289.022394900838,20422710.328443706,401.88165015339007,312.8344090029983
1.9642857142857144,0.77,0.005,268.99066949755775,6.849669692816401,-0.5735974793424267,0.0,262734.62325175083,6289.022394906012,20422707.427924056,401.88163735893477,312.8344040232413
1.9642857142857144,0.77,0.015,268.99066949755775,6.849678585531575,-0.5736341437825544,0.0,262734.6316974607,6289.022394900838,20422710.328443706,401.88165015339007,312.8344090029983
1.9642857142857144,0.79,-0.005,268.97891149215314,6.557490729251579,-0.5531849381167762,0.0,262729.3438714651,6289.022396689279,20421559.852539334,401.8765750632952,312.83243371024446
1.9642857142857144,0.79,0.005,268.97891149215314,6.557481784142818,-0.5531509113973844,0.0,262729.3349611951,6289.02239669409,20421556.789568745,401.8765615513519,312.8324284511993
1.9642857142857144,0.79,0.015,268.97891149215314,6.557490729251579,-0.5531849381167762,0.0,262729.3438714651,6289.022396689279,20421559.852539334,401.8765750632952,312.83243371024446
1.9642857142857144,0.81,-0.005,268.96807930650647,6.257864440145572,-0.5308072998342671,0.0,262724.35571194557,6289.0223991894645,20420500.003677905,401.8718999662382,312.8306140890792
1.9642857142857144,0.81,0.005,268.96807930650647,6.257855436714143,-0.5307760363989228,0.0,262724.3463751632,6289.02239919392,20420496.791422114,401.8718857948882,312.8306085733512
1.9642857142857144,0.81,0.015,268.96807930650647,6.257864440145572,-0.5308072998342671,0.0,262724.35571194557,6289.0223991894645,20420500.003677905,401.8718999662382,312.8306140890792
1.9642857142857144,0.83,-0.005,268.9582143131304,5.9507760311068205,-0.5065255893941558,0.0,262719.6856240811,6289.022402447845,20419534.828408185,401.8676427879376,312.82895711924726
1.9642857142857144,0.83,0.005,268.9582143131304,5.950766963751301,-0.5064972049867754,0.0,262719.6759003565,6289.022402451954,20419531.48056433,401.86762801762393,312.82895137036206
1.9642857142857144,0.83,0.015,268.9582143131304,5.9507760311068205,-0.5065255893941558,0.0,262719.6856240811,6289.022402447845,20419534.828408185,401.8676427879376,312.82895711924726
1.9642857142857144,0.85,-0.005,268.9493544998376,5.636199055866039,-0.4803659145550883,0.0,262715.3512483183,6289.022406515093,20418668.042346455,401.86381999409406,312.8274692121256
1.9642857142857144,0.85,0.005,268.9493544998376,5.636189919370958,-0.4803405148145814,0.0,262715.3411785985,6289.022406518867,20418664.57309276,401.8638046873986,312.82746325444214
1.9642857142857144,0.85,0.015,268.9493544998376,5.636199055866039,-0.4803659145550883,0.0,262715.3512483183,6289.022406515093,20418668.042346455,401.86381999409406,312.8274692121256
1.9642857142857144,0.87,-0.005,268.9415343777602,5.314104986513427,-0.4523559112278388,0.0,262711.36944259785,6289.022411445069,20417903.021200597,401.86044654941924,312.8261561947272
1.9642857142857144,0.87,0.005,268.9415343777602,5.314095776106223,-0.45233359143021806,0.0,262711.3590690589,6289.022411448521,20417899.44514534,401.8604307708367,312.82615005334975
1.9642857142857144,0.87,0.015,268.9415343777602,5.314104986513427,-0.4523559112278388,0.0,262711.36944259785,6289.022411445069,20417903.021200597,401.86044654941924,312.8261561947272
1.9642857142857144,0.89,-0.005,268.934784886226,4.984462722065737,-0.4225244406389823,0.0,262707.75625791703,6289.0224172964845,20417242.79156741,401.85753587700526,312.8250232938411
1.9642857142857144,0.89,0.005,268.934784886226,4.984453433472314,-0.422505285463631,0.0,262707.74562381406,6289.0224172996295,20417239.123697147,401.8575196927131,312.82501699452956
1.9642857142857144,0.89,0.015,268.934784886226,4.984462722065737,-0.4225244406389823,0.0,262707.75625791703,6289.0224172964845,20417242.79156741,401.85753587700526,312.8250232938411
1.9642857142857144,0.91,-0.005,268.929133282377,4.647236721057128,-0.3909012169803272,0.0,262704.5269052844,6289.022424136637,20416690.02029691,401.85509981242166,312.8240751181234
1.9642857142857144,0.91,0.005,268.929133282377,4.647227350550697,-0.3908853002979353,0.0,262704.5160548006,6289.022424139488,20416686.275924288,401.8550832900488,312.8240686872033
1.9642857142857144,0.91,0.015,268.929133282377,4.647236721057128,-0.3909012169803272,0.0,262704.5269052844,6289.022424136637,20416690.02029691,401.85509981242166,312.8240751181234
1.9642857142857144,0.93,-0.005,268.9246030905497,4.302389612304199,-0.35751672424445163,0.0,262701.69575960387,6289.022432036272,20416247.00942321,401.85314857822414,312.8233156481373
1.9642857142857144,0.93,0.005,268.9246030905497,4.30238015675959,-0.3575041089260146,0.0,262701.6847376973,6289.022432038849,20416243.204134174,401.85313178661573,312.82330911240814
1.9642857142857144,0.93,0.015,268.9246030905497,4.302389612304199,-0.35751672424445163,0.0,262701.69575960387,6289.022432036272,20416247.00942321,401.85314857822414,312.8233156481373
1.9642857142857144,0.95,-0.005,268.92121405242256,3.949883173584372,-0.3224019688867346,0.0,262699.2763565241,6289.0224410749315,20415915.691491835,401.85169076529166,312.82274822905606
1.9642857142857144,0.95,0.005,268.92121405242256,3.9498736305313007,-0.32239270663238856,0.0,262699.26520877465,6289.022441077251,20415911.8410926,401.85167377427405,312.82274161569967
1.9642857142857144,0.95,0.015,268.92121405242256,3.949883173584372,-0.3224019688867346,0.0,262699.2763565241,6289.0224410749315,20415915.691491835,401.85169076529166,312.82274822905606
1.9642857142857144,0.9699999999999999,-0.005,268.91898203900746,3.5896212798146174,-0.2855838154777313,0.0,262697.28142551566,6289.022451989281,20415697.64122418,401.850733693,312.82237571082396
1.9642857142857144,0.9699999999999999,0.005,268.91898203900746,3.5896116467269015,-0.2855779466414927,0.0,262697.27019798325,6289.022451991371,20415693.761692155,401.85071657316547,312.8223690473207
1.9642857142857144,0.9699999999999999,0.015,268.91898203900746,3.5896212798146174,-0.2855838154777313,0.0,262697.28142551566,6289.022451989281,20415697.64122418,401.850733693,312.82237571082396
1.9642857142857144,0.99,-0.005,268.9178809193405,3.2135714601996157,-0.2465261908140517,0.0,262695.7123935213,6289.0225299369795,20415592.34318329,401.85030617306563,312.8222093084438
1.9642857142857144,0.99,0.005,268.9178809193405,3.2135617412279185,-0.24652365217811767,0.0,262695.70111051045,6289.022529938933,20415588.442927003,401.85028896163726,312.82220260928614
1.9642857142857144,0.99,0.015,268.9178809193405,3.2135714601996157,-0.2465261908140517,0.0,262695.7123935213,6289.0225299369795,20415592.34318329,401.85030617306563,312.8222093084438
1.9642857142857144,1.01,-0.005,268.9177678655225,1.351221991889534e-06,-1.0365775733794585e-07,0.0,262695.68087748607,6289.035455802234,20415984.965884484,401.85820333259295,312.8252830833243
1.9642857142857144,1.01,0.005,268.91765481170444,-3.2135714601996153,0.24652619081405167,0.0,262695.6493614244,6289.02253195404,20415570.276075948,401.8502097498389,312.82217177789056
1.9642857142857144,1.01,0.015,268.9177678655225,1.351221991889534e-06,-1.0365775733794585e-07,0.0,262695.68087748607,6289.035455802234,20415984.965884484,401.85820333259295,312.8252830833243
2.0357142857142856,-0.01,-0.005,269.5228936484154,12.50119816195006,0.0,0.0,262939.22000647045,6289.0223392430025,20474802.094810702,402.11122236027137,312.9237485289058
2.0357142857142856,-0.01,0.005,269.5228936484154,12.50119816195006,0.017540506553771117,0.0,262939.22000647045,6289.0223388604345,20474802.082828198,402.111222124943,312.9237484373393
2.0357142857142856,-0.01,0.015,269.5228936484154,12.50119816195006,0.0,0.0,262939.22000647045,6289.0223392430025,20474802.094810702,402.11122236027137,312.9237485289058
2.0357142857142856,0.01,-0.005,269.5228936484154,12.50119816195006,-0.017540506553771117,0.0,262939.22000647045,6289.0223388604345,20474802.082828198,402.111222124943,312.9237484373393
2.0357142857142856,0.01,0.005,269.5228936484154,12.501189102686853,-0.017538600643721477,0.0,262939.2336707763,6289.022338871554,20474806.86816456,402.1112432011857,312.92375663812606
2.0357142857142856,0.01,0.015,269.5228936484154,12.50119816195006,-0.017540506553771117,0.0,262939.22000647045,6289.0223388604345,20474802.082828198,402.111222124943,312.9237484373393
2.0357142857142856,0.03,-0.005,269.52168646128683,12.493355878837557,-0.052575952906875605,0.0,262938.782759076,6289.0223381289825,20474683.878523704,402.11070129393624,312.9235457814138
2.0357142857142856,0.03,0.005,269.52168646128683,12.493346820352722,-0.052570580600916184,0.0,262938.7963431453,6289.0223381400765,20474688.636024587,402.1107222476947,312.9235539345471
2.0357142857142856,0.03,0.015,269.52168646128683,12.493355878837557,-0.052575952906875605,0.0,262938.782759076,6289.0223381289825,20474683.878523704,402.11070129393624,312.9235457814138
2.0357142857142856,0.05,-0.005,269.5192763590386,12.477810060448789,-0.08744825160457337,0.0,262937.91140575864,6289.022336902267,20474447.876966845,402.1096615300132,312.9231412077195
2.0357142857142856,0.05,0.005,269.5192763590386,12.477801004729761,-0.08743932288979239,0.0,262937.92488442635,6289.022336913341,20474452.59792201,402.10968232302776,312.9231492983176
2.0357142857142856,0.05,0.015,269.5192763590386,12.477810060448789,-0.08744825160457337,0.0,262937.91140575864,6289.022336902267,20474447.876966845,402.1096615300132,312.9231412077195
2.0357142857142856,0.07,-0.005,269.5156738186717,12.454579610400826,-0.12205037996909872,0.0,262936.60945930815,6289.022335117241,20474095.11237644,402.1081073432014,312.92253647033607
2.0357142857142856,0.07,0.005,269.5156738186717,12.4545705593467,-0.12203793339194091,0.0,262936.6227804496,6289.022335128284,20474099.77870949,402.10812789595906,312.9225444674653
2.0357142857142856,0.07,0.015,269.5156738186717,12.454579610400826,-0.12205037996909872,0.0,262936.60945930815,6289.022335117241,20474095.11237644,402.1081073432014,312.92253647033607
2.0357142857142856,0.09,-0.005,269.5108944389875,12.423671987416641,-0.15627607723556847,0.0,262934.881899543,6289.022332798228,20473627.114055157,402.10604545866863,312.92173418488943
2.0357142857142856,0.09,0.005,269.5108944389875,12.423662942852602,-0.1562601663913341,0.0,262934.8950117551,6289.022332809231,20473631.707938753,402.1060656927456,312.92174205803934
2.0357142857142856,0.09,0.015,269.5108944389875,12.423671987416641,-0.15627607723556847,0.0,262934.881899543,6289.022332798228,20473627.114055157,402.10604545866863,312.92173418488943
2.0357142857142856,0.11,-0.005,269.5049588642547,12.38509477268031,-0.19002032287929282,0.0,262932.7352927826,6289.022329979185,20473045.90599061,402.1034847783074,312.9207378136286
2.0357142857142856,0.11,0.005,269.5049588642547,12.385085736319175,-0.19000101616825643,0.0,262932.7481456019,6289.022329990137,20473050.40992164,402.10350461669793,312.9207455328401
2.0357142857142856,0.11,0.015,269.5049588642547,12.38509477268031,-0.19002032287929282,0.0,262932.7352927826,6289.022329979185,20473045.90599061,402.1034847783074,312.9207378136286
2.0357142857142856,0.13,-0.005,269.49789267538193,12.338856410933136,-0.22317971072744586,0.0,262930.177769133,6289.0223266997455,20472353.996035077,402.1004363317776,312.9195516464087
2.0357142857142856,0.13,0.005,269.49789267538193,12.338847384338782,-0.22315709097825862,0.0,262930.19031325926,6289.0223267106385,20472358.3929121,402.10045569923227,312.91955918240546
2.0357142857142856,0.13,0.015,269.49789267538193,12.338856410933136,-0.22317971072744586,0.0,262930.177769133,6289.0223266997455,20472353.996035077,402.1004363317776,312.9195516464087
2.0357142857142856,0.15,-0.005,269.4897262635178,12.284966711602925,-0.2556527951745966,0.0,262927.2189928566,6289.022323003774,20471554.36343922,402.09691322161245,312.91818077937086
2.0357142857142856,0.15,0.005,269.4897262635178,12.284957696166872,-0.2556269591909142,0.0,262927.231180371,6289.022323014596,20471558.636637732,402.0969320449685,312.91818810368756
2.0357142857142856,0.15,0.015,269.4897262635178,12.284966711602925,-0.2556527951745966,0.0,262927.2189928566,6289.022323003774,20471554.36343922,402.09691322161245,312.91818077937086
2.0357142857142856,0.17,-0.005,269.4804946583826,12.223436577092667,-0.28734041233766394,0.0,262923.87011082005,6289.022318938808,20470650.441975124,402.0929305494465,312.9166310862822
2.0357142857142856,0.17,0.005,269.4804946583826,12.223427574007808,-0.28731147037240223,0.0,262923.881895395,6289.022318949551,20470654.575420003,402.09294875794467,312.9166381713879
2.0357142857142856,0.17,0.015,269.4804946583826,12.223436577092667,-0.28734041233766394,0.0,262923.87011082005,6289.022318938808,20470650.441975124,402.0929305494465,312.9166310862822
2.0357142857142856,0.19,-0.005,269.47023733667186,12.15427785323708,-0.31814599792571246,0.0,262920.143697038,6289.022314555747,20469646.101109132,402.08850533385066,312.9149091866158
2.0357142857142856,0.19,0.005,269.47023733667186,12.154268863471218,-0.3181140730877998,0.0,262920.1550341378,6289.022314566398,20469650.079344053,402.0885228594399,312.9149160060324
2.0357142857142856,0.19,0.015,269.47023733667186,12.15427785323708,-0.31814599792571246,0.0,262920.143697038,6289.022314555747,20469646.101109132,402.08850533385066,312.9149091866158
2.0357142857142856,0.21,-0.005,269.4589980150213,12.077503243591552,-0.347975888455302,0.0,262916.0536936442,6289.022309908281,20468545.625651322,402.0836564214242,312.91302241101056
2.0357142857142856,0.21,0.005,269.4589980150213,12.07749426786821,-0.34794111605429645,0.0,262916.06454071525,6289.0223099188315,20468549.43390462,402.0836731990502,312.9130289394251
2.0357142857142856,0.21,0.015,269.4589980150213,12.077503243591552,-0.347975888455302,0.0,262916.0536936442,6289.022309908281,20468545.625651322,402.0836564214242,312.91302241101056
2.0357142857142856,0.23,-0.005,269.4468244155031,11.993126086545162,-0.37673960318561994,0.0,262911.61534258164,6289.022305052456,20467353.692715265,402.07840438614727,312.9109787621669
2.0357142857142856,0.23,0.005,269.4468244155031,11.993117125324263,-0.3767021300198488,0.0,262911.6256592327,6289.022305062896,20467357.31696205,402.07842035402604,312.9109849755378
2.0357142857142856,0.23,0.015,269.4468244155031,11.993126086545162,-0.37673960318561994,0.0,262911.61534258164,6289.022305052456,20467353.692715265,402.07840438614727,312.9109787621669
2.0357142857142856,0.25,-0.005,269.43376801870966,11.901160380223232,-0.40435011268178306,0.0,262906.84511665214,6289.022300045669,20466075.347443216,402.07277142307225,312.908786873541
2.0357142857142856,0.25,0.005,269.43376801870966,11.901151433685891,-0.40431009627626824,0.0,262906.854864821,6289.022300055986,20466078.774463315,402.0727865229441,312.908792749197
2.0357142857142856,0.25,0.015,269.43376801870966,11.901160380223232,-0.40435011268178306,0.0,262906.84511665214,6289.022300045669,20466075.347443216,402.07277142307225,312.908786873541
2.0357142857142856,0.27,-0.005,269.4198838001431,11.80162073593603,-0.4307240838239835,0.0,262901.7606451312,6289.022294946,20464715.977106303,402.0667812350306,312.90645596532266
2.0357142857142856,0.27,0.005,269.4198838001431,11.801611803973353,-0.43068169162458253,0.0,262901.76978924026,6289.022294956186,20464719.194537874,402.0667954123976,312.906461482055
2.0357142857142856,0.27,0.015,269.4198838001431,11.80162073593603,-0.4307240838239835,0.0,262901.7606451312,6289.022294946,20464715.977106303,402.0667812350306,312.90645596532266
2.0357142857142856,0.29,-0.005,269.40522995089646,11.694522157158085,-0.455782101242418,0.0,262896.38063294353,6289.022289811634,20463281.283669673,402.0604589126159,312.90399579779626
2.0357142857142856,0.29,0.005,269.40522995089646,11.694513239362669,-0.4557375097727254,0.0,262896.3891400404,6289.022289821674,20463284.28005814,402.0604721169562,312.9040009359424
2.0357142857142856,0.29,0.015,269.40522995089646,11.694522157158085,-0.455782101242418,0.0,262896.38063294353,6289.022289811634,20463281.283669673,402.0604589126159,312.90399579779626
2.0357142857142856,0.31,-0.005,269.3898675875977,11.579879875646762,-0.4794488691865394,0.0,262890.72477767884,6289.02228470055,20461777.255316887,402.05383080968994,312.90141662295866
2.0357142857142856,0.31,0.005,269.3898675875977,11.579870971307473,-0.4794022631742262,0.0,262890.73261756415,6289.022284710435,20461780.020159174,402.0538429946541,312.9014213644786
2.0357142857142856,0.31,0.015,269.3898675875977,11.579879875646762,-0.4794488691865394,0.0,262890.72477767884,6289.02228470055,20461777.255316887,402.05383080968994,312.90141662295866
2.0357142857142856,0.33,-0.005,269.3738604553543,11.457709282395854,-0.5016533911616934,0.0,262884.8136856316,6289.022279669852,20460210.13728063,402.0469244156177,312.8987291348615
2.0357142857142856,0.33,0.005,269.3738604553543,11.457700390496926,-0.5016049626409684,0.0,262884.820830972,6289.02227967957,20460212.66106431,402.0469355392024,312.8987334634054
2.0357142857142856,0.33,0.015,269.3738604553543,11.457709282395854,-0.5016533911616934,0.0,262884.8136856316,6289.022279669852,20460210.13728063,402.0469244156177,312.8987291348615
2.0357142857142856,0.35,-0.005,269.3572746209084,11.328025750775806,-0.522329124164275,0.0,262878.6687838402,6289.022274775103,20458586.40171909,402.0397682232392,312.8959444182915
2.0357142857142856,0.35,0.005,269.3572746209084,11.328016869998184,-0.522279071561015,0.0,262878.67521026643,6289.022274784645,20458588.67595655,402.03977824793907,312.8959483192587
2.0357142857142856,0.35,0.015,269.3572746209084,11.328025750775806,-0.522329124164275,0.0,262878.6687838402,6289.022274775103,20458586.40171909,402.0397682232392,312.8959444182915
2.0357142857142856,0.37,-0.005,269.3401781620396,11.190844429984024,-0.5414141104150749,0.0,262872.31223101774,6289.022270070231,20456912.71724807,402.03239159551913,312.89307389693147
2.0357142857142856,0.37,0.005,269.3401781620396,11.19083555870983,-0.5413626376210239,0.0,262872.31791720766,6289.022270079584,20456914.734505426,402.03240048845504,312.8930773575209
2.0357142857142856,0.37,0.015,269.3401781620396,11.190844429984024,-0.5414141104150749,0.0,262872.31223101774,6289.022270070231,20456912.71724807,402.03239159551913,312.89307389693147
2.0357142857142856,0.39,-0.005,269.32264085439294,11.04618006469859,-0.5588510864702613,0.0,262865.7668280147,6289.022265607142,20455195.91821829,402.02482463084647,312.89012928099135
2.0357142857142856,0.39,0.005,269.32264085439294,11.046171201018417,-0.5587984019124674,0.0,262865.7717557616,6289.022265616297,20455197.67213916,402.0248323638729,312.89013229024295
2.0357142857142856,0.39,0.015,269.32264085439294,11.04618006469859,-0.5588510864702613,0.0,262865.7668280147,6289.022265607142,20455195.91821829,402.02482463084647,312.89012928099135
2.0357142857142856,0.41,-0.005,269.30473385924734,10.894046851852401,-0.5745875685733963,0.0,262859.0559290496,6289.022261435435,20453442.974094223,402.0170980287155,312.8871225149814
2.0357142857142856,0.41,0.005,269.30473385924734,10.894037993577118,-0.5745338842847612,0.0,262859.0600833148,6289.022261444379,20453444.459418237,402.0171045785039,312.8871250638088
2.0357142857142856,0.41,0.015,269.30473385924734,10.894046851852401,-0.5745875685733963,0.0,262859.0559290496,6289.022261435435,20453442.974094223,402.0170980287155,312.8871225149814
2.0357142857142856,0.43,-0.005,269.28652941111534,10.734458328081585,-0.5885759146729106,0.0,262852.20335314237,6289.022257601796,20451660.95881491,402.0092429550713,312.88406572534797
2.0357142857142856,0.43,0.005,269.28652941111534,10.734449472755916,-0.5885214453693155,0.0,262852.2067220936,6289.02225761052,20451662.171391074,402.00924830317155,312.884067806563
2.0357142857142856,0.43,0.015,269.28652941111534,10.734458328081585,-0.5885759146729106,0.0,262852.20335314237,6289.022257601796,20451660.95881491,402.0092429550713,312.88406572534797
2.0357142857142856,0.45,-0.005,269.2681005099568,10.567427275323194,-0.6007733632559151,0.0,262845.2332972688,6289.022254149956,20449857.020631455,402.0012909098872,312.8809711689718
2.0357142857142856,0.45,0.005,269.2681005099568,10.567418420242534,-0.600718325425138,0.0,262845.2358723029,6289.022254158452,20449857.9574264,402.00129504276646,312.8809727772991
2.0357142857142856,0.45,0.015,269.2681005099568,10.567427275323194,-0.6007733632559151,0.0,262845.2332972688,6289.022254149956,20449857.020631455,402.0012909098872,312.8809711689718
2.0357142857142856,0.47,-0.005,269.2495206185039,10.392965626991547,-0.6111420469900128,0.0,262838.1702507717,6289.02225112018,20448038.352439113,401.99327359657195,312.8778511823698
2.0357142857142856,0.47,0.005,269.2495206185039,10.392956769221636,-0.6110866579971416,0.0,262838.17202652316,6289.022251128436,20448039.011540253,401.993276505631,312.8778523144536
2.0357142857142856,0.47,0.015,269.2495206185039,10.392965626991547,-0.6111420469900128,0.0,262838.1702507717,6289.02225112018,20448038.352439113,401.99327359657195,312.8778511823698
2.0357142857142856,0.48999999999999994,-0.005,269.2308633624506,10.21108415782718,-0.6196489784794827,0.0,262831.03890876623,6289.022248549747,20446212.162429918,401.9852227931302,312.8747181315722
2.0357142857142856,0.48999999999999994,0.005,269.2308633624506,10.211075294225436,-0.6195934556930058,0.0,262831.03988310153,6289.022248557755,20446212.54304379,401.9852244746986,312.8747187859746
2.0357142857142856,0.48999999999999994,0.015,269.2308633624506,10.21108415782718,-0.6196489784794827,0.0,262831.03890876623,6289.022248549747,20446212.162429918,401.9852227931302,312.8747181315722
2.0357142857142856,0.51,-0.005,269.2122022398191,10.021792308056058,-0.6262660207097761,0.0,262823.86408951745,6289.022246472914,20444385.645635802,401.9771702268549,312.8715843633659
2.0357142857142856,0.51,0.005,269.2122022398191,10.0217834352946,-0.6262105806520979,0.0,262823.86426351604,6289.022246480665,20444385.748081714,401.97717068216633,312.8715845405576
2.0357142857142856,0.51,0.015,269.2122022398191,10.021792308056058,-0.6262660207097761,0.0,262823.86408951745,6289.022246472914,20444385.645635802,401.9771702268549,312.8715843633659
2.0357142857142856,0.53,-0.005,269.1936103397999,9.825097996450719,-0.6309698364211288,0.0,262816.67065456597,6289.022244920997,20442565.956412286,401.9691474530916,312.8684621581157
2.0357142857142856,0.53,0.005,269.1936103397999,9.825089111042448,-0.6309146939468049,0.0,262816.6700324872,6289.022244928483,20442565.782111295,401.9691466882373,312.8684618604575
2.0357142857142856,0.53,0.015,269.1936103397999,9.825097996450719,-0.6309698364211288,0.0,262816.67065456597,6289.022244920997,20442565.956412286,401.9691474530916,312.8684621581157
2.0357142857142856,0.55,-0.005,269.17516007568173,9.621007855744024,-0.6337418266442707,0.0,262809.4834367851,6289.022243921758,20440760.18228794,401.96118573955204,312.86536368473566
2.0357142857142856,0.55,0.005,269.17516007568173,9.620998954071563,-0.6336871941487846,0.0,262809.48202602396,6289.022243928974,20440759.73374766,401.96118376541716,312.8653629164545
2.0357142857142856,0.55,0.015,269.17516007568173,9.621007855744024,-0.6337418266442707,0.0,262809.4834367851,6289.022243921758,20440760.18228794,401.96118573955204,312.86536368473566
2.0357142857142856,0.57,-0.005,269.15692292088835,9.409526846962512,-0.6345680276712959,0.0,262802.3271636031,6289.022243499994,20438975.318164073,401.953315952614,312.8623009564283
2.0357142857142856,0.57,0.005,269.15692292088835,9.40951792530766,-0.6345141143325209,0.0,262802.32497463294,6289.022243506934,20438974.598959215,401.9533127847942,312.8622997235844
2.0357142857142856,0.57,0.015,269.15692292088835,9.409526846962512,-0.6345680276712959,0.0,262802.3271636031,6289.022243499994,20438975.318164073,401.953315952614,312.8623009564283
2.0357142857142856,0.59,-0.005,269.13896915875245,9.190658133692196,-0.6334390017942227,0.0,262795.2263868148,6289.022243677803,20437218.241857078,401.9455684492643,312.8592857886109
2.0357142857142856,0.59,0.005,269.13896915875245,9.190649188267528,-0.6333860128484328,0.0,262795.2234331192,6289.022243684461,20437217.256606203,401.9455641079656,312.85928409905927
2.0357142857142856,0.59,0.015,269.13896915875245,9.190658133692196,-0.6334390017942227,0.0,262795.2263868148,6289.022243677803,20437218.241857078,401.9455684492643,312.8592857886109
2.0357142857142856,0.61,-0.005,269.12136764713426,8.964403195920497,-0.6303497174173311,0.0,262788.2054186362,6289.022244474218,20435495.69108151,401.937972974973,312.85632975914467
2.0357142857142856,0.61,0.005,269.12136764713426,8.964394222903028,-0.6302978534713043,0.0,262788.20171663037,6289.0222444805895,20435494.445420086,401.93796748489535,312.85632762248974
2.0357142857142856,0.61,0.015,269.12136764713426,8.964403195920497,-0.6303497174173311,0.0,262788.2054186362,6289.022244474218,20435495.69108151,401.937972974973,312.85632975914467
2.0357142857142856,0.63,-0.005,269.1041855899145,8.730761449481683,-0.6252993937354983,0.0,262781.28826581006,6289.022245906312,20433814.241158858,401.9305585653592,312.85344417003324
2.0357142857142856,0.63,0.005,269.1041855899145,8.730752445044894,-0.6252488501176845,0.0,262781.2838347519,6289.0222459123925,20433812.741708793,401.9305519555643,312.8534415975775
2.0357142857142856,0.63,0.015,269.1041855899145,8.730761449481683,-0.6252993937354983,0.0,262781.28826581006,6289.022245906312,20433814.241158858,401.9305585653592,312.85344417003324
2.0357142857142856,0.65,-0.005,269.08748832825677,8.489730190946334,-0.6182913406855981,0.0,262774.49857215316,6289.022247989141,20432180.28463107,401.92335345560883,312.85064001213186
2.0357142857142856,0.65,0.005,269.08748832825677,8.489721151296749,-0.618242306828629,0.0,262774.49343404645,6289.022247994931,20432178.538967412,401.9233457593753,312.85063701682
2.0357142857142856,0.65,0.015,269.08748832825677,8.489730190946334,-0.6182913406855981,0.0,262774.49857215316,6289.022247989141,20432180.28463107,401.92335345560883,312.85064001213186
2.0357142857142856,0.67,-0.005,269.0713391232761,8.241304476358609,-0.609332805359514,0.0,262767.85955850774,6289.02225073625,20430600.010054827,401.9163849864516,312.8479279285137
2.0357142857142856,0.67,0.005,269.0713391232761,8.241295397771909,-0.6092854642132013,0.0,262767.853737999,6289.0222507417475,20430598.0266704,401.9163762411207,312.8479245248721
2.0357142857142856,0.67,0.015,269.0713391232761,8.241304476358609,-0.609332805359514,0.0,262767.85955850774,6289.02225073625,20430600.010054827,401.9163849864516,312.8479279285137
2.0357142857142856,0.69,-0.005,269.05579898171834,7.985477194273433,-0.5984347718735659,0.0,262761.3939765002,6289.022254159808,20429079.385002773,401.90967952845205,312.84531818495867
2.0357142857142856,0.69,0.005,269.05579898171834,7.985468073134947,-0.5983892993845968,0.0,262761.3875007609,6289.022254165013,20429077.173267692,401.9096697752506,312.8453143890269
2.0357142857142856,0.69,0.015,269.05579898171834,7.985477194273433,-0.5984347718735659,0.0,262761.3939765002,6289.022254159808,20429079.385002773,401.90967952845205,312.84531818495867
2.0357142857142856,0.71,-0.005,269.04092647393,7.722238662740878,-0.5856117499924037,0.0,262755.1240568088,6289.0222582717,20427624.138338268,401.9032624034819,312.84282063934216
2.0357142857142856,0.71,0.005,269.04092647393,7.72222949558078,-0.5855683145913009,0.0,262755.1169554174,6289.022258276613,20427621.708459355,401.90325168734427,312.8428164686037
2.0357142857142856,0.71,0.015,269.04092647393,7.722238662740878,-0.5856117499924037,0.0,262755.1240568088,6289.0222582717,20427624.138338268,401.9032624034819,312.84282063934216
2.0357142857142856,0.73,-0.005,269.02677756537616,7.451576792288423,-0.5708815847938559,0.0,262749.0714656813,6289.022263083123,20426239.743775696,401.8971578111064,312.84044471293356
2.0357142857142856,0.73,0.005,269.02677756537616,7.451567575819438,-0.5708403469299319,0.0,262749.0637704975,6289.022263087749,20426237.106753152,401.89714618048475,312.8404401862421
2.0357142857142856,0.73,0.015,269.02677756537616,7.451576792288423,-0.5708815847938559,0.0,262749.0714656813,6289.022263083123,20426239.743775696,401.8971578111064,312.84044471293356
2.0357142857142856,0.75,-0.005,269.01340546312167,7.173477310588755,-0.5542652480277962,0.0,262743.257266115,6289.022268604418,20424931.404913884,401.8913887615415,312.8381993642503
2.0357142857142856,0.75,0.005,269.01340546312167,7.173468041743061,-0.5542263597292251,0.0,262743.24901114724,6289.022268608759,20424928.572495755,401.8913762682051,312.83819450175133
2.0357142857142856,0.75,0.015,269.01340546312167,7.173477310588755,-0.5542652480277962,0.0,262743.257266115,6289.022268604418,20424931.404913884,401.8913887615415,312.8381993642503
2.0357142857142856,0.77,-0.005,269.000860478188,6.887923304016615,-0.5357865996803386,0.0,262737.70187932346,6289.02227484668,20423704.04188078,401.88597701655243,312.83609306600084
2.0357142857142856,0.77,0.005,269.000860478188,6.887913979988561,-0.5357502041463353,0.0,262737.69310059055,6289.022274850743,20423701.02651523,401.8859637153776,312.8360878890504
2.0357142857142856,0.77,0.015,269.000860478188,6.887923304016615,-0.5357865996803386,0.0,262737.70187932346,6289.02227484668,20423704.04188078,401.88597701655243,312.83609306600084
2.0357142857142856,0.79,-0.005,268.9891898839195,6.594895267170355,-0.515472143945213,0.0,262732.42504877876,6289.022281821813,20422562.277536187,401.8809430276454,312.834133780975
2.0357142857142856,0.79,0.005,268.9891898839195,6.59488588545565,-0.515438375195186,0.0,262732.415784172,6289.022281825602,20422559.09232412,401.88092897640627,312.8341283120577
2.0357142857142856,0.79,0.015,268.9891898839195,6.594895267170355,-0.515472143945213,0.0,262732.42504877876,6289.022281821813,20422562.277536187,401.8809430276454,312.834133780975
2.0357142857142856,0.81,-0.005,268.97843779433964,6.294371163040523,-0.49335079030706047,0.0,262727.445810216,6289.02228954274,20421510.425639454,401.8763058830178,312.832328941342
2.0357142857142856,0.81,0.005,268.97843779433964,6.29436172147763,-0.4933197728351415,0.0,262727.43609935424,6289.022289546265,20421507.084284287,401.8762911421652,312.8323232039855
2.0357142857142856,0.81,0.015,268.97843779433964,6.294371163040523,-0.49335079030706047,0.0,262727.445810216,6289.02228954274,20421510.425639454,401.8763058830178,312.832328941342
2.0357142857142856,0.83,-0.005,268.9686450432936,5.986325641549364,-0.46945356887861334,0.0,262722.7824577112,6289.022298025525,20420552.479149323,401.8720832560073,312.8306854285339
2.0357142857142856,0.83,0.005,268.9686450432936,5.986316138357309,-0.4694254173435193,0.0,262722.772341792,6289.022298028794,20420548.995905984,401.87206788844213,312.83067944722023
2.0357142857142856,0.83,0.015,268.9686450432936,5.986325641549364,-0.46945356887861334,0.0,262722.7824577112,6289.022298025525,20420552.479149323,401.8720832560073,312.8306854285339
2.0357142857142856,0.85,-0.005,268.9598490826463,5.670730623174311,-0.4438134115717762,0.0,262718.4525232761,6289.022307287967,20419692.100277733,401.8682913596435,312.829209555506
2.0357142857142856,0.85,0.005,268.9598490826463,5.670721056991551,-0.44378823051425076,0.0,262718.44204492617,6289.022307290989,20419688.489900857,401.8682754304882,312.8292033555828
2.0357142857142856,0.85,0.015,268.9598490826463,5.670730623174311,-0.4438134115717762,0.0,262718.4525232761,6289.022307287967,20419692.100277733,401.8682913596435,312.829209555506
2.0357142857142856,0.87,-0.005,268.95208389104346,5.34755591063898,-0.4164649197960265,0.0,262714.47275917593,6289.02231734906,20418932.611600574,401.8649449063078,312.8279070509868
2.0357142857142856,0.87,0.005,268.95208389104346,5.347546280563353,-0.4164428033822997,0.0,262714.4619622979,6289.022317351848,20418928.889291786,401.8649284826724,312.82790065857614
2.0357142857142856,0.87,0.015,268.95208389104346,5.34755591063898,-0.4164649197960265,0.0,262714.47275917593,6289.02231734906,20418932.611600574,401.8649449063078,312.8279070509868
2.0357142857142856,0.89,-0.005,268.9453798803809,5.016768715736746,-0.38744406313374846,0.0,262710.85911410756,6289.0223282305415,20418276.987006232,401.86205706773535,312.8267830438658
2.0357142857142856,0.89,0.005,268.9453798803809,5.016759021363427,-0.3874250949235101,0.0,262710.84804372577,6289.022328233104,20418273.168360855,401.86204021848084,312.82677648577203
2.0357142857142856,0.89,0.015,268.9453798803809,5.016768715736746,-0.38744406313374846,0.0,262710.85911410756,6289.0223282305415,20418276.987006232,401.86205706773535,312.8267830438658
2.0357142857142856,0.91,-0.005,268.9397637895875,4.678331986256128,-0.35678782898531214,0.0,262707.626701959,6289.022339959759,20417727.841439266,401.8596394303905,312.82584204578285
2.0357142857142856,0.91,0.005,268.9397637895875,4.678322227705966,-0.3567720817221104,0.0,262707.6154040633,6289.022339962112,20417723.94239246,401.85962222588995,312.8258353493995
2.0357142857142856,0.91,0.015,268.9397637895875,4.678331986256128,-0.35678782898531214,0.0,262707.626701959,6289.022339959759,20417727.841439266,401.8596394303905,312.82584204578285
2.0357142857142856,0.93,-0.005,268.93525863405216,4.332206779818034,-0.32453409805247113,0.0,262704.7898050553,6289.02235256585,20417287.425875444,401.8577019708087,312.8250879414935
2.0357142857142856,0.93,0.005,268.93525863405216,4.332196957773882,-0.32452163347643703,0.0,262704.7783264437,6289.022352568005,20417283.462647896,401.85768448270557,312.8250811347091
2.0357142857142856,0.93,0.015,268.93525863405216,4.332206779818034,-0.32453409805247113,0.0,262704.7898050553,6289.02235256585,20417287.425875444,401.8577019708087,312.8250879414935
2.0357142857142856,0.95,-0.005,268.93188365486117,3.978353036474401,-0.2907213755371417,0.0,262702.36187026044,6289.022366085376,20416957.62256823,401.8562530367352,312.82452398149553
2.0357142857142856,0.95,0.005,268.93188365486117,3.978343152214348,-0.29071224421879843,0.0,262702.350258381,6289.022366087346,20416953.611611564,401.8562353377006,312.82451709259925
2.0357142857142856,0.95,0.015,268.93188365486117,3.978353036474401,-0.2907213755371417,0.0,262702.36187026044,6289.022366085376,20416957.62256823,401.8562530367352,312.82452398149553
2.0357142857142856,0.9700000000000001,-0.005,268.9296542120716,3.616671475271716,-0.255384646295158,0.0,262700.3555010553,6289.022381132999,20416739.952456042,401.85529965149084,312.8241529004686
2.0357142857142856,0.9700000000000001,0.005,268.9296542120716,3.616661529872991,-0.2553788874730808,0.0,262700.34380385996,6289.022381134808,20416735.910402276,401.85528181500285,312.8241459580638
2.0357142857142856,0.9700000000000001,0.015,268.9296542120716,3.616671475271716,-0.255384646295158,0.0,262700.3555010553,6289.022381132999,20416739.952456042,401.85529965149084,312.8241529004686
2.0357142857142856,0.99,-0.005,268.9285473383549,3.2393118792408258,-0.21808252430390193,0.0,262698.7693785022,6289.022452548329,20416633.88785727,401.85486565228285,312.823983977138
2.0357142857142856,0.99,0.005,268.9285473383549,3.239301877129898,-0.218080069426437,0.0,262698.75762120524,6289.022452550055,20416629.823433384,401.85484771696355,312.8239769962619
2.0357142857142856,0.99,0.015,268.9285473383549,3.2393118792408258,-0.21808252430390193,0.0,262698.7693785022,6289.022452548329,20416633.88785727,401.85486565228285,312.823983977138
2.0357142857142856,1.01,-0.005,268.92844276003086,1.259856636514164e-06,-8.481823479361189e-08,0.0,262698.74011181365,6289.035568125457,20417033.286065917,401.86288319031405,312.8271045884498
2.0357142857142856,1.01,0.005,268.92833818170686,-3.2393118792408258,0.21808252430390193,0.0,262698.7108451024,6289.022453842524,20416613.457459714,401.8547761109291,312.8239491253956
2.0357142857142856,1.01,0.015,268.92844276003086,1.259856636514164e-06,-8.481823479361189e-08,0.0,262698.74011181365,6289.035568125457,20417033.286065917,401.86288319031405,312.8271045884498
2.1071428571428568,-0.01,-0.005,269.5290081030963,12.539107021299664,0.0,0.0,262941.35388004524,6289.022181197039,20475395.678184826,402.1137605929824,312.92473615620514
2.1071428571428568,-0.01,0.005,269.5290081030963,12.539107021299664,0.016943310117153002,0.0,262941.35388004524,6289.022180840079,20475395.667004105,402.11376037340557,312.9247360707678
2.1071428571428568,-0.01,0.015,269.5290081030963,12.539107021299664,0.0,0.0,262941.35388004524,6289.022181197039,20475395.678184826,402.1137605929824,312.92473615620514
2.1071428571428568,0.01,-0.005,269.5290081030963,12.539107021299664,-0.016943310117153002,0.0,262941.35388004524,6289.022180840079,20475395.667004105,402.11376037340557,312.9247360707678
2.1071428571428568,0.01,0.005,269.5290081030963,12.53909875058491,-0.016941411852874313,0.0,262941.3681383459,6289.022180849093,20475400.655728314,402.11378234370835,312.9247446194073
2.1071428571428568,0.01,0.015,269.5290081030963,12.539107021299664,-0.016943310117153002,0.0,262941.35388004524,6289.022180840079,20475395.667004105,402.11376037340557,312.9247360707678
2.1071428571428568,0.03,-0.005,269.5278110822298,12.531268078064095,-0.05078505891060945,0.0,262940.9192129285,6289.022180217204,20475278.462018203,402.11324400616434,312.9245351523332
2.1071428571428568,0.03,0.005,269.5278110822298,12.531259804576063,-0.050779724476399855,0.0,262940.93338759907,6289.022180226193,20475283.42174048,402.1132658488534,312.9245436513237
2.1071428571428568,0.03,0.015,269.5278110822298,12.531268078064095,-0.05078505891060945,0.0,262940.9192129285,6289.022180217204,20475278.462018203,402.11324400616434,312.9245351523332
2.1071428571428568,0.05,-0.005,269.5254213990755,12.51573394171482,-0.08446442481124902,0.0,262940.05309674726,6289.022179173506,20475044.465656683,402.1122131824369,312.92413405855274
2.1071428571428568,0.05,0.005,269.5254213990755,12.515725663911004,-0.08445555906366274,0.0,262940.06716165895,6289.022179182475,20475049.387345046,402.1122348578396,312.9241424924628
2.1071428571428568,0.05,0.015,269.5254213990755,12.51573394171482,-0.08446442481124902,0.0,262940.05309674726,6289.022179173506,20475044.465656683,402.1122131824369,312.92413405855274
2.1071428571428568,0.07,-0.005,269.5218494403395,12.492522513631009,-0.11787475090108865,0.0,262938.7590132207,6289.022177656983,20474694.70404675,402.1106723820234,312.92353453175247
2.1071428571428568,0.07,0.005,269.5218494403395,12.492514229934692,-0.11786239216340838,0.0,262938.772914097,6289.022177665924,20474699.56888967,402.1106938073949,312.9235428683912
2.1071428571428568,0.07,0.015,269.5218494403395,12.492522513631009,-0.11787475090108865,0.0,262938.7590132207,6289.022177656983,20474694.70404675,402.1106723820234,312.92353453175247
2.1071428571428568,0.09,-0.005,269.5171106852396,12.461640679262581,-0.1509101900483004,0.0,262937.0419032134,6289.022175693934,20474230.694818493,402.108628279831,312.92273916801327
2.1071428571428568,0.09,0.005,269.5171106852396,12.461632388086779,-0.15089439160154774,0.0,262937.0555865329,6289.022175702835,20474235.48426483,402.1086493735652,312.92274737563247
2.1071428571428568,0.09,0.015,269.5171106852396,12.461640679262581,-0.1509101900483004,0.0,262937.0419032134,6289.022175693934,20474230.694818493,402.108628279831,312.92273916801327
2.1071428571428568,0.11,-0.005,269.51122562184764,12.423095416202042,-0.18346618997714678,0.0,262934.90828347614,6289.022173319668,20473654.446675137,402.10608971134747,312.9217514037609
2.1071428571428568,0.11,0.005,269.51122562184764,12.423087115930134,-0.18344701981983036,0.0,262934.9216967002,6289.022173328523,20473659.14251267,402.10611039332065,312.92175945118834
2.1071428571428568,0.11,0.015,269.51122562184764,12.423095416202042,-0.18346618997714678,0.0,262934.90828347614,6289.022173319668,20473654.446675137,402.10608971134747,312.9217514037609
2.1071428571428568,0.13,-0.005,269.5042196387805,12.376894499163189,-0.21543987818221375,0.0,262932.36622397177,6289.0221705752265,20472968.448644847,402.10306762431173,312.92057549699257
2.1071428571428568,0.13,0.005,269.5042196387805,12.376886188132334,-0.2154174186555952,0.0,262932.3793157786,6289.022170584025,20472973.03308121,402.10308781623627,312.9205833537699
2.1071428571428568,0.13,0.015,269.5042196387805,12.376894499163189,-0.21543987818221375,0.0,262932.36622397177,6289.0221705752265,20472968.448644847,402.10306762431173,312.92057549699257
2.1071428571428568,0.15,-0.005,269.4961228972437,12.323046897955658,-0.24673042001435336,0.0,262929.4253167421,6289.022167506249,20472175.65747313,402.09957502334413,312.91921650577115
2.1071428571428568,0.15,0.005,269.4961228972437,12.32303857445199,-0.24670476735131633,0.0,262929.43803725496,6289.022167514981,20472180.113214348,402.0995946491131,312.91922414228776
2.1071428571428568,0.15,0.015,269.4961228972437,12.323046897955658,-0.24673042001435336,0.0,262929.4253167421,6289.022167506249,20472175.65747313,402.09957502334413,312.91921650577115
2.1071428571428568,0.17,-0.005,269.48697016123543,12.26156255675464,-0.2772393541049859,0.0,262926.0966255914,6289.022164162427,20471279.480930004,402.0956268969721,312.9176802598754
2.1071428571428568,0.17,0.005,269.48697016123543,12.261554219005035,-0.277210617906899,0.0,262926.1089265972,6289.022164171083,20471283.791256133,402.0956458829902,312.91768764749696
2.1071428571428568,0.17,0.015,269.48697016123543,12.26156255675464,-0.2772393541049859,0.0,262926.0966255914,6289.022164162427,20471279.480930004,402.0956268969721,312.9176802598754
2.1071428571428568,0.19,-0.005,269.47680060762605,12.192452266022055,-0.30687092204499516,0.0,262922.3926313548,6289.022160596938,20470283.75914053,402.091240136033,312.9159733290994
2.1071428571428568,0.19,0.005,269.47680060762605,12.192443912185066,-0.3068392246914414,0.0,262922.4044665135,6289.02216060551,20470287.90797794,402.0912584115334,312.91598044029126
2.1071428571428568,0.19,0.015,269.47680060762605,12.192452266022055,-0.30687092204499516,0.0,262922.3926313548,6289.022160596938,20470283.75914053,402.091240136033,312.9159733290994
2.1071428571428568,0.21,-0.005,269.4656576193252,12.115727552586648,-0.33553238072062513,0.0,262918.32717278623,6289.022156866048,20469192.744259924,402.08643344493834,312.9141029887794
2.1071428571428568,0.21,0.005,269.4656576193252,12.115719180748954,-0.33549785671732324,0.0,262918.33849782986,6289.022156874528,20469196.71625001,402.0864509422849,312.91410979722406
2.1071428571428568,0.21,0.015,269.4656576193252,12.115727552586648,-0.33553238072062513,0.0,262918.32717278623,6289.022156866048,20469192.744259924,402.08643344493834,312.9141029887794
2.1071428571428568,0.23,-0.005,269.4535885528076,12.031400487966181,-0.3631342957404685,0.0,262913.9153792201,6289.022153028457,20468011.07762699,402.08122724176906,312.9120771809772
2.1071428571428568,0.23,0.005,269.4535885528076,12.031392096138115,-0.3630970910110267,0.0,262913.9261521394,6289.022153036834,20468014.858190704,402.0812438967392,312.9120836616842
2.1071428571428568,0.23,0.015,269.4535885528076,12.031400487966181,-0.3631342957404685,0.0,262913.9153792201,6289.022153028457,20468011.07762699,402.08122724176906,312.9120771809772
2.1071428571428568,0.25,-0.005,269.44064449240375,11.939483702946779,-0.38959081930474515,0.0,262909.1736020092,6289.022149144458,20466743.765613656,402.075643552574,312.9099044734098
2.1071428571428568,0.25,0.005,269.44064449240375,11.939475289060868,-0.3895510904324642,0.0,262909.1837832275,6289.022149152724,20466747.34101176,402.07565930462357,312.909910602819
2.1071428571428568,0.25,0.015,269.44064449240375,11.939483702946779,-0.38959081930474515,0.0,262909.1736020092,6289.022149144458,20466743.765613656,402.075643552574,312.9099044734098
2.1071428571428568,0.27,-0.005,269.4268799880659,11.839990338260463,-0.41481994421016766,0.0,262904.1193405477,6289.022145275112,20465396.153856095,402.0697058985614,312.90759401561536
2.1071428571428568,0.27,0.005,269.4268799880659,11.83998190017258,-0.4147778576362868,0.0,262904.12889308244,6289.0221452832575,20465399.511244815,402.0697206910706,312.90759977169233
2.1071428571428568,0.27,0.015,269.4268799880659,11.839990338260463,-0.41481994421016766,0.0,262904.1193405477,6289.022145275112,20465396.153856095,402.0697058985614,312.90759401561536
2.1071428571428568,0.29,-0.005,269.41235277774757,11.732933837982399,-0.43874373408627027,0.0,262898.7711622535,6289.022141481763,20463973.89999064,402.0634391768657,312.90515549261767
2.1071428571428568,0.29,0.005,269.41235277774757,11.732925373474249,-0.43869946527116793,0.0,262898.78005186206,6289.022141489781,20463977.027472373,402.0634529573619,312.90516085494096
2.1071428571428568,0.29,0.015,269.41235277774757,11.732933837982399,-0.43874373408627027,0.0,262898.7711622535,6289.022141481763,20463973.89999064,402.0634391768657,312.90515549261767
2.1071428571428568,0.31,-0.005,269.3971234991459,11.618327794835714,-0.4612885328603685,0.0,262893.1486202307,6289.022137825516,20462482.94534874,402.0568695366879,312.90259907679064
2.1071428571428568,0.31,0.005,269.3971234991459,11.618319301619207,-0.46124226541435065,0.0,262893.1568155426,6289.022137833394,20462485.832017746,402.05688225704824,312.90260402662994
2.1071428571428568,0.31,0.015,269.3971234991459,11.618327794835714,-0.4612885328603685,0.0,262893.1486202307,6289.022137825516,20462482.94534874,402.0568695366879,312.90259907679064
2.1071428571428568,0.33,-0.005,269.3812553941755,11.496185875198378,-0.4823851507987267,0.0,262887.2721697954,6289.02213436657,20460929.485938728,402.05002425218265,312.89993537845305
2.1071428571428568,0.33,0.005,269.3812553941755,11.496177350922935,-0.48233707558904493,0.0,262887.27964242856,6289.0221343743015,20460932.121921584,402.05003586881304,312.89993989883936
2.1071428571428568,0.33,0.015,269.3812553941755,11.496185875198378,-0.4823851507987267,0.0,262887.2721697954,6289.02213436657,20460929.485938728,402.05002425218265,312.89993537845305
2.1071428571428568,0.35,-0.005,269.3648140041168,11.366521659970722,-0.5019690249176711,0.0,262881.1630813836,6289.022131163503,20459319.942517,402.0429315912508,312.89717539486736
2.1071428571428568,0.35,0.005,269.3648140041168,11.366513102231398,-0.5019193391582745,0.0,262881.16980604583,6289.02213117108,20459322.319007676,402.04294206524185,312.8971794706537
2.1071428571428568,0.35,0.015,269.3648140041168,11.366521659970722,-0.5019690249176711,0.0,262881.1630813836,6289.022131163503,20459319.942517,402.0429315912508,312.89717539486736
2.1071428571428568,0.37,-0.005,269.3478668608929,11.229348448123856,-0.5199803557622142,0.0,262874.8433521964,6289.0221282730645,20457660.930301245,402.0356206829216,312.89433045868566
2.1071428571428568,0.37,0.005,269.3478668608929,11.229339854471142,-0.519929262092601,0.0,262874.84930677025,6289.02212828048,20457663.039590836,402.03562998018157,312.8943340765988
2.1071428571428568,0.37,0.015,269.3478668608929,11.229348448123856,-0.5199803557622142,0.0,262874.8433521964,6289.0221282730645,20457660.930301245,402.0356206829216,312.89433045868566
2.1071428571428568,0.39,-0.005,269.33048317586434,11.084679087504902,-0.5363642205591689,0.0,262868.33561738854,6289.0221257496405,20455959.22843641,402.02812138339795,312.89141218586957
2.1071428571428568,0.39,0.005,269.33048317586434,11.084670455455925,-0.5363119261184583,0.0,262868.34078300104,6289.022125756886,20455961.063937325,402.02812947476076,312.8914153345522
2.1071428571428568,0.39,0.015,269.33048317586434,11.084679087504902,-0.5363642205591689,0.0,262868.33561738854,6289.0221257496405,20455959.22843641,402.02812138339795,312.89141218586957
2.1071428571428568,0.41,-0.005,269.31273352915866,10.93252583246877,-0.5510706616865286,0.0,262861.6630618384,6289.022123644912,20454221.749525998,402.02046414237907,312.8884324237126
2.1071428571428568,0.41,0.005,269.31273352915866,10.93251715952134,-0.5510173771885799,0.0,262861.6674229144,6289.022123651981,20454223.305790726,402.0204710036896,312.88843509375664
2.1071428571428568,0.41,0.015,269.31273352915866,10.93252583246877,-0.5510706616865286,0.0,262861.6630618384,6289.022123644912,20454221.749525998,402.02046414237907,312.8884324237126
2.1071428571428568,0.43,-0.005,269.29468955935823,10.772900243427662,-0.56405475115907,0.0,262854.84933238185,6289.022122007207,20452455.5091962,402.0126798692651,312.8854031988103
2.1071428571428568,0.43,0.005,269.29468955935823,10.772891527074954,-0.564000689974078,0.0,262854.85287668195,6289.022122014091,20452456.78193069,402.01268548144026,312.8854053827808
2.1071428571428568,0.43,0.015,269.29468955935823,10.772900243427662,-0.56405475115907,0.0,262854.84933238185,6289.022122007207,20452455.5091962,402.0126798692651,312.8854031988103
2.1071428571428568,0.45,-0.005,269.27642365747215,10.60581309285132,-0.5752766306111787,0.0,262847.9184514978,6289.0221208812845,20450667.596101128,402.0047998013901,312.8823366658126
2.1071428571428568,0.45,0.005,269.27642365747215,10.6058043305985,-0.5752220078589185,0.0,262847.92117014073,6289.022120887977,20450668.58217279,402.0048041504567,312.88233835826276
2.1071428571428568,0.45,0.015,269.27642365747215,10.60581309285132,-0.5752766306111787,0.0,262847.9184514978,6289.0221208812845,20450667.596101128,402.0047998013901,312.8823366658126
2.1071428571428568,0.47,-0.005,269.2580086658544,10.431274271042644,-0.5847015255416452,0.0,262840.89473227964,6289.02212030787,20448865.142412942,401.9968553741446,312.8792450569042
2.1071428571428568,0.47,0.005,269.2580086658544,10.431265460425017,-0.5846465572010145,0.0,262840.89661974955,6289.022120314365,20448865.83985346,401.9968584512548,312.8792462543811
2.1071428571428568,0.47,0.015,269.2580086658544,10.431274271042644,-0.5847015255416452,0.0,262840.89473227964,6289.02212030787,20448865.142412942,401.9968553741446,312.8792450569042
2.1071428571428568,0.49000000000000005,-0.005,269.23951758035673,10.249292501094441,-0.5922997324422228,0.0,262833.8026926291,6289.022120323877,20447055.294658482,401.9888780928144,312.8761406319449
2.1071428571428568,0.49000000000000005,0.005,269.23951758035673,10.249283639695792,-0.5922446344812368,0.0,262833.80374676816,6289.022120330169,20447055.702661574,401.98887989423815,312.87614133298734
2.1071428571428568,0.49000000000000005,0.015,269.23951758035673,10.249292501094441,-0.5922997324422228,0.0,262833.8026926291,6289.022120323877,20447055.294658482,401.9888780928144,312.8761406319449
2.1071428571428568,0.51,-0.005,269.22102326147916,10.059875176137117,-0.5980465889701563,0.0,262826.66697325837,6289.022120962162,20445245.185431242,401.9808994079235,312.87303562996726
2.1071428571428568,0.51,0.005,269.22102326147916,10.059866261608537,-0.5979915765001033,0.0,262826.66719524475,6289.022120968248,20445245.304345433,401.98089993501947,312.8730358350941
2.1071428571428568,0.51,0.015,269.22102326147916,10.059875176137117,-0.5980465889701563,0.0,262826.66697325837,6289.022120962162,20445245.185431242,401.9808994079235,312.87303562996726
2.1071428571428568,0.53,-0.005,269.2025981547667,9.863028179439391,-0.6019224222960314,0.0,262819.5122583749,6289.022122251609,20443441.90602727,401.9729505946686,312.869942222257
2.1071428571428568,0.53,0.005,269.2025981547667,9.863019209519921,-0.6018677087530567,0.0,262819.51165268803,6289.022122257482,20443441.737344082,401.97294985383536,312.86994193394844
2.1071428571428568,0.53,0.015,269.2025981547667,9.863028179439391,-0.6019224222960314,0.0,262819.5122583749,6289.022122251609,20443441.90602727,401.9729505946686,312.869942222257
2.1071428571428568,0.55,-0.005,269.1843140247909,9.658756092261205,-0.603912483675617,0.0,262812.363203808,6289.022124216469,20441652.480396222,401.9650626376631,312.86687246749364
2.1071428571428568,0.55,0.005,269.1843140247909,9.65874706480038,-0.6038582800325123,0.0,262812.3617781799,6289.022124222125,20441652.026733797,401.965060640269,312.86687169016426
2.1071428571428568,0.55,0.015,269.1843140247909,9.658756092261205,-0.603912483675617,0.0,262812.363203808,6289.022124216469,20441652.480396222,401.9650626376631,312.86687246749364
2.1071428571428568,0.57,-0.005,269.16624169295545,9.44706183837137,-0.6040068454146476,0.0,262805.2443610377,6289.022126876844,20439883.83951078,401.9572661179433,312.86383826776364
2.1071428571428568,0.57,0.005,269.16624169295545,9.447052751350894,-0.6039533594249924,0.0,262805.24212639255,6289.022126882282,20439883.10459332,401.9572628802391,312.8638370077285
2.1071428571428568,0.57,0.015,269.16624169295545,9.44706183837137,-0.6040068454146476,0.0,262805.2443610377,6289.022126876844,20439883.83951078,401.9572661179433,312.86383826776364
2.1071428571428568,0.59,-0.005,269.1484507885046,9.227946568131697,-0.6022002892872975,0.0,262798.18010737526,6289.0221302486925,20438142.797021132,401.94959110528436,312.8608513266332
2.1071428571428568,0.59,0.005,269.1484507885046,9.227937419689136,-0.6021477247639878,0.0,262798.17707775766,6289.022130253909,20438141.785654318,401.94958664829716,312.8608495920664
2.1071428571428568,0.59,0.015,269.1484507885046,9.227946568131697,-0.6022002892872975,0.0,262798.18010737526,6289.0221302486925,20438142.797021132,401.94959110528436,312.8608513266332
2.1071428571428568,0.61,-0.005,269.1310095163589,9.001409760489105,-0.5984921799247579,0.0,262791.1945829357,6289.02213434367,20436436.02655919,401.94206705759944,312.85792310997084
2.1071428571428568,0.61,0.005,269.1310095163589,9.001400548940827,-0.5984407360579347,0.0,262791.1907754266,6289.022134348665,20436434.744601533,401.9420614070088,312.85792091085784
2.1071428571428568,0.61,0.015,269.1310095163589,9.001409760489105,-0.5984921799247579,0.0,262791.1945829357,6289.02213434367,20436436.02655919,401.94206705759944,312.85792310997084
2.1071428571428568,0.63,-0.005,269.1139844288061,8.767448867246582,-0.5928863116457108,0.0,262784.31162486854,6289.022139169787,20434770.039450902,401.93472272242354,312.8550648075757
2.1071428571428568,0.63,0.005,269.1139844288061,8.767439591111565,-0.5928361823399159,0.0,262784.3070594954,6289.02213917456,20434768.49378303,401.9347159084279,312.8550621556612
2.1071428571428568,0.63,0.015,269.1139844288061,8.767448867246582,-0.5928863116457108,0.0,262784.31162486854,6289.022139169787,20434770.039450902,401.93472272242354,312.8550648075757
2.1071428571428568,0.65,-0.005,269.09744020217386,8.526059249727,-0.5853907616524687,0.0,262777.55470580235,6289.0221447315125,20433151.162907932,401.9275860401415,312.85228729547885
2.1071428571428568,0.65,0.005,269.09744020217386,8.526049907752098,-0.5853421349292441,0.0,262777.5494054343,6289.022144736061,20433149.361396562,401.92757809730193,312.85228420420617
2.1071428571428568,0.65,0.015,269.09744020217386,8.526059249727,-0.5853907616524687,0.0,262777.55470580235,6289.0221447315125,20433151.162907932,401.9275860401415,312.85228729547885
2.1071428571428568,0.67,-0.005,269.08143945100187,8.277234066916767,-0.576017691705685,0.0,262770.9468826615,6289.022151030026,20431585.52189677,401.92068406343003,312.8496011045503
2.1071428571428568,0.67,0.005,269.08143945100187,8.277224658099081,-0.5759707491209594,0.0,262770.94087289966,6289.0221510343545,20431583.473357204,401.9206750305062,312.84959758899765
2.1071428571428568,0.67,0.015,269.08143945100187,8.277234066916767,-0.576017691705685,0.0,262770.9468826615,6289.022151030026,20431585.52189677,401.92068406343003,312.8496011045503
2.1071428571428568,0.69,-0.005,269.06604253573363,8.020964334723248,-0.5647831721597535,0.0,262764.5107453144,6289.022158063509,20430079.020380463,401.9140428738682,312.8470163879999
2.1071428571428568,0.69,0.005,269.06604253573363,8.02095485833594,-0.5647380882640899,0.0,262764.5040543735,6289.022158067615,20430076.734535903,401.91403279363993,312.8470124648111
2.1071428571428568,0.69,0.015,269.06604253573363,8.020964334723248,-0.5647831721597535,0.0,262764.5107453144,6289.022158063509,20430079.020380463,401.9140428738682,312.8470163879999
2.1071428571428568,0.71,-0.005,269.05130738208663,7.757238551509356,-0.551706966636159,0.0,262758.2683653354,6289.022165827872,20428637.32371983,401.907687503819,312.84454289092605
2.1071428571428568,0.71,0.005,269.05130738208663,7.7572290071260905,-0.5516639084855546,0.0,262758.2610239216,6289.022165831764,20428634.81115942,401.9076764229036,312.8445385782393
2.1071428571428568,0.71,0.015,269.05130738208663,7.757238551509356,-0.551706966636159,0.0,262758.2683653354,6289.022165827872,20428637.32371983,401.907687503819,312.84454289092605
2.1071428571428568,0.73,-0.005,269.0372893154514,7.486042866674236,-0.5368123341376502,0.0,262752.24125347025,6289.0221743166,20427265.84252425,401.901641864225,312.842189922164
2.1071428571428568,0.73,0.005,269.0372893154514,7.486033254191534,-0.5367714607939595,0.0,262752.23329464346,6289.022174320278,20427263.114655774,401.9016298328685,312.84218523953075
2.1071428571428568,0.73,0.015,269.0372893154514,7.486042866674236,-0.5368123341376502,0.0,262752.24125347025,6289.0221743166,20427265.84252425,401.901641864225,312.842189922164
2.1071428571428568,0.75,-0.005,269.02404091666403,7.207361266207553,-0.5201258235074535,0.0,262746.45032321237,6289.022183520749,20425969.718594953,401.89592868168745,312.8399663297446
2.1071428571428568,0.75,0.005,269.02404091666403,7.2073515858684125,-0.5200872856315244,0.0,262746.4417822546,6289.022183524219,20425966.787599582,401.895915753566,312.8399612980525
2.1071428571428568,0.75,0.015,269.02404091666403,7.207361266207553,-0.5201258235074535,0.0,262746.45032321237,6289.022183520749,20425969.718594953,401.89592868168745,312.8399663297446
2.1071428571428568,0.77,-0.005,269.01161186832366,6.921175131081567,-0.5016770113982578,0.0,262740.91584773734,6289.02219343024,20424753.809989396,401.89056943225097,312.83788047507056
2.1071428571428568,0.77,0.005,269.01161186832366,6.921165383503321,-0.5016409508474798,0.0,262740.90676201036,6289.022193433505,20424750.68877272,401.89055566425515,312.8378751164593
2.1071428571428568,0.77,0.015,269.01161186832366,6.921175131081567,-0.5016770113982578,0.0,262740.91584773734,6289.02219343024,20424753.809989396,401.89056943225097,312.83788047507056
2.1071428571428568,0.79,-0.005,269.00004882540463,6.6274632847532216,-0.4814982701832509,0.0,262735.65742746834,6289.022204034008,20423622.67842678,401.8855842849781,312.83594021090215
2.1071428571428568,0.79,0.005,269.00004882540463,6.627453470951857,-0.48146481964164467,0.0,262735.64783626737,6289.022204037075,20423619.380568452,401.8855697369907,312.83593454867696
2.1071428571428568,0.79,0.015,269.00004882540463,6.6274632847532216,-0.4814982701832509,0.0,262735.65742746834,6289.022204034008,20423622.67842678,401.8855842849781,312.83594021090215
2.1071428571428568,0.81,-0.005,268.9893952932799,6.326202044544506,-0.45962452378445023,0.0,262730.6939600149,6289.022215320407,20422580.577425048,401.8809920488629,312.83415286064263
2.1071428571428568,0.81,0.005,268.9893952932799,6.326192165958105,-0.4595938064256921,0.0,262730.6839044193,6289.022215323284,20422577.11712737,401.880976783532,312.8341469191861
2.1071428571428568,0.81,0.015,268.9893952932799,6.326202044544506,-0.45962452378445023,0.0,262730.6939600149,6289.022215320407,20422580.577425048,401.8809920488629,312.83415286064263
2.1071428571428568,0.83,-0.005,268.9796915082598,6.017364489187359,-0.43609296592259067,0.0,262726.0436067522,6289.022227278785,20421631.440720342,401.8768101215825,312.8325251983404
2.1071428571428568,0.83,0.005,268.9796915082598,6.017354547697893,-0.43606509510229435,0.0,262726.0331294728,6289.022227281479,20421627.832755722,401.8767942040891,312.83251900302184
2.1071428571428568,0.83,0.015,268.9796915082598,6.017364489187359,-0.43609296592259067,0.0,262726.0436067522,6289.022227278785,20421631.440720342,401.8768101215825,312.8325251983404
2.1071428571428568,0.85,-0.005,268.97097433694364,5.70092100416486,-0.41094283206452165,0.0,262721.7237727694,6289.022239898762,20420778.872452907,401.8730544449661,312.8310634313074
2.1071428571428568,0.85,0.005,268.97097433694364,5.7009110021207645,-0.41091791104035646,0.0,262721.71291799314,6289.02223990128,20420775.132110346,401.8730379427867,312.83105700839064
2.1071428571428568,0.85,0.015,268.97097433694364,5.70092100416486,-0.41094283206452165,0.0,262721.7237727694,6289.022239898762,20420778.872452907,401.8730544449661,312.8310634313074
2.1071428571428568,0.87,-0.005,268.96327718606415,5.376839833434772,-0.38421515747075063,0.0,262717.75108931214,6289.022253169917,20420026.1383902,401.8697394652885,312.82977318461775
2.1071428571428568,0.87,0.005,268.96327718606415,5.37682977367515,-0.3841932791492118,0.0,262717.73990254494,6289.022253172268,20420022.281421088,401.8697224479555,312.82976656116745
2.1071428571428568,0.87,0.015,268.96327718606415,5.376839833434772,-0.38421515747075063,0.0,262717.75108931214,6289.022253169917,20420026.1383902,401.8697394652885,312.82977318461775
2.1071428571428568,0.89,-0.005,268.9566299111457,5.045086624695365,-0.35595247864739615,0.0,262714.14139074023,6289.022267083228,20419376.157084454,401.866878094156,312.82865948583947
2.1071428571428568,0.89,0.005,268.9566299111457,5.045076510571897,-0.3559337253557809,0.0,262714.1299186474,6289.022267085423,20419372.199647665,401.8668606330136,312.8286526896264
2.1071428571428568,0.89,0.015,268.9566299111457,5.045086624695365,-0.35595247864739615,0.0,262714.14139074023,6289.022267083228,20419376.157084454,401.866878094156,312.82865948583947
2.1071428571428568,0.91,-0.005,268.9510587155574,4.705622929066079,-0.3261985004304231,0.0,262710.90968540584,6289.022281633307,20418831.49011109,401.8644816657835,312.8277267483662
2.1071428571428568,0.91,0.005,268.9510587155574,4.705612764453854,-0.3261829437121537,0.0,262710.8979756518,6289.0222816353535,20418827.448717583,401.8644638337418,312.8277198077713
2.1071428571428568,0.91,0.015,268.9510587155574,4.705622929066079,-0.3261985004304231,0.0,262710.90968540584,6289.022281633307,20418831.49011109,401.8644816657835,312.8277267483662
2.1071428571428568,0.93,-0.005,268.94658609981036,4.358408359831747,-0.29499793950933395,0.0,262708.07015827176,6289.022296815754,20418394.33706676,401.86255991302085,312.8269787620496
2.1071428571428568,0.93,0.005,268.94658609981036,4.35839814915033,-0.2949856399427743,0.0,262708.05825935793,6289.022296817662,20418390.22852378,401.8625417843084,312.8269717059675
2.1071428571428568,0.93,0.015,268.94658609981036,4.358408359831747,-0.29499793950933395,0.0,262708.07015827176,6289.022296815754,20418394.33706676,401.86255991302085,312.8269787620496
2.1071428571428568,0.95,-0.005,268.9432308106347,4.003401190733124,-0.26239624364193204,0.0,262705.63616633305,6289.022312632462,20418066.53078841,401.86112094822516,312.8264186857232
2.1071428571428568,0.95,0.005,268.9432308106347,4.0033909389633155,-0.2623872506814938,0.0,262705.62412743515,6289.022312634241,20418062.372143313,401.86110259813813,312.8264115434646
2.1071428571428568,0.95,0.015,268.9432308106347,4.003401190733124,-0.26239624364193204,0.0,262705.63616633305,6289.022312632462,20418066.53078841,401.86112094822516,312.8264186857232
2.1071428571428568,0.97,-0.005,268.94100772162057,3.6404995324606158,-0.2284359324003152,0.0,262703.62019345025,6289.022329586643,20417849.541161377,401.8601715156837,312.82604914542475
2.1071428571428568,0.97,0.005,268.94100772162057,3.640489244277252,-0.22843028422969452,0.0,262703.6080642676,6289.022329588309,20417845.349649638,401.86015302035935,312.82604194662804
2.1071428571428568,0.97,0.015,268.94100772162057,3.6404995324606158,-0.2284359324003152,0.0,262703.62019345025,6289.022329586643,20417849.541161377,401.8601715156837,312.82604914542475
2.1071428571428568,0.99,-0.005,268.93989739524676,3.2620228085064538,-0.1927556222809947,0.0,262702.0188716781,6289.0223937391,20417742.912123628,401.85973158213227,312.82587791333674
2.1071428571428568,0.99,0.005,268.93989739524676,3.2620124889306314,-0.19275324551708697,0.0,262702.0066782627,6289.022393740719,20417738.696764387,401.8597129814751,312.82587067353825
2.1071428571428568,0.99,0.015,268.93989739524676,3.2620228085064538,-0.1927556222809947,0.0,262702.0188716781,6289.0223937391,20417742.912123628,401.85973158213227,312.82587791333674
2.1071428571428568,1.01,-0.005,268.93980090482,1.170497716114058e-06,-6.916567691151337e-08,0.0,262701.99180740345,6289.035679712229,20418148.446522515,401.86785746527414,312.8290406757111
2.1071428571428568,1.01,0.005,268.9397044143933,-3.2620228085064538,0.1927556222809947,0.0,262701.96474310936,6289.0223946226215,20417724.052239347,401.85964877906025,312.82584568449795
2.1071428571428568,1.01,0.015,268.93980090482,1.170497716114058e-06,-6.916567691151337e-08,0.0,262701.99180740345,6289.035679712229,20418148.446522515,401.86785746527414,312.8290406757111
2.178571428571429,-0.01,-0.005,269.534686899858,12.569733906394875,0.0,0.0,262943.290826442,6289.02206283031,20475947.867121737,402.11613544054484,312.9256602074594
2.178571428571429,-0.01,0.005,269.534686899858,12.569733906394875,0.01639865290061193,0.0,262943.290826442,6289.022062495934,20475947.85664807,402.11613523485806,312.92566012742697
2.178571428571429,-0.01,0.015,269.534686899858,12.569733906394875,0.0,0.0,262943.290826442,6289.02206283031,20475947.867121737,402.11613544054484,312.9256602074594
2.178571428571429,0.01,-0.005,269.534686899858,12.569733906394877,-0.01639865290061193,0.0,262943.29082644207,6289.022062495934,20475947.856648073,402.1161352348581,312.92566012742697
2.178571428571429,0.01,0.005,269.534686899858,12.569726434644675,-0.016396766541758548,0.0,262943.30562226265,6289.022062503231,20475953.02901246,402.11615801245375,312.9256689901577
2.178571428571429,0.01,0.015,269.534686899858,12.569733906394877,-0.01639865290061193,0.0,262943.29082644207,6289.022062495934,20475947.856648073,402.1161352348581,312.92566012742697
2.178571428571429,0.03,-0.005,269.53350235988177,12.561903222511777,-0.0491517259512667,0.0,262942.8595231387,6289.022061989448,20475831.877829537,402.11562433291357,312.9254613361264
2.178571428571429,0.03,0.005,269.53350235988177,12.561895744525131,-0.0491464407331403,0.0,262942.87423225155,6289.022061996722,20475837.020135395,402.11564697824855,312.92547014740023
2.178571428571429,0.03,0.015,269.53350235988177,12.561903222511777,-0.0491517259512667,0.0,262942.8595231387,6289.022061989448,20475831.877829537,402.11562433291357,312.9254613361264
2.178571428571429,0.05,-0.005,269.53113771472226,12.546389769960216,-0.0817431262282236,0.0,262942.00019885774,6289.022061149023,20475600.339570288,402.11460445119735,312.92506450106254
2.178571428571429,0.05,0.005,269.53113771472226,12.546382280750196,-0.08173434230481577,0.0,262942.0147942561,6289.022061156279,20475605.442493513,402.1146269233166,312.92507324494943
2.178571428571429,0.05,0.015,269.53113771472226,12.546389769960216,-0.0817431262282236,0.0,262942.00019885774,6289.022061149023,20475600.339570288,402.11460445119735,312.92506450106254
2.178571428571429,0.07,-0.005,269.52760323951105,12.523210510854565,-0.11406652795388206,0.0,262940.7162977687,6289.022059932503,20475254.257741556,402.11308002924017,312.92447134890375
2.178571428571429,0.07,0.005,269.52760323951105,12.523203005452613,-0.11405428334692634,0.0,262940.7307232223,6289.02205993973,20475259.30180438,402.11310224246967,312.9244799920732
2.178571428571429,0.07,0.015,269.52760323951105,12.523210510854565,-0.11406652795388206,0.0,262940.7162977687,6289.022059932503,20475254.257741556,402.11308002924017,312.92447134890375
2.178571428571429,0.09,-0.005,269.5229142645884,12.492371772616673,-0.1460164637362176,0.0,262939.01271244796,6289.022058366985,20474795.135390963,402.1110576784021,312.923684451021
2.178571428571429,0.09,0.005,269.5229142645884,12.492364246103207,-0.14600081130330603,0.0,262939.02691251214,6289.022058374177,20474800.101386294,402.1110795482516,312.92369296060275
2.178571428571429,0.09,0.015,269.5229142645884,12.492371772616673,-0.1460164637362176,0.0,262939.01271244796,6289.022058366985,20474795.135390963,402.1110576784021,312.923684451021
2.178571428571429,0.11,-0.005,269.5170910832975,12.45387992904573,-0.17748881317004517,0.0,262936.895897678,6289.022056487877,20474224.962118786,402.108546150464,312.9227072112907
2.178571428571429,0.11,0.005,269.5170910832975,12.453872376549231,-0.17746982036839212,0.0,262936.9098179303,6289.022056495023,20474229.831191782,402.10856759398405,312.92271555501316
2.178571428571429,0.11,0.015,269.5170910832975,12.45387992904573,-0.17748881317004517,0.0,262936.895897678,6289.022056487877,20474224.962118786,402.108546150464,312.9227072112907
2.178571428571429,0.13,-0.005,269.5101588440707,12.407742070725215,-0.20838119739884456,0.0,262934.3738477453,6289.022054336157,20473546.20338629,402.10555628979944,312.9215438475156
2.178571428571429,0.13,0.005,269.5101588440707,12.40773448742456,-0.2083589459130863,0.0,262934.3874350291,6289.02205434325,20473550.957118478,402.10557722594945,312.9215519938495
2.178571428571429,0.13,0.015,269.5101588440707,12.407742070725215,-0.20838119739884456,0.0,262934.3738477453,6289.022054336157,20473546.20338629,402.10555628979944,312.9215438475156
2.178571428571429,0.15,-0.005,269.50214742126803,12.353966319048208,-0.238593348612443,0.0,262931.45606409106,6289.022051957472,20472761.78779808,402.1021009776142,312.92019936976664
2.178571428571429,0.15,0.005,269.50214742126803,12.353958700185357,-0.23856793390653602,0.0,262931.4692667521,6289.022051964503,20472766.408288844,402.1021213276192,312.92020728806347
2.178571428571429,0.15,0.015,269.50214742126803,12.353966319048208,-0.238593348612443,0.0,262931.45606409106,6289.022051957472,20472761.78779808,402.1021009776142,312.92019936976664
2.178571428571429,0.17,-0.005,269.49309124754495,12.292561648709126,-0.2680274588184178,0.0,262928.1535061973,6289.022049401528,20471875.090620372,402.0981950598584,312.918679552377
2.178571428571429,0.17,0.005,269.49309124754495,12.292553989597899,-0.2679989896160318,0.0,262928.16627431096,6289.02204940849,20471879.56056545,402.0982147475533,312.91868721300244
2.178571428571429,0.17,0.015,269.49309124754495,12.292561648709126,-0.2680274588184178,0.0,262928.1535061973,6289.022049401528,20471875.090620372,402.0981950598584,312.918679552377
2.178571428571429,0.19,-0.005,269.4830291257966,12.22353777714814,-0.2965885205549037,0.0,262924.47853769,6289.022046721543,20470889.915295776,402.0938552664323,312.9169909025529
2.178571428571429,0.19,0.005,269.4830291257966,12.22353007318165,-0.2965571182531604,0.0,262924.4908232789,6289.022046728427,20470894.21806228,402.0938742185904,312.9169982770155
2.178571428571429,0.19,0.015,269.4830291257966,12.22353777714814,-0.2965885205549037,0.0,262924.47853769,6289.022046721543,20470889.915295776,402.0938552664323,312.9169909025529
2.178571428571429,0.21,-0.005,269.4720040231288,12.14690503813334,-0.3241846497170914,0.0,262920.44486729195,6289.022043973704,20469810.47319429,402.0891001227016,312.9151406259979
2.178571428571429,0.21,0.005,269.4720040231288,12.146897284795271,-0.3241504477389174,0.0,262920.4566245319,6289.022043980504,20469814.59289182,402.0891182693472,312.9151476870698
2.178571428571429,0.21,0.015,269.4720040231288,12.14690503813334,-0.3241846497170914,0.0,262920.44486729195,6289.022043973704,20469810.47319429,402.0891001227016,312.9151406259979
2.178571428571429,0.23,-0.005,269.4600628406709,12.06267421639888,-0.35072738949805626,0.0,262916.0674825835,6289.022041216599,20468641.36099438,402.08394985061375,312.9131365884912
2.178571428571429,0.23,0.005,269.4600628406709,12.062666409273103,-0.3506905325887754,0.0,262916.07866799686,6289.022041223305,20468645.282541882,402.08396712531527,312.91314331032254
2.178571428571429,0.23,0.015,269.4600628406709,12.06267421639888,-0.35072738949805626,0.0,262916.0674825835,6289.022041216599,20468641.36099438,402.08394985061375,312.9131365884912
2.178571428571429,0.25,-0.005,269.44725616951905,11.970856554108375,-0.37613199696256067,0.0,262911.36258190026,6289.022038510321,20467387.53669442,402.0784262636671,312.91098727507875
2.178571428571429,0.25,0.005,269.44725616951905,11.970848688890582,-0.37609264043689095,0.0,262911.37315453665,6289.022038516928,20467391.245882533,402.0784426038119,312.9109936333045
2.178571428571429,0.25,0.015,269.44725616951905,11.970856554108375,-0.37613199696256067,0.0,262911.36258190026,6289.022038510321,20467387.53669442,402.0784262636671,312.91098727507875
2.178571428571429,0.27,-0.005,269.43363803028575,11.871463700834553,-0.4003177055008884,0.0,262906.3475009927,6289.022035915707,20466054.294021737,402.0725526548947,312.9087017465451
2.178571428571429,0.27,0.005,269.43363803028575,11.871455773345229,-0.40027601444667754,0.0,262906.3574225949,6289.022035922207,20466057.77757024,402.0725680019418,312.90870771838337
2.178571428571429,0.27,0.015,269.43363803028575,11.871463700834553,-0.4003177055008884,0.0,262906.3475009927,6289.022035915707,20466054.294021737,402.0725526548947,312.9087017465451
2.178571428571429,0.29,-0.005,269.41926559773276,11.764507520690378,-0.4232079631784453,0.0,262901.0406338904,6289.022033493758,20464647.235387858,402.0663536785341,312.90628959342894
2.178571428571429,0.29,0.005,269.41926559773276,11.764499526887828,-0.42316411162362344,0.0,262901.0498690455,6289.022033500142,20464650.48099801,402.0663679782449,312.90629515777096
2.178571428571429,0.29,0.015,269.41926559773276,11.764507520690378,-0.4232079631784453,0.0,262901.0406338904,6289.022033493758,20464647.235387858,402.0663536785341,312.90628959342894
2.178571428571429,0.31,-0.005,269.4041989147738,11.649999946811974,-0.44473064914774635,0.0,262895.4613513934,6289.022031305023,20463172.243803434,402.059855227073,312.90376088823814
2.178571428571429,0.31,0.005,269.4041989147738,11.649991882805978,-0.44468481919707775,0.0,262895.469867669,6289.022031311288,20463175.240205027,402.0598684297198,312.9037660257292
2.178571428571429,0.31,0.015,269.4041989147738,11.649999946811974,-0.44473064914774635,0.0,262895.4613513934,6289.022031305023,20463172.243803434,402.059855227073,312.90376088823814
2.178571428571429,0.33,-0.005,269.38850059895606,11.527952902731924,-0.4648182656197702,0.0,262889.62991827953,6289.022029409024,20461635.45406058,402.05308430504147,312.9011261363963
2.178571428571429,0.33,0.005,269.38850059895606,11.52794476479902,-0.4647706465679966,0.0,262889.6376863432,6289.02202941516,20461638.191053506,402.053096365591,312.9011308295072
2.178571428571429,0.33,0.015,269.38850059895606,11.527952902731924,-0.4648182656197702,0.0,262889.62991827953,6289.022029409024,20461635.45406058,402.05308430504147,312.9011261363963
2.178571428571429,0.35,-0.005,269.3722355401693,11.398378159658934,-0.48340810382901195,0.0,262883.5674071965,6289.022027863396,20460043.223052066,402.04606889881603,312.8983962256336
2.178571428571429,0.35,0.005,269.3722355401693,11.398369944257244,-0.48335889125684556,0.0,262883.5744009199,6289.0220278694005,20460045.69154235,402.0460797770902,312.89840045872376
2.178571428571429,0.35,0.015,269.3722355401693,11.398378159658934,-0.48340810382901195,0.0,262883.5674071965,6289.022027863396,20460043.223052066,402.04606889881603,312.8983962256336
2.178571428571429,0.37,-0.005,269.3554705943213,11.261287150178227,-0.5004423852742276,0.0,262877.2956112095,6289.02202672367,20458402.099720143,402.0388378450154,312.8955823748266
2.178571428571429,0.37,0.005,269.3554705943213,11.26127885396258,-0.5003917801335116,0.0,262877.3018077553,6289.022026729538,20458404.29175028,402.03884750582637,312.89558613419604
2.178571428571429,0.37,0.015,269.3554705943213,11.261287150178227,-0.5004423852742276,0.0,262877.2956112095,6289.02202672367,20458402.099720143,402.0388378450154,312.8955823748266
2.178571428571429,0.39,-0.005,269.3382742746421,11.116690809804162,-0.5158683783439449,0.0,262870.8369558781,6289.022026042603,20456718.794765104,402.0314206975344,312.8926960823018
2.178571428571429,0.39,0.005,269.3382742746421,11.116682429641385,-0.5158165860380514,0.0,262870.84233577066,6289.022026048327,20456720.703538686,402.03142911079493,312.89269935623463
2.178571428571429,0.39,0.015,269.3382742746421,11.116690809804162,-0.5158683783439449,0.0,262870.8369558781,6289.022026042603,20456718.794765104,402.0314206975344,312.8926960823018
2.178571428571429,0.41,-0.005,269.3207164431943,10.964599437839189,-0.5296384894147299,0.0,262864.214411776,6289.022025869802,20455000.15039035,402.02384759478446,312.88974907421465
2.178571428571429,0.41,0.005,269.3207164431943,10.964590970824606,-0.5295857188799733,0.0,262864.2189589556,6289.02202587538,20455001.77029114,402.0238547355947,312.88975185301285
2.178571428571429,0.41,0.015,269.3207164431943,10.964599437839189,-0.5296384894147299,0.0,262864.214411776,6289.022025869802,20455000.15039035,402.02384759478446,312.88974907421465
2.178571428571429,0.43,-0.005,269.3028680031363,10.805022607458213,-0.541710329223433,0.0,262857.45140767534,6289.022026251092,20453253.110119782,402.01614912700535,312.88675325294963
2.178571428571429,0.43,0.005,269.3028680031363,10.805014050931815,-0.5416567920168901,0.0,262857.4551095362,6289.022026256516,20453254.43672501,402.0161549757132,312.8867555289567
2.178571428571429,0.43,0.015,269.3028680031363,10.805022607458213,-0.541710329223433,0.0,262857.45140767534,6289.022026251092,20453253.110119782,402.01614912700535,312.88675325294963
2.178571428571429,0.45,-0.005,269.28480059500504,10.637969073163536,-0.5520467536705411,0.0,262850.57174493535,6289.022027228126,20451484.6890249,402.0083562053898,312.8837206462192
2.178571428571429,0.45,0.005,269.28480059500504,10.637960424726835,-0.5519926630693828,0.0,262850.5745923472,6289.0220272333945,20451485.71911315,402.00836074762884,312.883722413835
2.178571428571429,0.45,0.015,269.28480059500504,10.637969073163536,-0.5520467536705411,0.0,262850.57174493535,6289.022027228126,20451484.6890249,402.0083562053898,312.8837206462192
2.178571428571429,0.47,-0.005,269.26658629778234,10.463446677563157,-0.5606158784110309,0.0,262843.5995132365,6289.022028838052,20449701.94442956,402.0004999332029,312.8806633569318
2.178571428571429,0.47,0.005,269.26658629778234,10.463437935096366,-0.560561448527984,0.0,262843.6015005508,6289.022028843163,20449702.675983213,402.0005031599057,312.8806646126179
2.178571428571429,0.47,0.015,269.26658629778234,10.463446677563157,-0.5606158784110309,0.0,262843.5995132365,6289.022028838052,20449701.94442956,402.0004999332029,312.8806633569318
2.178571428571429,0.48999999999999994,-0.005,269.24829733364965,10.281462089656712,-0.5673910667029316,0.0,262836.5590057268,6289.022031113442,20447911.946992878,401.99261147856646,312.8775935137001
2.178571428571429,0.48999999999999994,0.005,269.24829733364965,10.28145325133474,-0.5673365116219753,0.0,262836.5601307677,6289.02203111839,20447912.379195288,401.99261338595466,312.8775942559762
2.178571428571429,0.48999999999999994,0.015,269.24829733364965,10.281462089656712,-0.5673910667029316,0.0,262836.5590057268,6289.022031113442,20447911.946992878,401.99261147856646,312.8775935137001
2.178571428571429,0.51,-0.005,269.23000578143876,10.092020654494053,-0.5723508987539503,0.0,262829.47463786736,6289.022034082031,20446121.752646197,401.9847219507875,312.8745232227214
2.178571428571429,0.51,0.005,269.23000578143876,10.092011718801906,-0.5722964316899315,0.0,262829.47490190755,6289.022034086816,20446121.885873847,401.98472254034044,312.8745234521531
2.178571428571429,0.51,0.015,269.23000578143876,10.092020654494053,-0.5723508987539503,0.0,262829.47463786736,6289.022034082031,20446121.752646197,401.9847219507875,312.8745232227214
2.178571428571429,0.53,-0.005,269.2117832992073,9.895126220290212,-0.5754791185427905,0.0,262822.3708688149,6289.0220377666965,20444338.37543878,401.97686228066385,312.8714645211979
2.178571428571429,0.53,0.005,269.2117832992073,9.89511718603897,-0.5754249510281806,0.0,262822.3702765382,6289.022037771317,20444338.211248588,401.97686155906507,312.8714642403762
2.178571428571429,0.53,0.015,269.2117832992073,9.895126220290212,-0.5754791185427905,0.0,262822.3708688149,6289.0220377666965,20444338.37543878,401.97686228066385,312.8714645211979
2.178571428571429,0.55,-0.005,269.1937008597646,9.690781322913484,-0.5767645645973346,0.0,262815.2721298587,6289.02204218489,20442568.761642974,401.96906310595756,312.8684293327612
2.178571428571429,0.55,0.005,269.1937008597646,9.690772189257212,-0.5767109056988471,0.0,262815.27068930876,6289.022042189344,20442568.30275497,401.96906108502174,312.86842854627406
2.178571428571429,0.55,0.015,269.1937008597646,9.690781322913484,-0.5767645645973346,0.0,262815.2721298587,6289.02204218489,20442568.761642974,401.96906310595756,312.8684293327612
2.178571428571429,0.57,-0.005,269.1758284908796,9.478986856971295,-0.5762010661332289,0.0,262808.2027493976,6289.022047349002,20440819.76435459,401.9613546593674,312.8654294238615
2.178571428571429,0.57,0.005,269.1758284908796,9.478977623422306,-0.5761481217005836,0.0,262808.20047191414,6289.022047353288,20440819.01463028,401.9613513559475,312.8654281382579
2.178571428571429,0.57,0.015,269.1758284908796,9.478986856971295,-0.5762010661332289,0.0,262808.2027493976,6289.022047349002,20440819.76435459,401.9613546593674,312.8654294238615
2.178571428571429,0.59,-0.005,269.1582350307638,9.259741975657706,-0.5737873257607637,0.0,262801.18688450806,6289.022053266191,20439098.11957989,401.95376666268055,312.8624763625555
2.178571428571429,0.59,0.005,269.1582350307638,9.25973264210274,-0.5737352977120715,0.0,262801.1837846506,6289.022053270311,20439097.083996262,401.95376209855556,312.8624745863022
2.178571428571429,0.59,0.015,269.1582350307638,9.259741975657706,-0.5737873257607637,0.0,262801.18688450806,6289.022053266191,20439098.11957989,401.95376666268055,312.8624763625555
2.178571428571429,0.61,-0.005,269.14098789200244,9.033044176077919,-0.5695267972361012,0.0,262794.24845677736,6289.022059938424,20437410.423161753,401.94632822460784,312.8595814787213
2.178571428571429,0.61,0.005,269.14098789200244,9.033034742793767,-0.5694758828669932,0.0,262794.2445522405,6289.0220599423765,20437409.10778242,401.94632242635817,312.85957922215385
2.178571428571429,0.61,0.015,269.14098789200244,9.033044176077919,-0.5695267972361012,0.0,262794.24845677736,6289.022059938424,20437410.423161753,401.94632822460784,312.8595814787213
2.178571428571429,0.63,-0.005,269.1241528291886,8.798888959190826,-0.5634275351807586,0.0,262787.4110854521,6289.022067362821,20435763.10808722,401.9390677403472,312.8567558249394
2.178571428571429,0.63,0.005,269.1241528291886,8.798879426859214,-0.5633779265290869,0.0,262787.40639696666,6289.02206736661,20435761.520028573,401.9390607392075,312.8567531002056
2.178571428571429,0.63,0.015,269.1241528291886,8.798888959190826,-0.5634275351807586,0.0,262787.4110854521,6289.022067362821,20435763.10808722,401.9390677403472,312.8567558249394
2.178571428571429,0.65,-0.005,269.107793740436,8.557269772339556,-0.5555020136651029,0.0,262780.6980329764,6289.022075531837,20434162.42510895,401.9320128055794,312.8540101429859
2.178571428571429,0.65,0.005,269.107793740436,8.55726014205869,-0.5554538968967161,0.0,262780.69258420373,6289.022075535463,20434160.572504073,401.9320046372816,312.85400696398466
2.178571428571429,0.65,0.015,269.107793740436,8.557269772339556,-0.5555020136651029,0.0,262780.6980329764,6289.022075531837,20434162.42510895,401.9320128055794,312.8540101429859
2.178571428571429,0.67,-0.005,269.09197246289966,8.308177908825682,-0.5457669547990678,0.0,262774.1321486875,6289.022084433526,20432614.422789723,401.9251901278857,312.8513548293177
2.178571428571429,0.67,0.005,269.09197246289966,8.30816818212479,-0.5457205096343907,0.0,262774.1259661046,6289.0220844369915,20432612.314748958,401.9251808324871,312.85135121163194
2.178571428571429,0.67,0.015,269.09197246289966,8.308177908825682,-0.5457669547990678,0.0,262774.1321486875,6289.022084433526,20432614.422789723,401.9251901278857,312.8513548293177
2.178571428571429,0.69,-0.005,269.07674858579367,8.051602546923963,-0.5342431350307821,0.0,262767.7358187217,6289.0220940516265,20431124.9292565,401.91862544554084,312.8487999034232
2.178571428571429,0.69,0.005,269.07674858579367,8.051592725777086,-0.5341985342222216,0.0,262767.72893150104,6289.022094054933,20431122.57582635,401.91861506724354,312.84879586425
2.178571428571429,0.69,0.015,269.07674858579367,8.051602546923963,-0.5342431350307821,0.0,262767.7358187217,6289.0220940516265,20431124.9292565,401.91862544554084,312.8487999034232
2.178571428571429,0.71,-0.005,269.06217927553473,7.787530405556598,-0.5209551775071928,0.0,262761.5309167505,6289.022104366466,20429699.535175093,401.9123434520239,312.8463549783963
2.178571428571429,0.71,0.005,269.06217927553473,7.787520492394135,-0.5209125863044902,0.0,262761.5233566235,6289.022104369619,20429696.94729134,401.91233203897025,312.8463505364671
2.178571428571429,0.71,0.015,269.06217927553473,7.787530405556598,-0.5209551775071928,0.0,262761.5309167505,6289.022104366466,20429699.535175093,401.9123434520239,312.8463549783963
2.178571428571429,0.73,-0.005,269.0483191135169,7.515945912581265,-0.5059313474923236,0.0,262755.5387623288,6289.022115354681,20428343.57791855,401.9063677251843,312.8440292333182
2.178571428571429,0.73,0.005,269.0483191135169,7.515935910299728,-0.5058909232119526,0.0,262755.53056345665,6289.022115357682,20428340.76736201,401.90635532926194,312.8440244088235
2.178571428571429,0.73,0.015,269.0483191135169,7.515945912581265,-0.5059313474923236,0.0,262755.5387623288,6289.022115354681,20428343.57791855,401.9063677251843,312.8440292333182
2.178571428571429,0.75,-0.005,269.03521994080415,7.2368313597388445,-0.48920332516686177,0.0,262749.78008126264,6289.022126989546,20427062.126441598,401.9007206597799,312.84183138695147
2.178571428571429,0.75,0.005,269.03521994080415,7.23682127171577,-0.4891652167521374,0.0,262749.7712800929,6289.022126992402,20427059.105788726,401.90070733640505,312.8418262014556
2.178571428571429,0.75,0.015,269.03521994080415,7.2368313597388445,-0.48920332516686177,0.0,262749.78008126264,6289.022126989546,20427062.126441598,401.9007206597799,312.84183138695147
2.178571428571429,0.77,-0.005,269.0229307173962,6.950166478564334,-0.47080595937313,0.0,262744.2749661808,6289.022139241839,20425859.967594795,401.89542340659744,312.839769673993
2.178571428571429,0.77,0.005,269.0229307173962,6.950156308669133,-0.4707703069975012,0.0,262744.2656013007,6289.022139244553,20425856.75016748,401.89540921449316,312.83976415034874
2.178571428571429,0.77,0.015,269.0229307173962,6.950166478564334,-0.47080595937313,0.0,262744.2749661808,6289.022139241839,20425859.967594795,401.89542340659744,312.839769673993
2.178571428571429,0.79,-0.005,269.01149739124776,6.655928487427272,-0.45077702819422694,0.0,262739.04284380324,6289.022152080342,20424741.593383446,401.8904958155678,312.8378518228827
2.178571428571429,0.79,0.005,269.01149739124776,6.655918240031913,-0.450743962897192,0.0,262739.03295578953,6289.02215208292,20424738.19319725,401.8904808165362,312.8378459851422
2.178571428571429,0.79,0.015,269.01149739124776,6.655928487427272,-0.45077702819422694,0.0,262739.04284380324,6289.022152080342,20424741.593383446,401.8904958155678,312.8378518228827
2.178571428571429,0.81,-0.005,269.0009627778713,6.354092134701337,-0.42915699143310804,0.0,262734.1024452545,6289.022165472128,20423711.189254396,401.88595638331464,312.836085035338
2.178571428571429,0.81,0.005,269.0009627778713,6.354081814690144,-0.4291266347871762,0.0,262734.09207651915,6289.022165474575,20423707.620965574,401.8859406420026,312.8360789086615
2.178571428571429,0.81,0.015,269.0009627778713,6.354092134701337,-0.42915699143310804,0.0,262734.1024452545,6289.022165472128,20423711.189254396,401.88595638331464,312.836085035338
2.178571428571429,0.83,-0.005,268.99136644352575,6.044629010551151,-0.40598871231862793,0.0,262729.4717735987,6289.022179383951,20422772.622767095,401.8818222029455,312.8344759667614
2.178571428571429,0.83,0.005,268.99136644352575,6.0446186233280965,-0.40596117612581645,0.0,262729.4609682316,6289.022179386272,20422768.901618503,401.88180578660547,312.8344695773244
2.178571428571429,0.83,0.015,268.99136644352575,6.044629010551151,-0.40598871231862793,0.0,262729.4717735987,6289.022179383951,20422772.622767095,401.8818222029455,312.8344759667614
2.178571428571429,0.85,-0.005,268.9827446061611,5.727508058267789,-0.38131722254892875,0.0,262725.16808417544,6289.022193781882,20421929.43394528,401.87810892045326,312.8330307092233
2.178571428571429,0.85,0.005,268.9827446061611,5.727497609764974,-0.3812926085656239,0.0,262725.15688778495,6289.022193784085,20421925.575711403,401.8780918987002,312.83302408412163
2.178571428571429,0.85,0.015,268.9827446061611,5.727508058267789,-0.38131722254892875,0.0,262725.16808417544,6289.022193781882,20421929.43394528,401.87810892045326,312.8330307092233
2.178571428571429,0.87,-0.005,268.975130046644,5.402696074627578,-0.3551894742614454,0.0,262721.20786728,6289.022208631236,20421184.826640677,401.8748306957586,312.83175477625355
2.178571428571429,0.87,0.005,268.975130046644,5.402685571315866,-0.35516787395052873,0.0,262721.19632683054,6289.022208633325,20421180.84757184,401.87481314032203,312.831747943407
2.178571428571429,0.87,0.015,268.975130046644,5.402696074627578,-0.3551894742614454,0.0,262721.20786728,6289.022208631236,20421184.826640677,401.8748306957586,312.83175477625355
2.178571428571429,0.89,-0.005,268.9685520201657,5.070157274357888,-0.3276540460161177,0.0,262717.6068260303,6289.022223897823,20420541.659952886,401.8720001646964,312.83065308800303
2.178571428571429,0.89,0.005,268.9685520201657,5.070146723254984,-0.32763554032496905,0.0,262717.59498967876,6289.022223899805,20420537.576718893,401.8719821491711,312.8306460760582
2.178571428571429,0.89,0.015,268.9685520201657,5.070157274357888,-0.3276540460161177,0.0,262717.6068260303,6289.022223897823,20420541.659952886,401.8720001646964,312.83065308800303
2.178571428571429,0.91,-0.005,268.9630361612549,4.729851939242265,-0.29876082457739106,0.0,262714.3798495272,6289.022239549792,20420002.439036805,401.8696283986313,312.82972995548624
2.178571428571429,0.91,0.005,268.9630361612549,4.729841347909098,-0.29874548374010707,0.0,262714.3677664578,6289.022239551673,20419998.26866997,401.86960999822384,312.82972279371774
2.178571428571429,0.91,0.015,268.9630361612549,4.729851939242265,-0.29876082457739106,0.0,262714.3798495272,6289.022239549792,20420002.439036805,401.8696283986313,312.82972995548624
2.178571428571429,0.93,-0.005,268.95860443278406,4.381738390370983,-0.2685608256084982,0.0,262711.54101477127,6289.022255555773,20419569.310095716,401.8677248808618,312.82898907136257
2.178571428571429,0.93,0.005,268.95860443278406,4.381727766920295,-0.26854870897252875,0.0,262711.52873502905,6289.022255557558,20419565.0699336,401.86770617213625,312.82898178957385
2.178571428571429,0.93,0.015,268.95860443278406,4.381738390370983,-0.2685608256084982,0.0,262711.54101477127,6289.022255555773,20419569.310095716,401.8677248808618,312.82898907136257
2.178571428571429,0.95,-0.005,268.9552750751981,4.025773445113107,-0.23710590974393864,0.0,262709.10358152166,6289.022271889686,20419244.055598352,401.86629748726403,312.8284335023718
2.178571428571429,0.95,0.005,268.9552750751981,4.025762798212992,-0.23709706561996333,0.0,262709.09115584556,6289.022271891382,20419239.76322613,401.86627854788617,312.82842613079566
2.178571428571429,0.95,0.015,268.9552750751981,4.025773445113107,-0.23710590974393864,0.0,262709.10358152166,6289.022271889686,20419244.055598352,401.86629748726403,312.8284335023718
2.178571428571429,0.97,-0.005,268.9530624801338,3.6618531530403864,-0.20444556974224984,0.0,262707.07991445373,6289.022288955063,20419028.095191006,401.86535269223526,312.8280657694661
2.178571428571429,0.97,0.005,268.9530624801338,3.661842490988772,-0.2044400352741338,0.0,262707.0673941206,6289.022288956683,20419023.76838792,401.86533360073673,312.8280583386729
2.178571428571429,0.97,0.015,268.9530624801338,3.6618531530403864,-0.20444556974224984,0.0,262707.07991445373,6289.022288955063,20419028.095191006,401.86535269223526,312.8280657694661
2.178571428571429,0.99,-0.005,268.9519510408147,3.2824485606828024,-0.17028556292483496,0.0,262705.46519499907,6289.022345434849,20418921.117597494,401.86490758287766,312.8278925239536
2.178571428571429,0.99,0.005,268.9519510408147,3.282437889491784,-0.17028326036200447,0.0,262705.4526068084,6289.022345436443,20418916.765641958,401.8648883803008,312.82788504992243
2.178571428571429,0.99,0.015,268.9519510408147,3.2824485606828024,-0.17028556292483496,0.0,262705.46519499907,6289.022345434849,20418921.117597494,401.86490758287766,312.8278925239536
2.178571428571429,1.01,-0.005,268.9518621997936,1.0843834670166175e-06,-5.625521487524598e-08,0.0,262705.4402463314,6289.035787290452,20419332.293892115,401.8731327079704,312.83109389254065
2.178571428571429,1.01,0.005,268.95177335877247,-3.2824485606828024,0.17028556292483496,0.0,262705.41529764724,6289.02234609285,20418903.748114794,401.86483125250146,312.82786281462666
2.178571428571429,1.01,0.015,268.9518621997936,1.0843834670166175e-06,-5.625521487524598e-08,0.0,262705.4402463314,6289.035787290452,20419332.293892115,401.8731327079704,312.83109389254065
2.25,-0.01,-0.005,269.53988662804136,12.59378004532328,0.0,0.0,262945.0238823218,6289.0219769212135,20476454.18662757,402.1183237653163,312.9265116804318
2.25,-0.01,0.005,269.53988662804136,12.59378004532328,0.015893324627533255,0.0,262945.0238823218,6289.02197660713,20476454.17678927,402.11832357211085,312.92651160525605
2.25,-0.01,0.015,269.53988662804136,12.59378004532328,0.0,0.0,262945.0238823218,6289.0219769212135,20476454.18662757,402.1183237653163,312.9265116804318
2.25,0.01,-0.005,269.5398866280413,12.59378004532328,-0.015893324627533255,0.0,262945.0238823218,6289.02197660713,20476454.17678927,402.11832357211085,312.92651160525605
2.25,0.01,0.005,269.5398866280413,12.59377336651305,-0.01589145466089417,0.0,262945.0391509631,6289.021976613037,20476459.510271803,402.11834705799976,312.92652074355783
2.25,0.01,0.015,269.5398866280413,12.59378004532328,-0.015893324627533255,0.0,262945.0238823218,6289.02197660713,20476454.17678927,402.11832357211085,312.92651160525605
2.25,0.03,-0.005,269.5387169851597,12.585962334913372,-0.04763634863674658,0.0,262944.59674090316,6289.02197621529,20476339.660629377,402.1178191747698,312.92631534542323
2.25,0.03,0.005,269.5387169851597,12.585955646504859,-0.047631124458536254,0.0,262944.61192011595,6289.0219762211755,20476344.963120535,402.1178425242958,312.92632443067225
2.25,0.03,0.015,269.5387169851597,12.585962334913372,-0.04763634863674658,0.0,262944.59674090316,6289.02197621529,20476339.660629377,402.1178191747698,312.92631534542323
2.25,0.05,-0.005,269.53638219934714,12.57047815231037,-0.07921844871005436,0.0,262943.7457919838,6289.021975578983,20476111.05259789,402.116812312001,312.9259235770926
2.25,0.05,0.005,269.53638219934714,12.570471445972482,-0.07920976626570002,0.0,262943.76085397555,6289.02197558485,20476116.31451342,402.11683548306604,312.9259325929141
2.25,0.05,0.015,269.53638219934714,12.57047815231037,-0.07921844871005436,0.0,262943.7457919838,6289.021975578983,20476111.05259789,402.116812312001,312.9259235770926
2.25,0.07,-0.005,269.5328924123159,12.54734360640689,-0.11053365833649144,0.0,262942.47443585645,6289.021974664549,20475769.35607988,402.11530737266276,312.92533800723004
2.25,0.07,0.005,269.5328924123159,12.547336873876299,-0.11052155526555406,0.0,262942.4893226653,6289.021974670392,20475774.557352733,402.1153302770018,312.92534691928563
2.25,0.07,0.015,269.5328924123159,12.54734360640689,-0.11053365833649144,0.0,262942.47443585645,6289.021974664549,20475769.35607988,402.11530737266276,312.92533800723004
2.25,0.09,-0.005,269.52826277553766,12.5165644901179,-0.1414769184060362,0.0,262940.7875076089,6289.021973499011,20475316.056571588,402.11331089116476,312.92456117728653
2.25,0.09,0.005,269.52826277553766,12.516557723235582,-0.14146144703061855,0.0,262940.8021620854,6289.02197350482,20475321.17741448,402.1133334417365,312.92456995171335
2.25,0.09,0.015,269.52826277553766,12.5165644901179,-0.1414769184060362,0.0,262940.7875076089,6289.021973499011,20475316.056571588,402.11331089116476,312.92456117728653
2.25,0.11,-0.005,269.52251334809216,12.478146581612089,-0.17194456577137873,0.0,262938.6913877376,6289.021972116917,20474753.1206632,402.1108315180395,312.9235964517699
2.25,0.11,0.005,269.52251334809216,12.478139772340038,-0.17192579286423143,0.0,262938.7057537896,6289.021972122683,20474758.14165294,402.1108536293952,312.92360505532434
2.25,0.11,0.015,269.52251334809216,12.478146581612089,-0.17194456577137873,0.0,262938.6913877376,6289.021972116917,20474753.1206632,402.1108315180395,312.9235964517699
2.25,0.13,-0.005,269.51566898913495,12.43209628417364,-0.2018347363126828,0.0,262936.1939793764,6289.021970557959,20474082.98539634,402.1078799724849,312.9224479998103
2.25,0.13,0.005,269.51566898913495,12.432089424615036,-0.20181274272821212,0.0,262936.20800222084,6289.021970563676,20474087.88756067,402.1079015611489,312.92245640001556
2.25,0.13,0.015,269.51566898913495,12.43209628417364,-0.2018347363126828,0.0,262936.1939793764,6289.021970557959,20474082.98539634,402.1078799724849,312.9224479998103
2.25,0.15,-0.005,269.50775922783777,12.378420874444958,-0.23104774519175092,0.0,262933.30467507266,6289.021968866389,20473308.54546929,402.10446898639844,312.9211207734202
2.25,0.15,0.005,269.50775922783777,12.37841395687329,-0.23102262542176277,0.0,262933.3183014798,6289.021968872049,20473313.31037107,402.10448997123626,312.92112893870984
2.25,0.15,0.015,269.50775922783777,12.378420874444958,-0.23104774519175092,0.0,262933.30467507266,6289.021968866389,20473308.54546929,402.10446898639844,312.9211207734202
2.25,0.17,-0.005,269.4988180981915,12.317128360476277,-0.2594864479457257,0.0,262930.0343088698,6289.021967090369,20472433.136994187,402.10061323331064,312.91962047988574
2.25,0.17,0.005,269.4988180981915,12.317121377360158,-0.2594583096042961,0.0,262930.0474873983,6289.021967095965,20472437.746812407,402.1006335358843,312.91962837974137
2.25,0.17,0.015,269.4988180981915,12.317128360476277,-0.2594864479457257,0.0,262930.0343088698,6289.021967090369,20472433.136994187,402.10061323331064,312.91962047988574
2.25,0.19,-0.005,269.4888839531207,12.248227385245377,-0.287056591377711,0.0,262926.3951032275,6289.021965281295,20471460.519221455,402.0963292484293,312.91795355070235
2.25,0.19,0.005,269.4888839531207,12.248220329271557,-0.2870255546199861,0.0,262926.40778444905,6289.021965286821,20471464.95682864,402.09634879333703,312.917961155786
2.25,0.19,0.015,269.4888839531207,12.248227385245377,-0.287056591377711,0.0,262926.3951032275,6289.021965281295,20471460.519221455,402.0963292484293,312.91795355070235
2.25,0.21,-0.005,269.4779992597129,12.171727089978802,-0.3136671461098891,0.0,262922.40061032336,6289.02196349332,20470394.85441762,402.0916353407241,312.9161271074187
2.25,0.21,0.005,269.4779992597129,12.171719954077455,-0.31363334299003376,0.0,262922.4127470345,6289.021963498769,20470399.10345313,402.09165405592125,312.9161343896976
2.25,0.21,0.015,269.4779992597129,12.171727089978802,-0.3136671461098891,0.0,262922.40061032336,6289.02196349332,20470394.85441762,402.0916353407241,312.9161271074187
2.25,0.23,-0.005,269.466210371708,12.087636970545725,-0.3392306200190282,0.0,262918.06564691727,6289.021961782739,20469240.685508814,402.08655149515397,312.9141489236476
2.25,0.23,0.005,269.466210371708,12.087629747913448,-0.33919419379291965,0.0,262918.0771943399,6289.021961788105,20469244.73044779,402.086569312257,312.9141558565126
2.25,0.23,0.015,269.466210371708,12.087636970545725,-0.3392306200190282,0.0,262918.06564691727,6289.021961782739,20469240.685508814,402.08655149515397,312.9141489236476
2.25,0.25,-0.005,269.4535672874652,11.995966878155473,-0.3636633528223621,0.0,262913.4062268689,6289.021960207119,20468002.91229281,402.08109926850926,312.912027384594
2.25,0.25,0.005,269.4535672874652,11.995959562279332,-0.36362445720112085,0.0,262913.41714283533,6289.021960212394,20468006.73851027,402.0811161230767,312.91203394296843
2.25,0.25,0.015,269.4535672874652,11.995966878155473,-0.3636633528223621,0.0,262913.4062268689,6289.021960207119,20468002.91229281,402.08109926850926,312.912027384594
2.25,0.27,-0.005,269.44012339176163,11.896726970335628,-0.3868857863465407,0.0,262908.43948859884,6289.021958824633,20466686.76607308,402.0753016784089,312.9097714439205
2.25,0.27,0.005,269.44012339176163,11.896719555017343,-0.38684458470717653,0.0,262908.4497337229,6289.021958829814,20466690.359903052,402.07531751020196,312.9097776043619
2.25,0.27,0.015,269.44012339176163,11.896726970335628,-0.3868857863465407,0.0,262908.43948859884,6289.021958824633,20466686.76607308,402.0753016784089,312.9097714439205
2.25,0.29,-0.005,269.4259351831998,11.78992753078629,-0.4088227102606342,0.0,262903.183616938,6289.021957693315,20465297.782882337,402.069183086048,312.90739057818087
2.25,0.29,0.005,269.4259351831998,11.789920010165371,-0.40877937482024096,0.0,262903.1931547708,6289.021957698397,20465301.13167163,402.0691978392684,312.90739631897355
2.25,0.29,0.015,269.4259351831998,11.78992753078629,-0.4088227102606342,0.0,262903.183616938,6289.021957693315,20465297.782882337,402.069183086048,312.90739057818087
2.25,0.31,-0.005,269.4110619909356,11.675578832792691,-0.42940348475334555,0.0,262897.6577626324,6289.021956870497,20463841.775667533,402.06276907443424,312.9048947394971
2.25,0.31,0.005,269.4110619909356,11.675571201368967,-0.4293581957133609,0.0,262897.6665598014,6289.021956875476,20463844.867823973,402.0627826979366,312.90490004073473
2.25,0.31,0.015,269.4110619909356,11.675578832792691,-0.42940348475334555,0.0,262897.6577626324,6289.021956870497,20463841.775667533,402.06276907443424,312.9048947394971
2.25,0.33,-0.005,269.39556568370466,11.553691059116304,-0.4485622379055382,0.0,262891.8819603726,6289.021956412224,20462324.80572305,402.0560863232611,312.90229430692506
2.25,0.33,0.005,269.39556568370466,11.55368331177294,-0.4485151825726111,0.0,262891.8899867049,6289.021956417093,20462327.63075813,402.05609877074266,312.90229915058444
2.25,0.33,0.015,269.39556568370466,11.553691059116304,-0.4485622379055382,0.0,262891.8819603726,6289.021956412224,20462324.80572305,402.0560863232611,312.90229430692506
2.25,0.35,-0.005,269.37951037060895,11.424274174108932,-0.46623803658321233,0.0,262885.8770438276,6289.021956372346,20460753.153311104,402.04916247999205,312.8996000363426
2.25,0.35,0.005,269.37951037060895,11.424266306133728,-0.4661894084730721,0.0,262885.88427245565,6289.021956377104,20460755.70187675,402.0491737101554,312.89960440634746
2.25,0.35,0.015,269.37951037060895,11.424274174108932,-0.46623803658321233,0.0,262885.8770438276,6289.021956372346,20460753.153311104,402.04916247999205,312.8996000363426
2.25,0.37,-0.005,269.3629620977552,11.287337747319468,-0.4823750315566522,0.0,262879.66455924045,6289.021956802254,20459133.28790071,402.04202602949147,312.89682300976875
2.25,0.37,0.005,269.3629620977552,11.28732975442528,-0.4823250294872487,0.0,262879.67096669105,6289.021956806898,20459135.551820233,402.0420360061832,312.89682689204335
2.25,0.37,0.015,269.3629620977552,11.287337747319468,-0.4823750315566522,0.0,262879.66455924045,6289.021956802254,20459133.28790071,402.04202602949147,312.89682300976875
2.25,0.39,-0.005,269.34598854257956,11.142890805232737,-0.4969225770396535,0.0,262873.26667857997,6289.021957750187,20457471.838172812,402.03470616234046,312.89397458416494
2.25,0.39,0.005,269.34598854257956,11.14288268357683,-0.4968714042195853,0.0,262873.2722448461,6289.021957754711,20457473.810465995,402.0347148546632,312.89397796667816
2.25,0.39,0.015,269.34598854257956,11.142890805232737,-0.4969225770396535,0.0,262873.26667857997,6289.021957750187,20457471.838172812,402.03470616234046,312.89397458416494
2.25,0.41,-0.005,269.3286587081618,10.990941697000554,-0.5098353239104547,0.0,262866.7061129978,6289.021959260818,20455775.56203978,402.0272326432492,312.89106634026933
2.25,0.41,0.005,269.3286587081618,10.990933443203774,-0.509783187028393,0.0,262866.71082159353,6289.021959265222,20455777.23694205,402.0272400256489,312.89106921306836
2.25,0.41,0.015,269.3286587081618,10.990941697000554,-0.5098353239104547,0.0,262866.7061129978,6289.021959260818,20455775.56203978,402.0272326432492,312.89106634026933
2.25,0.43,-0.005,269.3110426185586,10.83149801382894,-0.5210732874358063,0.0,262860.00602710154,6289.021961374651,20454051.316765253,402.01963567970273,312.8881100315152
2.25,0.43,0.005,269.3110426185586,10.831489624993553,-0.5210203957562755,0.0,262860.0098650998,6289.021961378933,20454052.689741112,402.0196417320299,312.8881123867499
2.25,0.43,0.015,269.3110426185586,10.83149801382894,-0.5210732874358063,0.0,262860.00602710154,6289.021961374651,20454051.316765253,402.01963567970273,312.8881100315152
2.25,0.45,-0.005,269.2932110179409,10.664566498892954,-0.5306018885685629,0.0,262853.1899542206,6289.0219641274925,20452306.02946728,402.0119457922246,312.88511753357244
2.25,0.45,0.005,269.2932110179409,10.664557972620072,-0.530548453039117,0.0,262853.1929122744,6289.021964131652,20452307.097217984,402.01195049977076,312.88511936550947
2.25,0.45,0.015,269.2932110179409,10.664566498892954,-0.5306018885685629,0.0,262853.1899542206,6289.0219641274925,20452306.02946728,402.0119457922246,312.88511753357244
2.25,0.47,-0.005,269.27523507435035,10.490152956346602,-0.5383919686261707,0.0,262846.2817130945,6289.021967550288,20450546.668092594,402.00419368675983,312.8821007947069
2.25,0.47,0.005,269.27523507435035,10.490144290752799,-0.5383382010005275,0.0,262846.2837854422,6289.021967554323,20450547.42855828,402.0041970402699,312.88210209973465
2.25,0.47,0.015,269.27523507435035,10.490152956346602,-0.5383919686261707,0.0,262846.2817130945,6289.021967550288,20450546.668092594,402.00419368675983,312.8821007947069
2.25,0.49,-0.005,269.2571860876848,10.308262010581897,-0.5444197772850845,0.0,262839.30532411777,6289.021971668741,20448780.212806474,401.996410128659,312.8790717867553
2.25,0.49,0.005,269.2571860876848,10.308253204313445,-0.5443658892662989,0.0,262839.3065085725,6289.021971672652,20448780.665162902,401.99641212431976,312.8790725633797
2.25,0.49,0.015,269.2571860876848,10.308262010581897,-0.5444197772850845,0.0,262839.30532411777,6289.021971668741,20448780.212806474,401.996410128659,312.8790717867553
2.25,0.51,-0.005,269.2391352059728,10.118896967519168,-0.5486669406073771,0.0,262832.2849292256,6289.021976503178,20447013.628210135,401.9886258202966,312.8760424575072
2.25,0.51,0.005,269.2391352059728,10.118888019764567,-0.5486131430146887,0.0,262832.28522714955,6289.021976506965,20447013.77286022,401.98862645970195,312.8760427063384
2.25,0.51,0.015,269.2391352059728,10.118896967519168,-0.5486669406073771,0.0,262832.2849292256,6289.021976503178,20447013.628210135,401.9886258202966,312.8760424575072
2.25,0.53,-0.005,269.22115315070255,9.922059648557404,-0.5511204058793163,0.0,262825.2447141357,6289.021982068388,20445253.836451862,401.98087128248494,312.87302468455727
2.25,0.53,0.005,269.22115315070255,9.922050559059457,-0.5510669078418465,0.0,262825.2441304002,6289.0219820720495,20445253.675012246,401.98087057258005,312.8730244082878
2.25,0.53,0.015,269.22115315070255,9.922059648557404,-0.5511204058793163,0.0,262825.2447141357,6289.021982068388,20445253.836451862,401.98087128248494,312.87302468455727
2.25,0.55,-0.005,269.20330995444823,9.717750555836986,-0.5517723686144713,0.0,262818.2088373186,6289.021988373202,20443507.69154234,401.9731767409517,312.87003023111987
2.25,0.55,0.005,269.20330995444823,9.71774132490457,-0.5517193767944502,0.0,262818.20738025004,6289.021988376741,20443507.226825215,401.97317469395506,312.8700294344947
2.25,0.55,0.015,269.20330995444823,9.717750555836986,-0.5517723686144713,0.0,262818.2088373186,6289.021988373202,20443507.69154234,401.9731767409517,312.87003023111987
2.25,0.57,-0.005,269.18567470626624,9.505968569430934,-0.5506201646127572,0.0,262811.20135668525,6289.02199542068,20441781.954456925,401.9655720164423,312.86707070324826
2.25,0.57,0.005,269.18567470626624,9.505959197949531,-0.5505678824621489,0.0,262811.1990379984,6289.021995424098,20441781.19044729,401.9655686497489,312.8670693930272
2.25,0.57,0.015,269.18567470626624,9.505968569430934,-0.5506201646127572,0.0,262811.20135668525,6289.02199542068,20441781.954456925,401.9655720164423,312.86707070324826
2.25,0.59,-0.005,269.1683153046964,9.286710863909919,-0.5476661572690529,0.0,262804.24616069836,6289.022003208023,20440083.268980846,401.9580864178555,312.8641575082274
2.25,0.59,0.005,269.1683153046964,9.286701353351775,-0.5476147843135526,0.0,262804.24299541855,6289.022003211321,20440082.210810136,401.9580817539227,312.8641556931409
2.25,0.59,0.015,269.1683153046964,9.286710863909919,-0.5476661572690529,0.0,262804.24616069836,6289.022003208023,20440083.268980846,401.9580864178555,312.8641575082274
2.25,0.61,-0.005,269.15129821871295,9.05997296430491,-0.5429176158326693,0.0,262797.3669030869,6289.022011726461,20438418.1383403,401.95074863872253,312.8613018142617
2.25,0.61,0.005,269.15129821871295,9.059963316737015,-0.5428673470018623,0.0,262797.3629094586,6289.022011729642,20438416.79225522,401.95074270493535,312.8612995049584
2.25,0.61,0.015,269.15129821871295,9.05997296430491,-0.5429176158326693,0.0,262797.3669030869,6289.022011726461,20438418.1383403,401.95074863872253,312.8613018142617
2.25,0.63,-0.005,269.1346882780165,8.825748438071699,-0.5363865356260832,0.0,262790.5869427704,6289.022020961761,20436792.904729623,401.9435866666447,312.85851451519994
2.25,0.63,0.005,269.1346882780165,8.82573865615987,-0.5363375606095613,0.0,262790.582142157,6289.022020964826,20436791.278057948,401.9435794951669,312.858511724189
2.25,0.63,0.015,269.1346882780165,8.825748438071699,-0.5363865356260832,0.0,262790.5869427704,6289.022020961761,20436792.904729623,401.9435866666447,312.85851451519994
2.25,0.65,-0.005,269.1185484591197,8.58402884260504,-0.5280894790768864,0.0,262783.9292850476,6289.022030894175,20435213.72841572,401.9366276905125,312.8558061943919
2.25,0.65,0.005,269.1185484591197,8.58401892961981,-0.5280419817193773,0.0,262783.9237018214,6289.0220308971275,20435211.829528697,401.9366193181233,312.85580293597945
2.25,0.65,0.015,269.1185484591197,8.58402884260504,-0.5280894790768864,0.0,262783.9292850476,6289.022030894175,20435213.72841572,401.9366276905125,312.8558061943919
2.25,0.67,-0.005,269.1029396862085,8.33480362581598,-0.5180473888246215,0.0,262777.41652687243,6289.022041498845,20433686.568306807,401.9298980143161,312.8531870911058
2.25,0.67,0.005,269.1029396862085,8.33479358563724,-0.5180015465717505,0.0,262777.41018829844,6289.022041501689,20433684.40657936,401.9298884822362,312.85318338132754
2.25,0.67,0.015,269.1029396862085,8.33480362581598,-0.5180473888246215,0.0,262777.41652687243,6289.022041498845,20433686.568306807,401.9298980143161,312.8531870911058
2.25,0.69,-0.005,269.08792065103506,8.078060157665584,-0.506285399964024,0.0,262771.0708086597,6289.022052745821,20432217.164380506,401.9234229789042,312.85066707003523
2.25,0.69,0.005,269.08792065103506,8.078049994784243,-0.5062413832973721,0.0,262771.0637447615,6289.022052748558,20432214.750145476,401.9234123325954,312.85066292657825
2.25,0.69,0.015,269.08792065103506,8.078060157665584,-0.506285399964024,0.0,262771.0708086597,6289.022052745821,20432217.164380506,401.9234229789042,312.85066707003523
2.25,0.71,-0.005,269.0735476386444,7.813783408783024,-0.49283262507361275,0.0,262764.91376534867,6289.022064600923,20430811.020704564,401.91722688670205,312.84825559195417
2.25,0.71,0.005,269.0735476386444,7.813773128303229,-0.4927905970485843,0.0,262764.9060087819,6289.022064603558,20430808.36520921,401.917215175677,312.8482510340831
2.25,0.71,0.015,269.0735476386444,7.813783408783024,-0.49283262507361275,0.0,262764.91376534867,6289.022064600923,20430811.020704564,401.91722688670205,312.84825559195417
2.25,0.73,-0.005,269.05987435951494,7.541956116344366,-0.47772193500572613,0.0,262758.9664832109,6289.0220770255655,20429473.38906322,401.9113329285593,312.84596168519886
2.25,0.73,0.005,269.05987435951494,7.541945723985791,-0.4776820507820533,0.0,262758.95806912053,6289.0220770281,20429470.504420407,401.91132020616664,312.84595673367244
2.25,0.73,0.015,269.05987435951494,7.541956116344366,-0.47772193500572613,0.0,262758.9664832109,6289.0220770255655,20429473.38906322,401.9113329285593,312.84596168519886
2.25,0.75,-0.005,269.04695180459686,7.26255891805939,-0.4609897393603459,0.0,262753.24946301035,6289.0220899771275,20428209.25483992,401.90576312078105,312.84379392111134
2.25,0.75,0.005,269.04695180459686,7.262548420157435,-0.46095214577684,0.0,262753.24042888504,6289.022089979567,20428206.153978117,401.9057494439857,312.84378859809664
2.25,0.75,0.015,269.04695180459686,7.26255891805939,-0.4609897393603459,0.0,262753.24946301035,6289.0220899771275,20428209.25483992,401.90576312078105,312.84379392111134
2.25,0.77,-0.005,269.03482810392,6.975569946565336,-0.44267573651341996,0.0,262747.7825805547,6289.022103409824,20427023.323266517,401.9005382439954,312.8417603901958
2.25,0.77,0.005,269.03482810392,6.975559350070946,-0.44264057169670334,0.0,262747.77296607615,6289.022103412172,20427020.019878138,401.9005236731514,312.84175471918
2.25,0.77,0.015,269.03482810392,6.975569946565336,-0.44267573651341996,0.0,262747.7825805547,6289.022103409824,20427023.323266517,401.9005382439954,312.8417603901958
2.25,0.79,-0.005,269.02354839772545,6.680964875353663,-0.4228226715879159,0.0,262742.5850545154,6289.022117275084,20425920.006882805,401.89567778711665,312.83986868025903
2.25,0.79,0.005,269.02354839772545,6.680954187832346,-0.42279006459360885,0.0,262742.5749014035,6289.022117277345,20425916.51537101,401.8956623857318,312.8398626859581
2.25,0.79,0.015,269.02354839772545,6.680964875353663,-0.4228226715879159,0.0,262742.5850545154,6289.022117275084,20425920.006882805,401.89567778711665,312.83986868025903
2.25,0.81,-0.005,269.0131547180107,6.378716957088787,-0.4014760870002606,0.0,262737.6754173339,6289.022131521963,20424903.414015908,401.89119989583577,312.8381258563127
2.25,0.81,0.005,269.0131547180107,6.3787061867185395,-0.40144615748539514,0.0,262737.6647691883,6289.02213152414,20424899.749440182,401.89118373033205,312.83811956457754
2.25,0.81,0.015,269.0131547180107,6.378716957088787,-0.4014760870002606,0.0,262737.6754173339,6289.022131521963,20424903.414015908,401.89119989583577,312.8381258563127
2.25,0.83,-0.005,269.0036858748869,6.068796374890802,-0.37868404748615014,0.0,262733.07148380973,6289.0221460982975,20423977.337752096,401.88712132365345,312.836538441466
2.25,0.83,0.005,269.0036858748869,6.0687855304569975,-0.37865690541142016,0.0,262733.06038594805,6289.022146100394,20423973.515772715,401.8871044631205,312.8365318791871
2.25,0.83,0.015,269.0036858748869,6.068796374890802,-0.37868404748615014,0.0,262733.07148380973,6289.0221460982975,20423977.337752096,401.88712132365345,312.836538441466
2.25,0.85,-0.005,268.9951773592695,5.751170726304417,-0.3544969004685605,0.0,262728.7903318622,6289.022160950621,20423145.246466197,401.8834573892235,312.8351124002771
2.25,0.85,0.005,268.9951773592695,5.75115981719636,-0.3544726458293155,0.0,262728.7788311559,6289.0221609526425,20423141.283287797,401.8834399051697,312.8351055952869
2.25,0.85,0.015,268.9951773592695,5.751170726304417,-0.3544969004685605,0.0,262728.7903318622,6289.022160950621,20423145.246466197,401.8834573892235,312.8351124002771
2.25,0.87,-0.005,268.98766125557216,5.425805483239983,-0.32896702521905896,0.0,262724.84828550636,6289.02217602428,20422410.275333326,401.8802219381692,312.8338531238466
2.25,0.87,0.005,268.98766125557216,5.425794519450045,-0.32894574780396496,0.0,262724.8364302145,6289.022176026229,20422406.187647693,401.88020390426766,312.8338461048212
2.25,0.87,0.015,268.98766125557216,5.425805483239983,-0.32896702521905896,0.0,262724.84828550636,6289.02217602428,20422410.275333326,401.8802219381692,312.8338531238466
2.25,0.89,-0.005,268.9811661561824,5.092663576635892,-0.3021485450014066,0.0,262721.26089363015,6289.022191264375,20421775.218037296,401.87742730621517,312.83276541542705
2.25,0.89,0.005,268.9811661561824,5.092652568755866,-0.3021303241774006,0.0,262721.24873323116,6289.022191266255,20421771.022965506,401.8774087980469,312.8327582117859
2.25,0.89,0.015,268.9811661561824,5.092663576635892,-0.3021485450014066,0.0,262721.26089363015,6289.022191264375,20421775.218037296,401.87742730621517,312.83276541542705
2.25,0.91,-0.005,268.9757170726482,4.7517041711137304,-0.2740970215860608,0.0,262718.04290541756,6289.022206617338,20421242.518172666,401.87508428133077,312.83185347565063
2.25,0.91,0.005,268.9757170726482,4.751693130319202,-0.2740819261080476,0.0,262718.0304904397,6289.022206619153,20421238.233206768,401.87506537612643,312.831846117456
2.25,0.91,0.015,268.9757170726482,4.7517041711137304,-0.2740970215860608,0.0,262718.04290541756,6289.022206617338,20421242.518172666,401.87508428133077,312.83185347565063
2.25,0.93,-0.005,268.97133538390005,4.4028844848926125,-0.2448692607607516,0.0,262715.2082714187,6289.022222029526,20420814.264173266,401.87320208008015,312.83112089329074
2.25,0.93,0.005,268.97133538390005,4.4028734229411,-0.24485734860615854,0.0,262715.19565326924,6289.022222031276,20420809.907117456,401.8731828564583,312.8311134111456
2.25,0.93,0.015,268.97133538390005,4.4028844848926125,-0.2448692607607516,0.0,262715.2082714187,6289.022222029526,20420814.264173266,401.87320208008015,312.83112089329074
2.25,0.95,-0.005,268.9680387854215,4.046160139123249,-0.21452303210817159,0.0,262712.77013786417,6289.022237451537,20420492.184507202,401.87178832796076,312.8305706375797
2.25,0.95,0.005,268.9680387854215,4.04614906834654,-0.21451435033512462,0.0,262712.75736865797,6289.022237453227,20420487.773418747,401.8717688656652,312.8305630625256
2.25,0.95,0.015,268.9680387854215,4.046160139123249,-0.21452303210817159,0.0,262712.77013786417,6289.022237451537,20420492.184507202,401.87178832796076,312.8305706375797
2.25,0.97,-0.005,268.96584116090213,3.6814256754285632,-0.18311425901022496,0.0,262710.7407409554,6289.022253198406,20420277.646392398,401.870849225084,312.83020512267046
2.25,0.97,0.005,268.96584116090213,3.681414607758693,-0.18310884364275867,0.0,262710.72787335404,6289.0222532000425,20420273.19952663,401.87082960474214,312.8301974860931
2.25,0.97,0.015,268.96584116090213,3.6814256754285632,-0.18311425901022496,0.0,262710.7407409554,6289.022253198406,20420277.646392398,401.870849225084,312.83020512267046
2.25,0.9899999999999999,-0.005,268.9647309560625,3.30128097620323,-0.15040468627039283,0.0,262709.1142992051,6289.022301811908,20420170.54363054,401.8703998345825,312.8300302120464
2.25,0.9899999999999999,0.005,268.9647309560625,3.3012699190608634,-0.1504024555562437,0.0,262709.10136064736,6289.022301813529,20420166.07048616,401.87038009820225,312.8300225303006
2.25,0.9899999999999999,0.015,268.9647309560625,3.30128097620323,-0.15040468627039283,0.0,262709.1142992051,6289.022301811908,20420170.54363054,401.8703998345825,312.8300302120464
2.25,1.01,-0.005,268.96464929753387,1.0023672127878025e-06,-4.566734163109664e-08,0.0,262709.0913554333,6289.03588975161,20420587.012057267,401.87871798496826,312.83326776546215
2.25,1.01,0.005,268.9645676390052,-3.301280976203193,0.15040468627039116,0.0,262709.0684116476,6289.022302350406,20420154.57641547,401.87032963818126,312.8300028903734
2.25,1.01,0.015,268.96464929753387,1.0023672127878025e-06,-4.566734163109664e-08,0.0,262709.0913554333,6289.03588975161,20420587.012057267,401.87871798496826,312.83326776546215
2.321428571428571,-0.01,-0.005,269.54458622563357,12.611899435464398,0.0,0.0,262946.5524380627,6289.021917353152,20476912.384408623,402.1203127436751,312.9272855860874
2.321428571428571,-0.01,0.005,269.5445862256336,12.611899435464398,0.015415130986481597,0.0,262946.5524380627,6289.021917057685,20476912.375153273,402.1203125619209,312.9272855153675
2.321428571428571,-0.01,0.015,269.54458622563357,12.611899435464398,0.0,0.0,262946.5524380627,6289.021917353152,20476912.384408623,402.1203127436751,312.9272855860874
2.321428571428571,0.01,-0.005,269.54458622563357,12.611899435464398,-0.015415130986481597,0.0,262946.5524380627,6289.021917057685,20476912.375153273,402.1203125619209,312.9272855153675
2.321428571428571,0.01,0.005,269.54458622563357,12.611893526237601,-0.015413282039577054,0.0,262946.5681074851,6289.021917062475,20476917.84476783,402.1203366462396,312.92729488649366
2.321428571428571,0.01,0.015,269.54458622563357,12.611899435464398,-0.015415130986481597,0.0,262946.5524380627,6289.021917057685,20476912.375153273,402.1203125619209,312.9272855153675
2.321428571428571,0.03,-0.005,269.5434339556165,12.604099160742399,-0.04620236469015477,0.0,262946.1302601437,6289.021916771256,20476799.56373489,402.11981572946956,312.9270921994947
2.321428571428571,0.03,0.005,269.5434339556165,12.60409323867524,-0.04619721361834017,0.0,262946.1458378085,6289.021916776024,20476805.001560967,402.1198396739197,312.92710151620423
2.321428571428571,0.03,0.015,269.5434339556165,12.604099160742399,-0.04620236469015477,0.0,262946.1302601437,6289.021916771256,20476799.56373489,402.11981572946956,312.9270921994947
2.321428571428571,0.05,-0.005,269.541133968555,12.588652331998807,-0.07682953972749569,0.0,262945.28927669715,6289.0219163244665,20476574.369129747,402.118824003838,312.92670632195603
2.321428571428571,0.05,0.005,269.541133968555,12.588646385535625,-0.07682097882108355,0.0,262945.3047341249,6289.0219163292195,20476579.765356947,402.11884776532776,312.9267155674877
2.321428571428571,0.05,0.015,269.541133968555,12.588652331998807,-0.07682953972749569,0.0,262945.28927669715,6289.0219163244665,20476574.369129747,402.118824003838,312.92670632195603
2.321428571428571,0.07,-0.005,269.5376962507199,12.565574314341358,-0.10719112987372885,0.0,262944.03283820715,6289.0219156909925,20476237.77999,402.1173417128232,312.92612956597645
2.321428571428571,0.07,0.005,269.5376962507199,12.565568332039819,-0.1071791963086043,0.0,262944.0481159467,6289.021915695721,20476243.114045847,402.11736520086475,312.92613870512696
2.321428571428571,0.07,0.015,269.5376962507199,12.565574314341358,-0.10719112987372885,0.0,262944.03283820715,6289.0219156909925,20476237.77999,402.1173417128232,312.92612956597645
2.321428571428571,0.09,-0.005,269.5331357442988,12.534870398143957,-0.13718256527970546,0.0,262942.365713218,6289.021914897036,20475791.261254653,402.1153753003868,312.92536443783933
2.321428571428571,0.09,0.005,269.5331357442988,12.534864368717814,-0.1371673107293196,0.0,262942.3807526539,6289.021914901735,20475796.512854263,402.11539842575075,312.9253734358947
2.321428571428571,0.09,0.015,269.5331357442988,12.534870398143957,-0.13718256527970546,0.0,262942.365713218,6289.021914897036,20475791.261254653,402.1153753003868,312.92536443783933
2.321428571428571,0.11,-0.005,269.52747223396733,12.496545783420242,-0.16670071745056134,0.0,262940.29419577203,6289.021913975532,20475236.75254348,402.1129332981273,312.9244142558093
2.321428571428571,0.11,0.005,269.52747223396733,12.496539695772682,-0.16668220785868015,0.0,262940.3089393761,6289.02191398019,20475241.901776217,402.1129559732216,312.92442307869203
2.321428571428571,0.11,0.015,269.52747223396733,12.496545783420242,-0.16670071745056134,0.0,262940.29419577203,6289.021913975532,20475236.75254348,402.1129332981273,312.9244142558093
2.321428571428571,0.13,-0.005,269.5207302397153,12.4506061950983,-0.1956443096345937,0.0,262937.8260826371,6289.021912964116,20474576.657562062,402.11002627819283,312.92328313184015
2.321428571428571,0.13,0.005,269.5207302397153,12.45060003835886,-0.1956226248502259,0.0,262937.8404742276,6289.021912968729,20474581.684980746,402.11004841745284,312.9232917462608
2.321428571428571,0.13,0.015,269.5207302397153,12.4506061950983,-0.1956443096345937,0.0,262937.8260826371,6289.021912964116,20474576.657562062,402.11002627819283,312.92328313184015
2.321428571428571,0.15,-0.005,269.51293888629834,12.397058082649789,-0.2239143070296152,0.0,262934.9706394421,6289.021911904643,20473813.831263352,402.10666679714956,312.92197594976966
2.321428571428571,0.15,0.005,269.51293888629834,12.397051846218949,-0.2238895403674556,0.0,262934.9846244348,6289.021911909205,20473818.717970755,402.1066883174177,312.9219843233746
2.321428571428571,0.15,0.015,269.51293888629834,12.397058082649789,-0.2239143070296152,0.0,262934.9706394421,6289.021911904643,20473813.831263352,402.10666679714956,312.92197594976966
2.321428571428571,0.17,-0.005,269.50413174076874,12.335908506088066,-0.25141428912370617,0.0,262931.738553943,6289.021910842518,20472951.563872743,402.102869326065,312.92049833815673
2.321428571428571,0.17,0.005,269.50413174076874,12.335902179677133,-0.25138654685446926,0.0,262931.75207959255,6289.021910847021,20472956.29160478,402.10289014695456,312.9205064396695
2.321428571428571,0.17,0.015,269.50413174076874,12.335908506088066,-0.25141428912370617,0.0,262931.738553943,6289.021910842518,20472951.563872743,402.102869326065,312.92049833815673
2.321428571428571,0.19,-0.005,269.49434662898,12.26716505059323,-0.2780508098530185,0.0,262928.1418838518,6289.021909826053,20471993.562849462,402.0986501715908,312.91885663962057
2.321428571428571,0.19,0.005,269.49434662898,12.267158624261958,-0.2780202106284018,0.0,262928.1548994822,6289.021909830492,20471998.114054624,402.0986702158349,312.91886443897755
2.321428571428571,0.19,0.015,269.49434662898,12.26716505059323,-0.2780508098530185,0.0,262928.1418838518,6289.021909826053,20471993.562849462,402.0986501715908,312.91885663962057
2.321428571428571,0.21,-0.005,269.48362543261874,12.190835684436507,-0.30373373903720463,0.0,262924.193998664,6289.021908905981,20470943.932942282,402.09402738880095,312.91705787697595
2.321428571428571,0.21,0.005,269.48362543261874,12.190829148631659,-0.3037004132546499,0.0,262924.20645588695,6289.02190891035,20470948.29085687,402.0940465825825,312.91706534545494
2.321428571428571,0.21,0.015,269.48362543261874,12.190835684436507,-0.30373373903720463,0.0,262924.193998664,6289.021908905981,20470943.932942282,402.09402738880095,312.91705787697595
2.321428571428571,0.23,-0.005,269.4720138647461,12.106928632833128,-0.32837658428946537,0.0,262919.9095156749,6289.021908134791,20469807.154132284,402.0890206846886,312.91510971573666
2.321428571428571,0.23,0.005,269.4720138647461,12.106921978424058,-0.32834067340226314,0.0,262919.92136859434,6289.021908139089,20469811.302851036,402.0890389579503,312.9151168260771
2.321428571428571,0.23,0.015,269.4720138647461,12.106928632833128,-0.32837658428946537,0.0,262919.9095156749,6289.021908134791,20469807.154132284,402.0890206846886,312.91510971573666
2.321428571428571,0.25,-0.005,269.4595612301886,12.015452375313462,-0.3518967928771839,0.0,262915.30423327396,6289.021907565947,20468588.058086537,402.0836513150804,312.913020424059
2.321428571428571,0.25,0.005,269.4595612301886,12.015445593627845,-0.35185844865594085,0.0,262915.3154386765,6289.021907570164,20468591.982628394,402.0836686018145,312.91302715057486
2.321428571428571,0.25,0.015,269.4595612301886,12.015452375313462,-0.3518967928771839,0.0,262915.30423327396,6289.021907565947,20468588.058086537,402.0836513150804,312.913020424059
2.321428571428571,0.27,-0.005,269.4463201701013,11.916415599049795,-0.37421602913729873,0.0,262910.3950593336,6289.021907253226,20467291.803065725,402.077941974823,312.9107988300689
2.321428571428571,0.27,0.005,269.4463201701013,11.91640868190845,-0.37417541288897754,0.0,262910.40557686397,6289.021907257362,20467295.489434328,402.07795821333747,312.91080514875244
2.321428571428571,0.27,0.015,269.4463201701013,11.916415599049795,-0.37421602913729873,0.0,262910.3950593336,6289.021907253226,20467291.803065725,402.077941974823,312.9107988300689
2.321428571428571,0.29,-0.005,269.43234639262636,11.80982703009504,-0.39526042687108504,0.0,262905.19993420626,6289.021907249945,20465923.84746652,402.07191668188545,312.908454276821
2.321428571428571,0.29,0.005,269.43234639262636,11.80981996984459,-0.3952177086219755,0.0,262905.2097265262,6289.021907253994,20465927.282705236,402.0719318150468,312.9084601654368
2.321428571428571,0.29,0.015,269.43234639262636,11.80982703009504,-0.39526042687108504,0.0,262905.19993420626,6289.021907249945,20465923.84746652,402.07191668188545,312.908454276821
2.321428571428571,0.31,-0.005,269.4176983928701,11.695695305232746,-0.41496081762121684,0.0,262899.73775138287,6289.021907608441,20464489.922328535,402.0656006570137,312.90599657552514
2.321428571428571,0.31,0.005,269.4176983928701,11.695688094776607,-0.4149161752703078,0.0,262899.746784314,6289.021907612402,20464493.09456976,402.06561463246476,312.90600201369546
2.321428571428571,0.31,0.015,269.4176983928701,11.695695305232746,-0.41496081762121684,0.0,262899.73775138287,6289.021907608441,20464489.922328535,402.0656006570137,312.90599657552514
2.321428571428571,0.33,-0.005,269.40243716503926,11.574028892344415,-0.43325293291672834,0.0,262894.0282764792,6289.0219083793945,20462996.003070593,402.05902019986115,312.903435957401
2.321428571428571,0.33,0.005,269.40243716503926,11.57402152517311,-0.43320655136593345,0.0,262894.0365191282,6289.021908383265,20462998.901579257,402.05903297021405,312.90344092668045
2.321428571428571,0.33,0.015,269.40243716503926,11.574028892344415,-0.43325293291672834,0.0,262894.0282764792,6289.0219083793945,20462996.003070593,402.05902019986115,312.903435957401
2.321428571428571,0.35,-0.005,269.3866259067934,11.444835975534984,-0.45007757951594074,0.0,262888.092063601,6289.021909611046,20461448.280466396,402.05220256167877,312.9007830241889
2.321428571428571,0.35,0.005,269.3866259067934,11.444828445753684,-0.4500296497835256,0.0,262888.0994884677,6289.021909614825,20461450.895677455,402.05221408468134,312.90078750812967
2.321428571428571,0.35,0.015,269.3866259067934,11.444835975534984,-0.45007757951594074,0.0,262888.092063601,6289.021909611046,20461448.280466396,402.05220256167877,312.9007830241889
2.321428571428571,0.37,-0.005,269.3703297194574,11.30812428809144,-0.46538078787268744,0.0,262881.9503701013,6289.021911348773,20459853.131229877,402.04517581636907,312.8980486980215
2.321428571428571,0.37,0.005,269.3703297194574,11.308116590445458,-0.46533150619608277,0.0,262881.95695316937,6289.021911352456,20459855.454779796,402.0451860550453,312.8980526822277
2.321428571428571,0.37,0.015,269.3703297194574,11.30812428809144,-0.46538078787268744,0.0,262881.9503701013,6289.021911348773,20459853.131229877,402.04517581636907,312.8980486980215
2.321428571428571,0.39,-0.005,269.3536153058819,11.163900973670112,-0.4791139340946435,0.0,262875.6250709922,6289.021913634496,20458217.088371463,402.0379687303784,312.89524417083754
2.321428571428571,0.39,0.005,269.3536153058819,11.163893103568208,-0.47906350102860856,0.0,262875.63079180184,6289.021913638084,20458219.113123633,402.03797765314255,312.8952476430101
2.321428571428571,0.39,0.015,269.3536153058819,11.163900973670112,-0.4791139340946435,0.0,262875.6250709922,6289.021913634496,20458217.088371463,402.0379687303784,312.89524417083754
2.321428571428571,0.41,-0.005,269.33655066818307,11.012172457884379,-0.49123383483282135,0.0,262869.13857351267,6289.021916506207,20456546.811552048,402.0306106325313,312.8923808537681
2.321428571428571,0.41,0.005,269.33655066818307,11.012164411420628,-0.4911824543486038,0.0,262869.1434152162,6289.021916509701,20456548.531616207,402.0306182132759,312.892383803739
2.321428571428571,0.41,0.015,269.33655066818307,11.012172457884379,-0.49123383483282135,0.0,262869.13857351267,6289.021916506207,20456546.811552048,402.0306106325313,312.8923808537681
2.321428571428571,0.43,-0.005,269.31920480666616,10.852944376022652,-0.5017028159193608,0.0,262862.51373261603,6289.021919997359,20454849.057555854,402.02313128421946,312.8894703266551
2.321428571428571,0.43,0.005,269.31920480666616,10.852936149996028,-0.5016506945101591,0.0,262862.5176820154,6289.021920000758,20454850.468301468,402.0231375023761,312.889472746411
2.321428571428571,0.43,0.015,269.31920480666616,10.852944376022652,-0.5017028159193608,0.0,262862.51373261603,6289.021919997359,20454849.057555854,402.02313128421946,312.8894703266551
2.321428571428571,0.45,-0.005,269.30164742230886,10.686221486369035,-0.5104887538959504,0.0,262855.77376732737,6289.021924136368,20453130.651122738,402.0155607511137,312.8865242881553
2.321428571428571,0.45,0.005,269.30164742230886,10.68621307830156,-0.5104360996936435,0.0,262855.7768148954,6289.0219241396735,20453131.749186624,402.01556559168995,312.8865261718524
2.321428571428571,0.45,0.015,269.30164742230886,10.686221486369035,-0.5104887538959504,0.0,262855.77376732737,6289.021924136368,20453130.651122738,402.0155607511137,312.8865242881553
2.321428571428571,0.47,-0.005,269.28394862381293,10.512007582516839,-0.5175650905880519,0.0,262848.94217849796,6289.02192894645,20451398.456245877,402.0079292769634,312.88355450665034
2.321428571428571,0.47,0.005,269.28394862381293,10.511998990669902,-0.5175121124957199,0.0,262848.94431838254,6289.021928949663,20451399.23953405,402.00793273055365,312.88355585061834
2.321428571428571,0.47,0.015,269.28394862381293,10.512007582516839,-0.5175650905880519,0.0,262848.94217849796,6289.02192894645,20451398.456245877,402.0079292769634,312.88355450665034
2.321428571428571,0.49,-0.005,269.26617863934416,10.330305270701436,-0.5229108208039437,0.0,262842.0426663584,6289.021934445153,20449659.347927075,402.0002671591448,312.88057277183026
2.321428571428571,0.49,0.005,269.26617863934416,10.330296494088634,-0.5228577276482013,0.0,262842.04389637057,6289.021934448273,20449659.81561106,402.00026922191637,312.8805735745674
2.321428571428571,0.49,0.015,269.26617863934416,10.330305270701436,-0.5229108208039437,0.0,262842.0426663584,6289.021934445153,20449659.347927075,402.0002671591448,312.88057277183026
2.321428571428571,0.51,-0.005,269.2484075362097,10.141115841762785,-0.5265104586586544,0.0,262835.0990515611,6289.021940644234,20447920.184727848,401.9926046277528,312.8775908476485
2.321428571428571,0.51,0.005,269.2484075362097,10.141106880160075,-0.5264574583654043,0.0,262835.09937314806,6289.021940647263,20447920.337235745,401.9926053014101,312.8775911098079
2.321428571428571,0.51,0.015,269.2484075362097,10.141115841762785,-0.5265104586586544,0.0,262835.0990515611,6289.021940644234,20447920.184727848,401.9926046277528,312.8775908476485
2.321428571428571,0.53,-0.005,269.23070494945904,9.944439111573903,-0.5283539800544821,0.0,262828.1351984656,6289.021947549456,20446187.782199714,401.9849717284046,312.874620426715
2.321428571428571,0.53,0.005,269.23070494945904,9.944429965528128,-0.5283012788512055,0.0,262828.1346166685,6289.021947552398,20446187.621202085,401.98497102012914,312.87462015108105
2.321428571428571,0.53,0.015,269.23070494945904,9.944439111573903,-0.5283539800544821,0.0,262828.1351984656,6289.021947549456,20446187.782199714,401.9849717284046,312.874620426715
2.321428571428571,0.55,-0.005,269.21313982317827,9.74027357173389,-0.5284367447262823,0.0,262821.17494512035,6289.021955160291,20444468.88756197,401.97739821037214,312.8716730867555
2.321428571428571,0.55,0.005,269.21313982317827,9.740264242570293,-0.5283845463740319,0.0,262821.1734685182,6289.021955163148,20444468.41595291,401.9773961327426,312.8716722782132
2.321428571428571,0.55,0.015,269.21313982317827,9.74027357173389,-0.5284367447262823,0.0,262821.17494512035,6289.021955160291,20444468.88756197,401.97739821037214,312.8716730867555
2.321428571428571,0.57,-0.005,269.1957801597758,9.52861611688247,-0.526759386531266,0.0,262814.2420313438,6289.021963469921,20442770.155178476,401.96991341826316,312.868760248445
2.321428571428571,0.57,0.005,269.1957801597758,9.528606606712712,-0.5267078915861242,0.0,262814.23967198463,6289.021963472695,20442769.377052315,401.96990998915487,312.8687589139411
2.321428571428571,0.57,0.015,269.1957801597758,9.52861611688247,-0.526759386531266,0.0,262814.2420313438,6289.021963469921,20442770.155178476,401.96991341826316,312.868760248445
2.321428571428571,0.59,-0.005,269.17869276189214,9.309461957599583,-0.5233277162559362,0.0,262807.36002679693,6289.021972465303,20441098.121322054,401.96254618047124,312.8658931319782
2.321428571428571,0.59,0.005,269.17869276189214,9.309452269323932,-0.5232771213686993,0.0,262807.3568001156,6289.021972467997,20441097.041945394,401.962541422936,312.8658912804743
2.321428571428571,0.59,0.015,269.17869276189214,9.309461957599583,-0.5233277162559362,0.0,262807.36002679693,6289.021972465303,20441098.121322054,401.96254618047124,312.8658931319782
2.321428571428571,0.61,-0.005,269.16194302260254,9.082804669935769,-0.5181525572064116,0.0,262800.5522739173,6289.021982127034,20439459.18366609,401.95532471826954,312.86308272166684
2.321428571428571,0.61,0.005,269.16194302260254,9.082794807243465,-0.5181030544512535,0.0,262800.5481986424,6289.021982129651,20439457.809446175,401.95531866039795,312.86308036408593
2.321428571428571,0.61,0.015,269.16194302260254,9.082804669935769,-0.5181525572064116,0.0,262800.5522739173,6289.021982127034,20439459.18366609,401.95532471826954,312.86308272166684
2.321428571428571,0.63,-0.005,269.1455946992065,8.848635913700969,-0.5112495931644869,0.0,262793.84182344074,6289.021992429707,20437859.57919124,401.9482765480502,312.86033972786464
2.321428571428571,0.63,0.005,269.1455946992065,8.848625881069353,-0.5112013694051825,0.0,262793.8369214909,6289.021992432251,20437857.91764058,401.94826922281874,312.8603368770321
2.321428571428571,0.63,0.015,269.1455946992065,8.848635913700969,-0.5112495931644869,0.0,262793.84182344074,6289.021992429707,20437859.57919124,401.9482765480502,312.86033972786464
2.321428571428571,0.65,-0.005,269.1297097059934,8.60694537779622,-0.5026391948221485,0.0,262787.2513775336,6289.022003341983,20436305.363945223,401.94142839151306,312.85767455198067
2.321428571428571,0.65,0.005,269.1297097059934,8.606935180490048,-0.5025924311284239,0.0,262787.24567390676,6289.022003344457,20436303.423643768,401.9414198366189,312.8576712225599
2.321428571428571,0.65,0.015,269.1297097059934,8.60694537779622,-0.5026391948221485,0.0,262787.2513775336,6289.022003341983,20436305.363945223,401.94142839151306,312.85767455198067
2.321428571428571,0.67,-0.005,269.11434791976154,8.357720688848806,-0.4923462343521229,0.0,262780.80323647195,6289.0220148269145,20434802.39406793,401.93480609147196,312.85509725367484
2.321428571428571,0.67,0.005,269.11434791976154,8.35771033291276,-0.492301105403358,0.0,262780.79675911524,6289.022014829321,20434800.184618708,401.934796349139,312.8550934620916
2.321428571428571,0.67,0.015,269.11434791976154,8.357720688848806,-0.4923462343521229,0.0,262780.80323647195,6289.0220148269145,20434802.39406793,401.93480609147196,312.85509725367484
2.321428571428571,0.69,-0.005,269.09956700473333,8.100947437145473,-0.4803998949783848,0.0,262774.519251873,6289.02202684208,20433356.30870467,401.92843453583225,312.8526175212294
2.321428571428571,0.69,0.005,269.09956700473333,8.100936929399952,-0.48035656857266557,0.0,262774.5120315597,6289.022026844422,20433353.840691656,401.9284236526271,312.8526132856006
2.321428571428571,0.69,0.015,269.09956700473333,8.100947437145473,-0.4803998949783848,0.0,262774.519251873,6289.02202684208,20433356.30870467,401.92843453583225,312.8526175212294
2.321428571428571,0.71,-0.005,269.085422229481,7.836608872767656,-0.46683343954145895,0.0,262768.42077538307,6289.022039340245,20431972.51216556,401.9223375784428,312.85024464070136
2.321428571428571,0.71,0.005,269.085422229481,7.8365982208037614,-0.46679207609670254,0.0,262768.4128455726,6289.022039342527,20431969.797105808,401.92232560506466,312.8502399807535
2.321428571428571,0.71,0.015,269.085422229481,7.836608872767656,-0.46683343954145895,0.0,262768.42077538307,6289.022039340245,20431972.51216556,401.9223375784428,312.85024464070136
2.321428571428571,0.73,-0.005,269.07196631194444,7.564686073233904,-0.451684000684494,0.0,262762.52861920506,6289.022052269327,20430656.158810914,401.91653797159023,312.8479874696034
2.321428571428571,0.73,0.005,269.07196631194444,7.5646752854033,-0.4516447527844925,0.0,262762.52001589886,6289.022052271553,20430653.20910521,401.9165249626544,312.8479824065878
2.321428571428571,0.73,0.015,269.07196631194444,7.564686073233904,-0.451684000684494,0.0,262762.52861920506,6289.022052269327,20430656.158810914,401.91653797159023,312.8479874696034
2.321428571428571,0.75,-0.005,269.0592492729326,7.285158063228136,-0.43499235329766534,0.0,262756.86301879387,6289.022065572898,20429412.138786502,401.91105730247364,312.845854412132
2.321428571428571,0.75,0.005,269.0592492729326,7.285147148634657,-0.4349553652732034,0.0,262756.853780386,6289.022065575069,20429408.967668086,401.9110433162862,312.8458489687376
2.321428571428571,0.75,0.015,269.0592492729326,7.285158063228136,-0.43499235329766534,0.0,262756.86301879387,6289.022065572898,20429412.138786502,401.91105730247364,312.845854412132
2.321428571428571,0.77,-0.005,269.04731829729184,6.9980014260986545,-0.4168026643191445,0.0,262751.44359417347,6289.022079190794,20428245.0645131,401.90591593303697,312.84385339570184
2.321428571428571,0.77,0.005,269.04731829729184,6.997990394588006,-0.4167680718626698,0.0,262751.4337612955,6289.022079192914,20428241.685994655,401.90590103136066,312.843847595964
2.321428571428571,0.77,0.015,269.04731829729184,6.9980014260986545,-0.4168026643191445,0.0,262751.44359417347,6289.022079190794,20428245.0645131,401.90591593303697,312.84385339570184
2.321428571428571,0.79,-0.005,269.036217607171,6.703190350944475,-0.39716224853717913,0.0,262746.28931843257,6289.022093059613,20427159.258356668,401.901132944951,312.841991849484
2.321428571428571,0.79,0.005,269.036217607171,6.703179213093065,-0.3971301783498657,0.0,262746.27893379494,6289.022093061683,20427155.68717583,401.9011171927651,312.84198571869103
2.321428571428571,0.79,0.015,269.036217607171,6.703190350944475,-0.39716224853717913,0.0,262746.28931843257,6289.022093059613,20427159.258356668,401.901132944951,312.841991849484
2.321428571428571,0.81,-0.005,269.0259883456197,6.400696669863856,-0.3761213177324469,0.0,262741.41848919564,6289.0221071130745,20426158.741304874,401.89672608897854,312.8402766846506
2.321428571428571,0.81,0.005,269.0259883456197,6.400685436966416,-0.37609188720248016,0.0,262741.40759742516,6289.022107115099,20426154.992868464,401.8967095542331,312.8402702492481
2.321428571428571,0.81,0.015,269.0259883456197,6.400696669863856,-0.3761213177324469,0.0,262741.41848919564,6289.0221071130745,20426158.741304874,401.89672608897854,312.8402766846506
2.321428571428571,0.83,-0.005,269.0166684661839,6.0904892433891495,-0.3537327082285134,0.0,262736.84869828325,6289.022121283044,20425247.222249623,401.8927117373451,312.83871427579004
2.321428571428571,0.83,0.005,269.0166684661839,6.090477927442809,-0.35370602513924587,0.0,262736.8373457572,6289.022121285023,20425243.31257675,401.8926944907084,312.83870756328247
2.321428571428571,0.83,0.015,269.0166684661839,6.0904892433891495,-0.3537327082285134,0.0,262736.84869828325,6289.022121283044,20425247.222249623,401.8927117373451,312.83871427579004
2.321428571428571,0.85,-0.005,269.00829263714513,5.772534425496535,-0.3300516375626798,0.0,262732.5968127843,6289.0221354994665,20424428.088666834,401.88910484178956,312.83731044453486
2.321428571428571,0.85,0.005,269.00829263714513,5.7725230391868765,-0.3300277998295644,0.0,262732.58504746226,6289.022135501404,20424424.03433112,401.88908695639327,312.83730348338656
2.321428571428571,0.85,0.015,269.00829263714513,5.772534425496535,-0.3300516375626798,0.0,262732.5968127843,6289.0221354994665,20424428.088666834,401.88910484178956,312.83731044453486
2.321428571428571,0.87,-0.005,269.00089215531517,5.446796495428611,-0.3051354523649846,0.0,262728.6789582797,6289.022149690718,20423704.398240972,401.8859188960152,312.836070444905
2.321428571428571,0.87,0.005,269.00089215531517,5.446785052118474,-0.30511454780015485,0.0,262728.666829533,6289.022149692613,20423700.216311976,401.8859004471943,312.8360632644385
2.321428571428571,0.87,0.015,269.00089215531517,5.446796495428611,-0.3051354523649846,0.0,262728.6789582797,6289.022149690718,20423704.398240972,401.8859188960152,312.836070444905
2.321428571428571,0.89,-0.005,268.9944948633503,5.113237262786662,-0.27904334644887663,0.0,262725.1104984082,6289.022163784176,20423078.870838005,401.8831658998437,312.8349989493155
2.321428571428571,0.89,0.005,268.9944948633503,5.113225776501762,-0.2790254525519718,0.0,262725.0980568476,6289.022163786029,20423074.57882201,401.88314696487396,312.83499157960983
2.321428571428571,0.89,0.015,268.9944948633503,5.113237262786662,-0.27904334644887663,0.0,262725.1104984082,6289.022163784176,20423078.870838005,401.8831658998437,312.8349989493155
2.321428571428571,0.91,-0.005,268.9891250667451,4.771814942782472,-0.2518360646565312,0.0,262721.90601229394,6289.022177707562,20422553.8804666,401.8808563237406,312.8341000347339
2.321428571428571,0.91,0.005,268.9891250667451,4.77180342818471,-0.25182124843023174,0.0,262721.893309596,6289.022177709375,20422549.496246874,401.8808369815738,312.83409250652085
2.321428571428571,0.91,0.015,268.9891250667451,4.771814942782472,-0.2518360646565312,0.0,262721.90601229394,6289.022177707562,20422553.8804666,401.8808563237406,312.8341000347339
2.321428571428571,0.93,-0.005,268.98480348021593,4.422485861306699,-0.22357569702380917,0.0,262719.079294568,6289.022191387836,20422131.450034358,401.878999084572,312.83337717321166
2.321428571428571,0.93,0.005,268.98480348021593,4.422474333682019,-0.2235640148139923,0.0,262719.0663832999,6289.0221913896075,20422126.99181099,401.8789794155679,312.83336951777176
2.321428571428571,0.93,0.015,268.98480348021593,4.422485861306699,-0.22357569702380917,0.0,262719.079294568,6289.022191387836,20422131.450034358,401.878999084572,312.83337717321166
2.321428571428571,0.95,-0.005,268.98154717614074,4.065204728954843,-0.19432540457513578,0.0,262716.6433488634,6289.022204754688,20421813.24644409,401.8776015251378,312.8328332238902
2.321428571428571,0.95,0.005,268.98154717614074,4.065193204194228,-0.19431690193431028,0.0,262716.63028230745,6289.0222047564175,20421808.732673526,401.87758161079626,312.83282547294823
2.321428571428571,0.95,0.015,268.98154717614074,4.065204728954843,-0.19432540457513578,0.0,262716.6433488634,6289.022204754688,20421813.24644409,401.8776015251378,312.8328332238902
2.321428571428571,0.97,-0.005,268.9793694587278,3.6998650992059083,-0.16414696324847972,0.0,262714.61025914946,6289.0222180444725,20421600.57779726,401.87666954637086,312.8324704844316
2.321428571428571,0.97,0.005,268.9793694587278,3.6998535927887213,-0.1641416748319737,0.0,262714.5970911376,6289.022218046163,20421596.027135886,401.876649469083,312.8324626700595
2.321428571428571,0.97,0.015,268.9793694587278,3.6998650992059083,-0.16414696324847972,0.0,262714.61025914946,6289.0222180444725,20421600.57779726,401.87666954637086,312.8324704844316
2.321428571428571,0.9899999999999999,-0.005,268.97826294600367,3.319168794244254,-0.1328484603808918,0.0,262712.97364911815,6289.022258718125,20421493.58778475,401.8762168906496,312.83229430420243
2.321428571428571,0.9899999999999999,0.005,268.97826294600367,3.3191573153411364,-0.1328463006188224,0.0,262712.96040760505,6289.0222587198095,20421489.009907175,401.87619669319366,312.83228644305484
2.321428571428571,0.9899999999999999,0.015,268.97826294600367,3.319168794244254,-0.1328484603808918,0.0,262712.97364911815,6289.022258718125,20421493.58778475,401.8762168906496,312.83229430420243
2.321428571428571,1.01,-0.005,268.9781879897247,9.25019309146058e-07,-3.702354376370836e-08,0.0,262712.9525861859,6289.035987581071,20421915.14220012,401.88462469514985,312.83556672852677
2.321428571428571,1.01,0.005,268.97811303344565,-3.319168794244217,0.13284846038089027,0.0,262712.93152324186,6289.022259195348,20421478.93061225,401.8761524486728,312.83226922243426
2.321428571428571,1.01,0.015,268.9781879897247,9.25019309146058e-07,-3.702354376370836e-08,0.0,262712.9525861859,6289.035987581071,20421915.14220012,401.88462469514985,312.83556672852677
2.3928571428571423,-0.01,-0.005,269.5487886079941,12.624701295078582,0.0,0.0,262947.88266376423,6289.021879073249,20477322.589092333,402.1221005418416,312.9279812114859
2.3928571428571423,-0.01,0.005,269.5487886079941,12.624701295078582,0.01495322920949077,0.0,262947.88266376423,6289.021878795225,20477322.580383196,402.1221003708165,312.92798114494076
2.3928571428571423,-0.01,0.015,269.5487886079941,12.624701295078582,0.0,0.0,262947.88266376423,6289.021879073249,20477322.589092333,402.1221005418416,312.9279812114859
2.3928571428571423,0.01,-0.005,269.54878860799414,12.624701295078582,-0.01495322920949077,0.0,262947.88266376423,6289.021878795225,20477322.580383196,402.1221003708165,312.92798114494076
2.3928571428571423,0.01,0.005,269.54878860799414,12.624696114113128,-0.014951405952992158,0.0,262947.89865563053,6289.021878799117,20477328.15904432,402.12212493444224,312.92799070254244
2.3928571428571423,0.01,0.015,269.54878860799414,12.624701295078582,-0.01495322920949077,0.0,262947.88266376423,6289.021878795225,20477322.580383196,402.1221003708165,312.92798114494076
2.3928571428571423,0.03,-0.005,269.54765619717296,12.616922608508728,-0.04481726031042042,0.0,262947.4662413129,6289.021878599317,20477211.716638,402.12161216457156,312.9277911859199
2.3928571428571423,0.03,0.005,269.54765619717296,12.616917411604263,-0.044812194387909246,0.0,262947.48213951313,6289.021878603188,20477217.262859166,402.1216365854634,312.9278006879901
2.3928571428571423,0.03,0.015,269.54765619717296,12.616922608508728,-0.04481726031042042,0.0,262947.4662413129,6289.021878599317,20477211.716638,402.12161216457156,312.9277911859199
2.3928571428571423,0.05,-0.005,269.54539596818415,12.60152060976978,-0.07452227172792907,0.0,262946.6367938443,6289.021878315697,20476990.420232177,402.1206376955734,312.9274120237377
2.3928571428571423,0.05,0.005,269.54539596818415,12.601515382288648,-0.0745138523795621,0.0,262946.6525693152,6289.021878319553,20476995.924012076,402.1206619297999,312.9274214531887
2.3928571428571423,0.05,0.015,269.54539596818415,12.60152060976978,-0.07452227172792907,0.0,262946.6367938443,6289.021878315697,20476990.420232177,402.1206376955734,312.9274120237377
2.3928571428571423,0.07,-0.005,269.5420177299755,12.578510051957384,-0.10396329825790931,0.0,262945.39761647064,6289.021877924148,20476659.662846036,402.1191812201727,312.9268453138405
2.3928571428571423,0.07,0.005,269.5420177299755,12.57850477941724,-0.10395156211469586,0.0,262945.4132085306,6289.021877927984,20476665.103196148,402.1192051754162,312.92685463475704
2.3928571428571423,0.07,0.015,269.5420177299755,12.578510051957384,-0.10396329825790931,0.0,262945.39761647064,6289.021877924148,20476659.662846036,402.1191812201727,312.9268453138405
2.3928571428571423,0.09,-0.005,269.53753618472643,12.54789576380335,-0.13303637965335446,0.0,262943.75340240373,6289.021877449685,20476220.885836884,402.11724907847395,312.9260935221317
2.3928571428571423,0.09,0.005,269.53753618472643,12.547890431926442,-0.13302137762734714,0.0,262943.76875122596,6289.0218774534915,20476226.242062755,402.11727266370366,312.926102699099
2.3928571428571423,0.09,0.015,269.53753618472643,12.54789576380335,-0.13303637965335446,0.0,262943.75340240373,6289.021877449685,20476220.885836884,402.11724907847395,312.9260935221317
2.3928571428571423,0.11,-0.005,269.53197080219655,12.50968239492682,-0.1616390386336734,0.0,262941.71034731803,6289.021876923134,20475675.9978664,402.1148496654626,312.9251599137598
2.3928571428571423,0.11,0.005,269.53197080219655,12.509676989689062,-0.16162083569569818,0.0,262941.7253941883,6289.021876926904,20475681.249656208,402.1148727913219,312.9251689120138
2.3928571428571423,0.11,0.015,269.53197080219655,12.50968239492682,-0.1616390386336734,0.0,262941.71034731803,6289.021876923134,20475675.9978664,402.1148496654626,312.9251599137598
2.3928571428571423,0.13,-0.005,269.52534571293756,12.463875014007904,-0.18967069737498876,0.0,262939.27612671023,6289.0218763795765,20475027.36435896,402.11199338435773,312.9240485349964
2.3928571428571423,0.13,0.005,269.52534571293756,12.463869521691365,-0.18964937219427452,0.0,262939.29081429157,6289.021876383306,20475032.49187474,402.1120159635634,312.92405732057915
2.3928571428571423,0.13,0.015,269.52534571293756,12.463875014007904,-0.18967069737498876,0.0,262939.27612671023,6289.0218763795765,20475027.36435896,402.11199338435773,312.9240485349964
2.3928571428571423,0.15,-0.005,269.5176895776292,12.410479276241515,-0.21703307676443728,0.0,262936.4598616348,6289.021875857797,20474277.794651523,402.10869259038117,312.9227641913917
2.3928571428571423,0.15,0.005,269.5176895776292,12.4104736834936,-0.21700872127469029,0.0,262936.4741342246,6289.021875861479,20474282.778617546,402.1087145381109,312.92277273130173
2.3928571428571423,0.15,0.015,269.5176895776292,12.410479276241515,-0.21703307676443728,0.0,262936.4598616348,6289.021875857797,20474277.794651523,402.10869259038117,312.9227641913917
2.3928571428571423,0.17,-0.005,269.5090354276135,12.349501329644433,-0.24363057891657833,0.0,262933.2720732049,6289.021875399783,20473430.526319563,402.10496152222083,312.92131242114647
2.3928571428571423,0.17,0.005,269.5090354276135,12.349495623531883,-0.2436032978128659,0.0,262933.2858769813,6289.021875403415,20473435.34810732,402.10498275648524,312.921320683484
2.3928571428571423,0.17,0.015,269.5090354276135,12.349501329644433,-0.24363057891657833,0.0,262933.2720732049,6289.021875399783,20473430.526319563,402.10496152222083,312.92131242114647
2.3928571428571423,0.19,-0.005,269.4994204841802,12.280947738214156,-0.2693706556705421,0.0,262929.72463132744,6289.021875049946,20472489.20740814,402.1008162242072,312.9196994648763
2.3928571428571423,0.19,0.005,269.4994204841802,12.280941906274306,-0.2693405658416304,0.0,262929.737914585,6289.02187505352,20472493.849117465,402.100836666206,312.9197074189811
2.3928571428571423,0.19,0.015,269.4994204841802,12.280947738214156,-0.2693706556705421,0.0,262929.72463132744,6289.021875049946,20472489.20740814,402.1008162242072,312.9196994648763
2.3928571428571423,0.21,-0.005,269.4888859578782,12.204825338179782,-0.2941641580467503,0.0,262925.8306972793,6289.021874854739,20471457.876716357,402.0962744601847,312.9179322321466
2.3928571428571423,0.21,0.005,269.4888859578782,12.204819368471608,-0.2941313879480046,0.0,262925.8434106521,6289.02187485825,20471462.321252268,402.0962940346437,312.9179398487294
2.3928571428571423,0.21,0.015,269.4888859578782,12.204825338179782,-0.2941641580467503,0.0,262925.8306972793,6289.021874854739,20471457.876716357,402.0962744601847,312.9179322321466
2.3928571428571423,0.23,-0.005,269.4774768275327,12.121141125189292,-0.3179256656749404,0.0,262921.6046609508,6289.0218748619845,20470340.94208214,402.0913556184782,312.9160182645463
2.3928571428571423,0.23,0.005,269.4774768275327,12.121135006340795,-0.317890354647281,0.0,262921.61675762135,6289.0218748654315,20470345.17322693,402.0913742539662,312.9160255158122
2.3928571428571423,0.23,0.015,269.4774768275327,12.121141125189292,-0.3179256656749404,0.0,262921.6046609508,6289.0218748619845,20470340.94208214,402.0913556184782,312.9160182645463
2.3928571428571423,0.25,-0.005,269.46524160355165,12.029902250863731,-0.34057379521823444,0.0,262917.0620750397,6289.021875120074,20469143.157123182,402.08608061003537,312.9139656961077
2.3928571428571423,0.25,0.005,269.46524160355165,12.029895972118611,-0.3405360927590693,0.0,262917.07351093343,6289.021875123453,20469147.159603477,402.08609823925894,312.91397255587043
2.3928571428571423,0.25,0.015,269.46524160355165,12.029902250863731,-0.34057379521823444,0.0,262917.0620750397,6289.021875120074,20469143.157123182,402.08608061003537,312.9139656961077
2.3928571428571423,0.27,-0.005,269.4522320757546,11.931115979540767,-0.3620314843176405,0.0,262912.2195845471,6289.021875677423,20467869.596469916,402.08047176006454,312.9117832111964
2.3928571428571423,0.27,0.005,269.4522320757546,11.931109530803157,-0.36199154930990574,0.0,262912.2303185111,6289.02187568073,20467873.356018383,402.08048832014015,312.9117896549845
2.3928571428571423,0.27,0.015,269.4522320757546,11.931115979540767,-0.3620314843176405,0.0,262912.2195845471,6289.021875677423,20467869.596469916,402.08047176006454,312.9117832111964
2.3928571428571423,0.29,-0.005,269.4385030478609,11.824789529256762,-0.3822262500187268,0.0,262907.0948510452,6289.021876581612,20466525.629682824,402.0745526937232,312.9094800000853
2.3928571428571423,0.29,0.005,269.4385030478609,11.824782901132824,-0.38218424992431727,0.0,262907.10484501044,6289.021876584847,20466529.133094225,402.07456812642425,312.90948600523825
2.3928571428571423,0.29,0.015,269.4385030478609,11.824789529256762,-0.3822262500187268,0.0,262907.0948510452,6289.021876581612,20466525.629682824,402.0745526937232,312.9094800000853
2.3928571428571423,0.31,-0.005,269.42411206126485,11.71092995132317,-0.40109042209406426,0.0,262901.70647464576,6289.021877878988,20465116.89413675,402.06834821745224,312.90706571283386
2.3928571428571423,0.31,0.005,269.42411206126485,11.710923135159966,-0.40104653211803837,0.0,262901.71569377213,6289.021877882148,20465120.12931814,402.0683624694307,312.9070712585884
2.3928571428571423,0.31,0.015,269.42411206126485,11.71092995132317,-0.40109042209406426,0.0,262901.70647464576,6289.021877878988,20465116.89413675,402.06834821745224,312.90706571283386
2.3928571428571423,0.33,-0.005,269.4091191108794,11.58954405295734,-0.418561349748092,0.0,262896.07391410414,6289.021879613808,20463649.26711739,402.0618841965886,312.904550411717
2.3928571428571423,0.33,0.005,269.4091191108794,11.589537040879971,-0.4185157519800231,0.0,262896.08232690836,6289.021879616895,20463652.22313238,402.0618972195714,312.9045554792833
2.3928571428571423,0.33,0.015,269.4091191108794,11.58954405295734,-0.418561349748092,0.0,262896.07391410414,6289.021879613808,20463649.26711739,402.0618841965886,312.904550411717
2.3928571428571423,0.35,-0.005,269.39358635361725,11.460638293378379,-0.4345815807919542,0.0,262890.2174046812,6289.021881827719,20462128.837210663,402.0551874299618,312.90194452247647
2.3928571428571423,0.35,0.005,269.39358635361725,11.460631078323328,-0.43453446333068857,0.0,262890.22498314653,6289.021881830731,20462131.5043175,402.05519918091983,312.90194909510444
2.3928571428571423,0.35,0.015,269.39358635361725,11.460638293378379,-0.4345815807919542,0.0,262890.2174046812,6289.021881827719,20462128.837210663,402.0551874299618,312.90194452247647
2.3928571428571423,0.37,-0.005,269.3775778127748,11.324218625286617,-0.44909901309774103,0.0,262884.1578742261,6289.02188455917,20460561.875293925,402.04828552264183,312.8992587848498
2.3928571428571423,0.37,0.005,269.3775778127748,11.324211201031957,-0.4490505691656809,0.0,262884.1645938942,6289.021884562105,20460564.244977403,402.0482959639324,312.89926284788424
2.3928571428571423,0.37,0.015,269.3775778127748,11.324218625286617,-0.44909901309774103,0.0,262884.1578742261,6289.02188455917,20460561.875293925,402.04828552264183,312.8992587848498
2.3928571428571423,0.39,-0.005,269.36115908006053,11.180290364590556,-0.4620670186732678,0.0,262877.9168589664,6289.021887842831,20458954.805302065,402.0412067576141,312.89650420267697
2.3928571428571423,0.39,0.005,269.36115908006053,11.180282725782934,-0.46201744572605213,0.0,262877.9226990114,6289.0218878456935,20458956.87029931,402.04121585709674,312.8965077436029
2.3928571428571423,0.39,0.015,269.36115908006053,11.180290364590556,-0.4620670186732678,0.0,262877.9168589664,6289.021887842831,20458954.805302065,402.0412067576141,312.89650420267697
2.3928571428571423,0.41,-0.005,269.3443970173547,11.028858068298776,-0.4734445399677435,0.0,262871.51641939586,6289.021891709153,20457314.174977556,402.0339799673515,312.8936919939613
2.3928571428571423,0.41,0.005,269.3443970173547,11.02885021047777,-0.47339403880490194,0.0,262871.52136267937,6289.021891711943,20457315.92929751,402.0339876984755,312.89369500243816
2.3928571428571423,0.41,0.015,269.3443970173547,11.028858068298776,-0.4734445399677435,0.0,262871.51641939586,6289.021891709153,20457314.174977556,402.0339799673515,312.8936919939613
2.3928571428571423,0.43,-0.005,269.3273594597615,10.869925469785805,-0.48319615921859016,0.0,262864.9790571219,6289.021896183776,20455646.626749586,402.0266344057883,312.89083354108124
2.3928571428571423,0.43,0.005,269.3273594597615,10.869917389405154,-0.48314493310041456,0.0,262864.983090232,6289.021896186496,20455648.065686572,402.0266407476559,312.89083600896777
2.3928571428571423,0.43,0.015,269.3273594597615,10.869925469785805,-0.48319615921859016,0.0,262864.9790571219,6289.021896183776,20455646.626749586,402.0266344057883,312.89083354108124
2.3928571428571423,0.45,-0.005,269.3101149219687,10.70349539641623,-0.49129214015481937,0.0,262858.3276325001,6289.021901287132,20453958.86894992,402.0191996217525,312.88794034156376
2.3928571428571423,0.45,0.005,269.3101149219687,10.703487090862579,-0.49124039393033536,0.0,262858.3307457709,6289.021901289783,20453959.98909101,402.0192045591526,312.8879422629309
2.3928571428571423,0.45,0.015,269.3101149219687,10.70349539641623,-0.49129214015481937,0.0,262858.3276325001,6289.021901287132,20453958.86894992,402.0191996217525,312.88794034156376
2.3928571428571423,0.47,-0.005,269.29273230919836,10.52956968611686,-0.49770844248087664,0.0,262851.58528355823,6289.021907034093,20452257.647487395,402.0117053343273,312.88502395960097
2.3928571428571423,0.47,0.005,269.29273230919836,10.529561153725812,-0.49765638173136834,0.0,262851.58747107413,6289.0219070366775,20452258.44671412,402.01170885774707,312.8850253307367
2.3928571428571423,0.47,0.015,269.29273230919836,10.52956968611686,-0.49770844248087664,0.0,262851.58528355823,6289.021907034093,20452257.647487395,402.0117053343273,312.88502395960097
2.3928571428571423,0.49,-0.005,269.27528063320864,10.348148979388302,-0.5024267091031317,0.0,262844.77534503624,6289.0219134336,20450549.718023907,402.0041813102914,312.88209597836976
2.3928571428571423,0.49,0.005,269.27528063320864,10.348140219455962,-0.5023745393052086,0.0,262844.7766046191,6289.021913436122,20450550.195508268,402.0041834159009,312.88209679777356
2.3928571428571423,0.49,0.015,269.27528063320864,10.348148979388302,-0.5024267091031317,0.0,262844.77534503624,6289.0219134336,20450549.718023907,402.0041813102914,312.88209597836976
2.3928571428571423,0.51,-0.005,269.25782873589503,10.15923260072706,-0.5054342306103645,0.0,262837.92127073085,6289.021920488577,20448841.818911076,401.9966572449239,312.87916795365345
2.3928571428571423,0.51,0.005,269.25782873589503,10.159223613517943,-0.5053821563221317,0.0,262837.92160391127,6289.021920491039,20448841.975106087,401.99665793453784,312.8791682220212
2.3928571428571423,0.51,0.015,269.25782873589503,10.15923260072706,-0.5054342306103645,0.0,262837.92127073085,6289.021920488577,20448841.818911076,401.9966572449239,312.87916795365345
2.3928571428571423,0.53,-0.005,269.24044502174564,9.962818404660192,-0.5067238851467053,0.0,262831.046557976,6289.021928195659,20447140.644995883,401.9891626464333,312.87625136886726
2.3928571428571423,0.53,0.005,269.24044502174564,9.96280919141208,-0.5066721092199843,0.0,262831.04596994934,6289.021928198064,20447140.481620952,401.98916192744866,312.8762510890672
2.3928571428571423,0.53,0.015,269.24044502174564,9.962818404660192,-0.5067238851467053,0.0,262831.046557976,6289.021928195659,20447140.644995883,401.9891626464333,312.87625136886726
2.3928571428571423,0.55,-0.005,269.22319720645186,9.758902921728177,-0.506294051803545,0.0,262824.1746797246,6289.021936544921,20445452.82301494,401.9817267272627,312.8733575927525
2.3928571428571423,0.55,0.005,269.22319720645186,9.758893484657884,-0.5062427746244498,0.0,262824.1731792935,6289.021936547273,20445452.343036372,401.9817246125763,312.8733567697933
2.3928571428571423,0.55,0.015,269.22319720645186,9.758902921728177,-0.506294051803545,0.0,262824.1746797246,6289.021936544921,20445452.82301494,401.9817267272627,312.8733575927525
2.3928571428571423,0.57,-0.005,269.2061520511848,9.54748110322425,-0.5041485238966307,0.0,262817.3290086857,6289.021945519952,20443784.885604337,401.9743782893495,312.8704978347118
2.3928571428571423,0.57,0.005,269.2061520511848,9.547471445530388,-0.5040979426598489,0.0,262817.3266081879,6289.021945522255,20443784.09321101,401.9743747972529,312.8704964757023
2.3928571428571423,0.57,0.015,269.2061520511848,9.54748110322425,-0.5041485238966307,0.0,262817.3290086857,6289.021945519952,20443784.885604337,401.9743782893495,312.8704978347118
2.3928571428571423,0.59,-0.005,269.1893751360166,9.328546233208957,-0.5002963689110262,0.0,262810.5327542642,6289.021955097785,20442143.249143075,401.9671456260963,312.86768310664206
2.3928571428571423,0.59,0.005,269.1893751360166,9.328536359066236,-0.5002466769237917,0.0,262810.529469489,6289.021955100042,20442142.149717987,401.9671407801538,312.8676812207432
2.3928571428571423,0.59,0.015,269.1893751360166,9.328546233208957,-0.5002963689110262,0.0,262810.5327542642,6289.021955097785,20442143.249143075,401.9671456260963,312.86768310664206
2.3928571428571423,0.61,-0.005,269.17293063445976,9.102089984432958,-0.4947517879661155,0.0,262803.80890127906,6289.021965248912,20440534.191715326,401.96005642480924,312.86492418494265
2.3928571428571423,0.61,0.005,269.17293063445976,9.10207989898906,-0.494703173988238,0.0,262803.80475137144,6289.021965251127,20440532.791803084,401.96005025371636,312.8649217833128
2.3928571428571423,0.61,0.015,269.17293063445976,9.102089984432958,-0.4947517879661155,0.0,262803.80890127906,6289.021965248912,20440534.191715326,401.96005642480924,312.86492418494265
2.3928571428571423,0.63,-0.005,269.15688109542117,8.868102146991017,-0.487533953794956,0.0,262797.1801478845,6289.02197593751,20438963.831811067,401.95313767239844,312.86223157378805
2.3928571428571423,0.63,0.005,269.15688109542117,8.868091856361081,-0.4874866014171711,0.0,262797.1751552391,6289.021975939687,20438962.13908174,401.9531302098251,312.86222866952244
2.3928571428571423,0.63,0.015,269.15688109542117,8.868102146991017,-0.487533953794956,0.0,262797.1801478845,6289.02197593751,20438963.831811067,401.95313767239844,312.86223157378805
2.3928571428571423,0.65,-0.005,269.14128723492144,8.626570579065882,-0.4786668289814332,0.0,262790.6688485372,6289.021987121597,20437438.10798604,401.9464155651827,312.8596154699936
2.3928571428571423,0.65,0.005,269.14128723492144,8.626560090320456,-0.4786209160241921,0.0,262790.66303867975,6289.021987123737,20437436.13119479,401.9464068495967,312.8596120780553
2.3928571428571423,0.65,0.015,269.14128723492144,8.626570579065882,-0.4786668289814332,0.0,262790.6688485372,6289.021987121597,20437438.10798604,401.9464155651827,312.8596154699936
2.3928571428571423,0.67,-0.005,269.1262077576753,8.37748112325564,-0.4681789927168668,0.0,262784.2969652538,6289.021998753193,20435962.761448592,401.9399154315363,312.85708573287417
2.3928571428571423,0.67,0.005,269.1262077576753,8.377470444407797,-0.46813469068030056,0.0,262784.29036671604,6289.021998755301,20435960.5103929,401.9399055060176,312.85708187002206
2.3928571428571423,0.67,0.015,269.1262077576753,8.37748112325564,-0.4681789927168668,0.0,262784.2969652538,6289.021998753193,20435962.761448592,401.9399154315363,312.85708573287417
2.3928571428571423,0.69,-0.005,269.1116991633323,8.120817626987874,-0.45610341927797104,0.0,262778.0860156517,6289.022010778672,20434543.31715415,401.93366164797413,312.85465185154584
2.3928571428571423,0.69,0.005,269.1116991633323,8.120806766984256,-0.4560608928314685,0.0,262778.0786598392,6289.022010780751,20434540.802628756,401.93365056001625,312.8546475362576
2.3928571428571423,0.69,0.015,269.1116991633323,8.120817626987874,-0.45610341927797104,0.0,262778.0860156517,6289.022010778672,20434543.31715415,401.93366164797413,312.85465185154584
2.3928571428571423,0.71,-0.005,269.097815580741,7.856561657336192,-0.4424772625921947,0.0,262772.05702661554,6289.022023139157,20433185.06764931,401.9276775673353,312.85232291693313
2.3928571428571423,0.71,0.005,269.097815580741,7.856550626039539,-0.442436669087029,0.0,262772.0489476659,6289.022023141211,20433182.301397666,401.9276653686337,312.85231816932264
2.3928571428571423,0.71,0.015,269.097815580741,7.856561657336192,-0.4424772625921947,0.0,262772.05702661554,6289.022023139157,20433185.06764931,401.9276775673353,312.85232291693313
2.3928571428571423,0.73,-0.005,269.0846086113596,7.584692670277303,-0.42734163622091714,0.0,262766.23049449705,6289.0220357707,20431893.057805043,401.92198545074064,312.8501075952431
2.3928571428571423,0.73,0.005,269.0846086113596,7.584681478448962,-0.42730312524235825,0.0,262766.22172913194,6289.02203577273,20431890.052468807,401.92197219696993,312.8501024369739
2.3928571428571423,0.73,0.015,269.0846086113596,7.584692670277303,-0.42734163622091714,0.0,262766.23049449705,6289.0220357707,20431893.057805043,401.92198545074064,312.8501075952431
2.3928571428571423,0.75,-0.005,269.0721271840396,7.305188122727082,-0.41074138106323166,0.0,262760.626348085,6289.022048604642,20430672.070670873,401.9166064045571,312.84801410338565
2.3928571428571423,0.75,0.005,269.0721271840396,7.305176782009914,-0.4107050940169163,0.0,262760.6169354572,6289.02204860665,20430668.839737445,401.91659215514096,312.8480085575814
2.3928571428571423,0.75,0.015,269.0721271840396,7.305188122727082,-0.41074138106323166,0.0,262760.626348085,6289.022048604642,20430672.070670873,401.9166064045571,312.84801410338565
2.3928571428571423,0.77,-0.005,269.0604174185172,7.01802309934068,-0.39272481334165443,0.0,262755.2639107232,6289.022061568241,20429526.614190325,401.91156032126946,312.84605018591435
2.3928571428571423,0.77,0.005,269.0604174185172,7.018011622239304,-0.3926908830730635,0.0,262755.25389225833,6289.02206157023,20429523.171938654,401.9115451391417,312.84604427706626
2.3928571428571423,0.77,0.015,269.0604174185172,7.01802309934068,-0.39272481334165443,0.0,262755.2639107232,6289.022061568241,20429526.614190325,401.91156032126946,312.84605018591435
2.3928571428571423,0.79,-0.005,269.0495225004093,6.723170362810326,-0.3733434765274493,0.0,262750.1618692845,6289.022074585057,20428460.909034472,401.90686582516054,312.8442230938387
2.3928571428571423,0.79,0.005,269.0495225004093,6.723158762670318,-0.3733120269734033,0.0,262750.1512885179,6289.022074587027,20428457.270479284,401.90684977651887,312.84421684770894
2.3928571428571423,0.79,0.015,269.0495225004093,6.723170362810326,-0.3733434765274493,0.0,262750.1618692845,6289.022074585057,20428460.909034472,401.90686582516054,312.8442230938387
2.3928571428571423,0.81,-0.005,269.03948256628604,6.42060039321587,-0.3526518870709612,0.0,262745.3382460829,6289.0220875753075,20427478.877420466,401.902540222336,312.84253956512686
2.3928571428571423,0.81,0.005,269.03948256628604,6.420588684201512,-0.35262303294196246,0.0,262745.32714849385,6289.022087577259,20427475.05825531,401.90252337639083,312.84253300865134
2.3928571428571423,0.81,0.015,269.03948256628604,6.42060039321587,-0.3526518870709612,0.0,262745.3382460829,6289.0220875753075,20427478.877420466,401.902540222336,312.84253956512686
2.3928571428571423,0.83,-0.005,269.03033459595594,6.110280800470017,-0.3307072609162946,0.0,262740.81036940095,6289.022100456751,20426584.132650856,401.8985994541979,312.84100580655246
2.3928571428571423,0.83,0.005,269.03033459595594,6.110268997537947,-0.33068110740838047,0.0,262740.79880224285,6289.022100458685,20426580.149189945,401.89858188291504,312.8409989677406
2.3928571428571423,0.83,0.015,269.03033459595594,6.110280800470017,-0.3307072609162946,0.0,262740.81036940095,6289.022100456751,20426584.132650856,401.8985994541979,312.84100580655246
2.3928571428571423,0.85,-0.005,269.0221123173744,5.7921767787547,-0.30756926383293237,0.0,262736.5948546449,6289.022113144586,20425779.969855174,401.8950580557797,312.8396274774351
2.3928571428571423,0.85,0.005,269.0221123173744,5.792164897629472,-0.30754590636792567,0.0,262736.58286677324,6289.0221131465005,20425775.838974368,401.89503983361925,312.83962038526784
2.3928571428571423,0.85,0.015,269.0221123173744,5.7921767787547,-0.30756926383293237,0.0,262736.5948546449,6289.022113144586,20425779.969855174,401.8950580557797,312.8396274774351
2.3928571428571423,0.87,-0.005,269.0148461206189,5.466251521867589,-0.2832997551881885,0.0,262732.7075875328,6289.022125551829,20425069.35763129,401.89192911832373,312.83840967503403
2.3928571428571423,0.87,0.005,269.0148461206189,5.46623957901982,-0.28327927918116197,0.0,262732.69522923103,6289.022125553726,20425065.096708287,401.89191032197516,312.83840235936106
2.3928571428571423,0.87,0.015,269.0148461206189,5.466251521867589,-0.2832997551881885,0.0,262732.7075875328,6289.022125551829,20425069.35763129,401.89192911832373,312.83840967503403
2.3928571428571423,0.89,-0.005,269.00856297709163,5.132465846272877,-0.257962507099118,0.0,262729.1637042196,6289.02213758974,20424454.93019605,401.8892242541736,312.8373569208462
2.3928571428571423,0.89,0.005,269.00856297709163,5.13245385889353,-0.25794498775165636,0.0,262729.1510270229,6289.022137591616,20424450.5570499,401.88920496228735,312.8373494122811
2.3928571428571423,0.89,0.015,269.00856297709163,5.132465846272877,-0.257962507099118,0.0,262729.1637042196,6289.02213758974,20424454.93019605,401.8892242541736,312.8373569208462
2.3928571428571423,0.91,-0.005,269.0032863614415,4.790777138982496,-0.2316229095991392,0.0,262725.9775702192,6289.022149168661,20423938.979811344,401.88695356314537,312.83647314748254
2.3928571428571423,0.91,0.005,269.0032863614415,4.790765124944228,-0.2316084117168985,0.0,262725.9646267369,6289.022149170514,20423934.51264152,401.88693385606234,312.83646547729774
2.3928571428571423,0.91,0.015,269.0032863614415,4.790777138982496,-0.2316229095991392,0.0,262725.9775702192,6289.022149168661,20423938.979811344,401.88695356314537,312.83647314748254
2.3928571428571423,0.93,-0.005,268.99903619456654,4.441140985485906,-0.20434775047269846,0.0,262723.1627791759,6289.022160197344,20423523.45122118,401.8851256071105,312.835761688745
2.3928571428571423,0.93,0.005,268.99903619456654,4.441128963319016,-0.20433632830700774,0.0,262723.149622913,6289.0221601991725,20423518.908546183,401.88510556658997,312.83575388876534
2.3928571428571423,0.93,0.015,268.99903619456654,4.441140985485906,-0.20434775047269846,0.0,262723.1627791759,6289.022160197344,20423523.45122118,401.8851256071105,312.835761688745
2.3928571428571423,0.95,-0.005,268.9958287902555,4.083511396626403,-0.17620494194779274,0.0,262720.73214527837,6289.022170585564,20423209.936542504,401.88374738822534,312.83522527112603
2.3928571428571423,0.95,0.005,268.9958287902555,4.08349938548648,-0.17619663905994606,0.0,262720.718830456,6289.022170587362,20423205.33713819,401.88372709717044,312.83521737362224
2.3928571428571423,0.95,0.015,268.9958287902555,4.083511396626403,-0.17620494194779274,0.0,262720.73214527837,6289.022170585564,20423209.936542504,401.88374738822534,312.83522527112603
2.3928571428571423,0.97,-0.005,268.99367673670065,3.71778129703006,-0.1472613628709202,0.0,262718.6975562457,6289.022180499262,20422999.671662502,401.8828244543353,312.8348660548115
2.3928571428571423,0.97,0.005,268.99367673670065,3.7177693156423643,-0.14725621203451864,0.0,262718.6841376322,6289.0221805010315,20422995.034504507,401.88280399653917,312.8348580924011
2.3928571428571423,0.97,0.015,268.99367673670065,3.71778129703006,-0.1472613628709202,0.0,262718.6975562457,6289.022180499262,20422999.671662502,401.8828244543353,312.8348660548115
2.3928571428571423,0.9900000000000001,-0.005,268.9925768088615,3.336724092251412,-0.11736300296852648,0.0,262717.0522868119,6289.022213212584,20422893.076552253,401.8823697696743,312.83468908624434
2.3928571428571423,0.9900000000000001,0.005,268.9925768088615,3.3367121516772893,-0.11736091470062252,0.0,262717.03879274114,6289.022213214349,20422888.411442183,401.8823491884696,312.8346810757973
2.3928571428571423,0.9900000000000001,0.015,268.9925768088615,3.336724092251412,-0.11736300296852648,0.0,262717.0522868119,6289.022213212584,20422893.076552253,401.8823697696743,312.83468908624434
2.3928571428571423,1.01,-0.005,268.99250806217447,8.52816509133618e-07,-2.9996218965891895e-08,0.0,262717.0329735459,6289.036082404767,20423319.65235314,401.8908666597224,312.8379961582964
2.3928571428571423,1.01,0.005,268.99243931548745,-3.33672409225145,0.11736300296852778,0.0,262717.01366026996,6289.0222136687535,20422879.634203758,401.88231068079745,312.83466608815775
2.3928571428571423,1.01,0.015,268.99250806217447,8.52816509133618e-07,-2.9996218965891895e-08,0.0,262717.0329735459,6289.036082404767,20423319.65235314,401.8908666597224,312.8379961582964
2.4642857142857144,-0.01,-0.005,269.552522322543,12.632754433759324,0.0,0.0,262949.02795272507,6289.0218580189885,20477687.466640726,402.12369696863857,312.92860237371286
2.4642857142857144,-0.01,0.005,269.552522322543,12.632754433759324,0.014498609526884745,0.0,262949.02795272507,6289.021857757614,20477687.45845299,402.1236968078547,312.92860231115264
2.4642857142857144,-0.01,0.015,269.552522322543,12.632754433759324,0.0,0.0,262949.02795272507,6289.0218580189885,20477687.466640726,402.12369696863857,312.92860237371286
2.4642857142857144,0.01,-0.005,269.552522322543,12.632754433759324,-0.014498609526884745,0.0,262949.02795272507,6289.021857757614,20477687.45845299,402.1236968078547,312.92860231115264
2.4642857142857144,0.01,0.005,269.552522322543,12.632749881820743,-0.01449681658419524,0.0,262949.0441926957,6289.021857760782,20477693.120727602,402.12372173892356,312.9286120117055
2.4642857142857144,0.01,0.015,269.552522322543,12.632754433759324,-0.014498609526884745,0.0,262949.02795272507,6289.021857757614,20477687.45845299,402.1236968078547,312.92860231115264
2.4642857142857144,0.03,-0.005,269.55141221361595,12.625001105036935,-0.043454004703456374,0.0,262948.61805316235,6289.021857633302,20477578.780911382,402.1232182678772,312.9284161136069
2.4642857142857144,0.03,0.005,269.55141221361595,12.624996534342692,-0.04344903564546399,0.0,262948.63419798086,6289.021857636451,20477584.410239946,402.123243053986,312.92842575776234
2.4642857142857144,0.03,0.015,269.55141221361595,12.625001105036935,-0.043454004703456374,0.0,262948.61805316235,6289.021857633302,20477578.780911382,402.1232182678772,312.9284161136069
2.4642857142857144,0.05,-0.005,269.54919661400197,12.60965066904803,-0.07225162521229286,0.0,262947.8016629736,6289.02185747775,20477361.85859433,402.1222631318127,312.9280444745424
2.4642857142857144,0.05,0.005,269.54919661400197,12.609646062195294,-0.07224336689743432,0.0,262947.8176830576,6289.021857480885,20477367.444805585,402.12228772828183,312.9280540449213
2.4642857142857144,0.05,0.015,269.54919661400197,12.60965066904803,-0.07225162521229286,0.0,262947.8016629736,6289.02185747775,20477361.85859433,402.1222631318127,312.9280444745424
2.4642857142857144,0.07,-0.005,269.5458851333893,12.586717420086716,-0.1007872105953054,0.0,262946.5820167796,6289.021857275957,20477037.64396951,402.1208355743286,312.92748901764617
2.4642857142857144,0.07,0.005,269.5458851333893,12.586712759846396,-0.10077569902901065,0.0,262946.5978504579,6289.021857279071,20477043.165741205,402.1208598873724,312.9274984777623
2.4642857142857144,0.07,0.015,269.5458851333893,12.586717420086716,-0.1007872105953054,0.0,262946.5820167796,6289.021857275957,20477037.64396951,402.1208355743286,312.92748901764617
2.4642857142857144,0.09,-0.005,269.54149220286456,12.556205775575668,-0.12895755336410605,0.0,262944.9637238026,6289.021857051443,20476607.551755305,402.11894181814506,312.92675216318275
2.4642857142857144,0.09,0.005,269.54149220286456,12.556201044967503,-0.1289428385850234,0.0,262944.97931027436,6289.021857054531,20476612.988064434,402.11896575528715,312.92676147705885
2.4642857142857144,0.09,0.015,269.54149220286456,12.556205775575668,-0.12895755336410605,0.0,262944.9637238026,6289.021857051443,20476607.551755305,402.11894181814506,312.92675216318275
2.4642857142857144,0.11,-0.005,269.53603693620323,12.518119873439158,-0.15666096681407576,0.0,262942.9528696521,6289.021856832754,20476073.4556232,402.11659010390025,312.9258371162898
2.4642857142857144,0.11,0.005,269.53603693620323,12.518115055794865,-0.15664311267707573,0.0,262942.9681492494,6289.0218568358105,20476078.785836205,402.11661357436856,312.92584624861115
2.4642857142857144,0.11,0.015,269.53603693620323,12.518119873439158,-0.15666096681407576,0.0,262942.9528696521,6289.021856832754,20476073.4556232,402.11659010390025,312.9258371162898
2.4642857142857144,0.13,-0.005,269.5295430236826,12.4724641618846,-0.18379770631844886,0.0,262940.55699387897,6289.021856652121,20475437.67772298,402.1137906438828,312.92474784900304
2.4642857142857144,0.13,0.005,269.5295430236826,12.472459240914345,-0.18377679013990805,0.0,262940.5719083365,6289.021856655139,20475442.881688625,402.11381355901614,312.9247567652755
2.4642857142857144,0.13,0.015,269.5295430236826,12.4724641618846,-0.18379770631844886,0.0,262940.55699387897,6289.021856652121,20475437.67772298,402.1137906438828,312.92474784900304
2.4642857142857144,0.15,-0.005,269.5220386015767,12.419243550861836,-0.21027037666233683,0.0,262937.7850556538,6289.021856545019,20474702.97585351,402.11055556592703,312.92348907845945
2.4642857142857144,0.15,0.005,269.5220386015767,12.41923851072664,-0.21024648879299013,0.0,262937.7995483701,6289.021856547996,20474708.033992745,402.11057783956886,312.9234977451626
2.4642857142857144,0.15,0.015,269.5220386015767,12.419243550861836,-0.21027037666233683,0.0,262937.7850556538,6289.021856545019,20474702.97585351,402.11055556592703,312.92348907845945
2.4642857142857144,0.17,-0.005,269.51355609617855,12.358463330921628,-0.23598432371439457,0.0,262934.6473894571,6289.02185654966,20473872.528131347,402.10689884634996,312.9220662408415
2.4642857142857144,0.17,0.005,269.51355609617855,12.358458156300111,-0.23595756704407944,0.0,262934.6614057464,6289.021856552591,20473877.421523813,402.1069203952276,312.922074625576
2.4642857142857144,0.17,0.015,269.51355609617855,12.358463330921628,-0.23598432371439457,0.0,262934.6473894571,6289.02185654966,20473872.528131347,402.10689884634996,312.9220662408415
2.4642857142857144,0.19,-0.005,269.5041320462275,12.290129102647565,-0.26084801036823757,0.0,262931.15565486357,6289.021856706252,20472949.915533062,402.10283623349386,312.9204854616706
2.4642857142857144,0.19,0.005,269.5041320462275,12.290123778799424,-0.2608184997670844,0.0,262931.16914219456,6289.021856709133,20472954.62599958,402.1028569775797,312.9204935332989
2.4642857142857144,0.19,0.015,269.5041320462275,12.290129102647565,-0.26084801036823757,0.0,262931.15565486357,6289.021856706252,20472949.915533062,402.10283623349386,312.9204854616706
2.4642857142857144,0.21,-0.005,269.4938069051111,12.214246634198469,-0.28477337323132956,0.0,262927.3227800128,6289.021857056616,20471939.102464415,402.0983851628115,312.9187535228135
2.4642857142857144,0.21,0.005,269.4938069051111,12.214241147026812,-0.2847412349324268,0.0,262927.33568823605,6289.0218570594425,20471943.612645123,402.0984050256667,312.91876125159337
2.4642857142857144,0.21,0.015,269.4938069051111,12.214246634198469,-0.28477337323132956,0.0,262927.3227800128,6289.021857056616,20471939.102464415,402.0983851628115,312.9187535228135
2.4642857142857144,0.23,-0.005,269.48262482389896,12.130821757815971,-0.3076761587813457,0.0,262923.1629001813,6289.021857643508,20470844.4154411,402.09356466355,312.91687782622176
2.4642857142857144,0.23,0.005,269.48262482389896,12.130816093925281,-0.30764152971030767,0.0,262923.1751817416,6289.021857646278,20470848.70886875,402.09358357264597,312.91688518393113
2.4642857142857144,0.23,0.015,269.48262482389896,12.130821757815971,-0.3076761587813457,0.0,262923.1629001813,6289.021857643508,20470844.4154411,402.09356466355,312.91687782622176
2.4642857142857144,0.25,-0.005,269.4706334180929,12.039860368213255,-0.32947623780772417,0.0,262918.6912930943,6289.021858509936,20469670.520172592,402.0883952584171,312.9148663549429
2.4642857142857144,0.25,0.005,269.4706334180929,12.039854514965832,-0.32943926486496045,0.0,262918.7029032288,6289.021858512648,20469674.58134074,402.0884131454364,312.9148733149973
2.4642857142857144,0.25,0.015,269.4706334180929,12.039860368213255,-0.32947623780772417,0.0,262918.6912930943,6289.021858509936,20469670.520172592,402.0883952584171,312.9148663549429
2.4642857142857144,0.27,-0.005,269.45788351942787,11.9413683836724,-0.3500978954825236,0.0,262913.9243096479,6289.021859698525,20468422.397183795,402.08289885685656,312.9127276316451
2.4642857142857144,0.27,0.005,269.45788351942787,11.941362329241922,-0.35005873478424804,0.0,262913.9352065672,6289.021859701177,20468426.211609416,402.08291565796736,312.9127341692041
2.4642857142857144,0.27,0.015,269.45788351942787,11.9413683836724,-0.3500978954825236,0.0,262913.9243096479,6289.021859698525,20468422.397183795,402.08289885685656,312.9127276316451
2.4642857142857144,0.29,-0.005,269.44442891478315,11.83535159494227,-0.36947009548090554,0.0,262908.8792996751,6289.021861250825,20467105.31617299,402.07709864271857,312.9104706749611
2.4642857142857144,0.29,0.005,269.44442891478315,11.835345328363308,-0.3694289115650686,0.0,262908.8894447285,6289.021861253417,20467108.870453455,402.07711429882687,312.91047676702675
2.4642857142857144,0.29,0.015,269.44442891478315,11.83535159494227,-0.36947009548090554,0.0,262908.8792996751,6289.021861250825,20467105.31617299,402.07709864271857,312.9104706749611
2.4642857142857144,0.31,-0.005,269.43032607453716,11.721815551720926,-0.38752671813746914,0.0,262903.5745353204,6289.0218632067545,20465724.809342265,402.071018957453,312.90810495408834
2.4642857142857144,0.31,0.005,269.43032607453716,11.721809062934744,-0.3874836831408919,0.0,262903.583893143,6289.0218632092865,20465728.091206297,402.07103341442746,312.9081105795926
2.4642857142857144,0.31,0.015,269.43032607453716,11.721815551720926,-0.38752671813746914,0.0,262903.5745353204,6289.0218632067545,20465724.809342265,402.071018957453,312.90810495408834
2.4642857142857144,0.33,-0.005,269.41563387269235,11.600765489308387,-0.4042067715767434,0.0,262898.0291325792,6289.021865603968,20464286.643922158,402.0646851796758,312.90564034197604
2.4642857142857144,0.33,0.005,269.41563387269235,11.600758769206038,-0.40416206438971336,0.0,262898.0376712216,6289.021865606441,20464289.642274667,402.06469838854633,312.905645481858
2.4642857142857144,0.33,0.015,269.41563387269235,11.600765489308387,-0.4042067715767434,0.0,262898.0291325792,6289.021865603968,20464286.643922158,402.0646851796758,312.90564034197604
2.4642857142857144,0.35,-0.005,269.40041330033574,11.472206233514934,-0.419454574854339,0.0,262892.26297069754,6289.021868477155,20462796.794045568,402.0581236017886,312.90308706736266
2.4642857142857144,0.35,0.005,269.40041330033574,11.472199273975562,-0.41940838025882726,0.0,262892.2706617374,6289.021868479568,20462799.499006286,402.0581355189184,312.90309170463576
2.4642857142857144,0.35,0.015,269.40041330033574,11.472206233514934,-0.419454574854339,0.0,262892.26297069754,6289.021868477155,20462796.794045568,402.0581236017886,312.90308706736266
2.4642857142857144,0.37,-0.005,269.38472717480875,11.336142049681706,-0.433219912535,0.0,262886.2966098667,6289.0218718576625,20461261.41221579,402.0513613048928,312.90045566614555
2.4642857142857144,0.37,0.005,269.38472717480875,11.336134843606711,-0.43317242033250486,0.0,262886.3034285015,6289.021871860017,20461263.81515158,402.0513718921218,312.90045978595344
2.4642857142857144,0.37,0.015,269.38472717480875,11.336142049681706,-0.433219912535,0.0,262886.2966098667,6289.0218718576625,20461261.41221579,402.0513613048928,312.90045566614555
2.4642857142857144,0.39,-0.005,269.3686398466687,11.192576519959893,-0.44545816111604514,0.0,262880.1512085082,6289.021875772717,20459686.800551448,402.0444260324544,312.8977569322607
2.4642857142857144,0.39,0.005,269.3686398466687,11.19256906130286,-0.44540956525082787,0.0,262880.1571336295,6289.021875775018,20459688.89410228,402.0444352572162,312.89776052192275
2.4642857142857144,0.39,0.015,269.3686398466687,11.192576519959893,-0.44545816111604514,0.0,262880.1512085082,6289.021875772717,20459686.800551448,402.0444260324544,312.8977569322607
2.4642857142857144,0.41,-0.005,269.35221690612997,11.041512427625928,-0.45613038706665315,0.0,262873.84844072064,6289.021880245162,20458079.382002164,402.0373460639914,312.8950018685653
2.4642857142857144,0.41,0.005,269.35221690612997,11.04150471141893,-0.4560808847498531,0.0,262873.8534549707,6289.02188024741,20458081.16010084,402.037353899402,312.89500491761146
2.4642857142857144,0.41,0.015,269.35221690612997,11.041512427625928,-0.45613038706665315,0.0,262873.84844072064,6289.021880245162,20458079.382002164,402.0373460639914,312.8950018685653
2.4642857142857144,0.43,-0.005,269.3355248909105,10.882951699276731,-0.46520341728182635,0.0,262867.4104146262,6289.021885292811,20456445.671696685,402.03015008906533,312.892201637834
2.4642857142857144,0.43,0.005,269.3355248909105,10.882943721652532,-0.4651532081215894,0.0,262867.4145044357,6289.021885295009,20456447.129582334,402.0301565139854,312.89220413802883
2.4642857142857144,0.43,0.015,269.3355248909105,10.882951699276731,-0.46520341728182635,0.0,262867.4104146262,6289.021885292811,20456445.671696685,402.03015008906533,312.892201637834
2.4642857142857144,0.45,-0.005,269.31863099708664,10.716895327648459,-0.47264988148711606,0.0,262860.8595914471,6289.021890928116,20454792.24860209,402.02286708268383,312.8893675142972
2.4642857142857144,0.45,0.005,269.31863099708664,10.716887085859367,-0.47259916662951296,0.0,262860.8627470559,6289.0218909302685,20454793.382827558,402.0228720817539,312.88936945965406
2.4642857142857144,0.45,0.015,269.31863099708664,10.716895327648459,-0.47264988148711606,0.0,262860.8595914471,6289.021890928116,20454792.24860209,402.02286708268383,312.8893675142972
2.4642857142857144,0.47,-0.005,269.30160279446534,10.543343293326481,-0.47844822721820446,0.0,262854.218705811,6289.021897157789,20453125.727631055,402.01552618254345,312.8865108358899
2.4642857142857144,0.47,0.005,269.30160279446534,10.543334785759528,-0.47839720850329087,0.0,262854.2209212706,6289.021897159899,20453126.53606437,402.0155297461929,312.88651222267447
2.4642857142857144,0.47,0.015,269.30160279446534,10.543343293326481,-0.47844822721820446,0.0,262854.218705811,6289.021897157789,20453125.727631055,402.01552618254345,312.8865108358899
2.4642857142857144,0.49,-0.005,269.28450794743554,10.362294367563422,-0.4825827069816518,0.0,262847.51068636327,6289.02190398244,20451452.73229364,402.0081565685638,312.8836429573855
2.4642857142857144,0.49,0.005,269.28450794743554,10.36228559375016,-0.48253158611855373,0.0,262847.5119595234,6289.021903984511,20451453.214113697,402.00815869299475,312.88364378410967
2.4642857142857144,0.49,0.015,269.28450794743554,10.362294367563422,-0.4825827069816518,0.0,262847.51068636327,6289.02190398244,20451452.73229364,402.0081565685638,312.8836429573855
2.4642857142857144,0.51,-0.005,269.2674139429612,10.173746001585117,-0.48504334125118326,0.0,262840.7585795139,6289.02191139649,20449779.868064255,402.00078734558787,312.8807752047549
2.4642857142857144,0.51,0.005,269.2674139429612,10.173736962206897,-0.4849923190156819,0.0,262840.75891199266,6289.021911398529,20449780.023751006,402.0007880327351,312.88077547216125
2.4642857142857144,0.51,0.015,269.2674139429612,10.173746001585117,-0.48504334125118326,0.0,262840.7585795139,6289.02191139649,20449779.868064255,402.00078734558787,312.8807752047549
2.4642857142857144,0.53,-0.005,269.25038783003464,9.977694178551648,-0.48582585273076573,0.0,262833.9854760323,6289.021919387929,20448113.69687284,401.9934474308421,312.8779188313712
2.4642857142857144,0.53,0.005,269.25038783003464,9.977684875440815,-0.4857751281869889,0.0,262833.9848731712,6289.021919389937,20448113.528192285,401.9934466883092,312.87791854240857
2.4642857142857144,0.53,0.015,269.25038783003464,9.977694178551648,-0.48582585273076573,0.0,262833.9854760323,6289.021919387929,20448113.69687284,401.9934474308421,312.8779188313712
2.4642857142857144,0.55,-0.005,269.2334959616193,9.77413356030525,-0.48493158954275567,0.0,262827.2144413268,6289.021927937995,20446460.711845446,401.98616544234864,312.8750849745789
2.4642857142857144,0.55,0.005,269.2334959616193,9.774123996447946,-0.48488135929823756,0.0,262827.2129121299,6289.021927939977,20446460.221829217,401.98616328332105,312.8750841343685
2.4642857142857144,0.55,0.015,269.2334959616193,9.77413356030525,-0.48493158954275567,0.0,262827.2144413268,6289.021927937995,20446460.711845446,401.98616544234864,312.8750849745789
2.4642857142857144,0.57,-0.005,269.2168037426478,9.563057237067456,-0.48236742261798,0.0,262820.46844359156,6289.0219370213335,20444827.312658347,401.97896959015327,312.87228461335235
2.4642857142857144,0.57,0.005,269.2168037426478,9.563047416599492,-0.48231788010301574,0.0,262820.4660006533,6289.0219370232935,20444826.50557909,401.978966033293,312.8722832291469
2.4642857142857144,0.57,0.015,269.2168037426478,9.563057237067456,-0.48236742261798,0.0,262820.46844359156,6289.0219370213335,20444827.312658347,401.97896959015327,312.87228461335235
2.4642857142857144,0.59,-0.005,269.20037540711826,9.344456654508521,-0.4781456043491682,0.0,262813.77029197366,6289.021946605846,20443219.783738717,401.9718875798538,312.8695285307348
2.4642857142857144,0.59,0.005,269.20037540711826,9.344446582704665,-0.4780969391305455,0.0,262813.7669513915,6289.021946607789,20443218.665080737,401.9718826491716,312.86952661186905
2.4642857142857144,0.59,0.015,269.20037540711826,9.344456654508521,-0.4781456043491682,0.0,262813.77029197366,6289.021946605846,20443219.783738717,401.9718875798538,312.8695285307348
2.4642857142857144,0.61,-0.005,269.18427379033943,9.118321664101146,-0.4722836291430221,0.0,262807.1425747042,6289.021956652832,20441644.272005055,401.96494651413263,312.86682727549584
2.4642857142857144,0.61,0.005,269.18427379033943,9.118311347366614,-0.47223602626955624,0.0,262807.1383559805,6289.021956654762,20441642.8484308,401.9649402388438,312.8668248333305
2.4642857142857144,0.61,0.015,269.18427379033943,9.118321664101146,-0.4722836291430221,0.0,262807.1425747042,6289.021956652832,20441644.272005055,401.96494651413263,312.86682727549584
2.4642857142857144,0.63,-0.005,269.16856011140396,8.884640264120307,-0.46480405929906704,0.0,262800.60759724356,6289.021967116992,20440106.76560937,401.958172798554,312.8641911254427
2.4642857142857144,0.63,0.005,269.16856011140396,8.884629709978027,-0.46475769869080025,0.0,262800.60252317844,6289.021967118912,20440105.044923007,401.95816521291914,312.86418817330275
2.4642857142857144,0.63,0.015,269.16856011140396,8.884640264120307,-0.46480405929906704,0.0,262800.60759724356,6289.021967116992,20440106.76560937,401.958172798554,312.8641911254427
2.4642857142857144,0.65,-0.005,269.15329378303784,8.643398555876818,-0.45573435847473437,0.0,262794.18733055366,6289.021977946743,20438613.075377714,401.9515920593268,312.8616300553842
2.4642857142857144,0.65,0.005,269.15329378303784,8.64338777294547,-0.45568941431712434,0.0,262794.1814271198,6289.021977948656,20438611.06648254,401.95158320246634,312.86162660848674
2.4642857142857144,0.65,0.015,269.15329378303784,8.643398555876818,-0.45573435847473437,0.0,262794.18733055366,6289.021977946743,20438613.075377714,401.9515920593268,312.8616300553842
2.4642857142857144,0.67,-0.005,269.13853221360785,8.39458066237786,-0.4451066826217779,0.0,262787.90335682494,6289.021989084261,20437168.81547194,401.9452290574237,312.8591537036725
2.4642857142857144,0.67,0.005,269.13853221360785,8.394569660356735,-0.44506332283894123,0.0,262787.89665304474,6289.021989086171,20437166.528328385,401.9452189731348,312.8591497790556
2.4642857142857144,0.67,0.015,269.13853221360785,8.39458066237786,-0.4451066826217779,0.0,262787.90335682494,6289.021989084261,20437168.81547194,401.9452290574237,312.8591537036725
2.4642857142857144,0.69,-0.005,269.1243306276472,8.138168750508006,-0.4329576696647885,0.0,262781.7768216455,6289.022000465849,20435779.38588462,401.93910761088546,312.8567713419268
2.4642857142857144,0.69,0.005,269.1243306276472,8.13815754015498,-0.4329160553971035,0.0,262781.76934945176,6289.022000467758,20435776.831462856,401.93909634743363,312.85676695836827
2.4642857142857144,0.69,0.015,269.1243306276472,8.138168750508006,-0.4329576696647885,0.0,262781.7768216455,6289.022000465849,20435779.38588462,401.93910761088546,312.8567713419268
2.4642857142857144,0.71,-0.005,269.1107419000312,7.874142757701908,-0.4193282141779696,0.0,262775.82838776696,6289.0220120223075,20434449.95626991,401.9332505229643,312.85449184702645
2.4642857142857144,0.71,0.005,269.1107419000312,7.874131350808003,-0.41928849930186735,0.0,262775.82018185925,6289.0220120242175,20434447.14650058,401.9332381328687,312.85448702496075
2.4642857142857144,0.71,0.015,269.1107419000312,7.874142757701908,-0.4193282141779696,0.0,262775.82838776696,6289.0220120223075,20434449.95626991,401.9332505229643,312.85449184702645
2.4642857142857144,0.73,-0.005,269.0978163998461,7.602480562455497,-0.40426323715523094,0.0,262770.07819544716,6289.022023679019,20433185.4507167,401.9276795142451,312.8523236746507
2.4642857142857144,0.73,0.005,269.0978163998461,7.602468971818453,-0.40422556783708224,0.0,262770.06929314,6289.022023680933,20433182.398439277,401.9276660540502,312.85231843607977
2.4642857142857144,0.73,0.015,269.0978163998461,7.602480562455497,-0.40426323715523094,0.0,262770.07819544716,6289.022023679019,20433185.4507167,401.9276795142451,312.8523236746507
2.4642857142857144,0.75,-0.005,269.08560184523174,7.323158093887098,-0.38781144433516596,0.0,262764.5458254886,6289.022035356374,20431990.533608433,401.92241515970005,312.85027483473624
2.4642857142857144,0.75,0.005,269.08560184523174,7.323146333284767,-0.3877759586184338,0.0,262764.5362665554,6289.022035358291,20431987.252517615,401.922400689741,312.8502692031385
2.4642857142857144,0.75,0.015,269.08560184523174,7.323158093887098,-0.38781144433516596,0.0,262764.5458254886,6289.022035356374,20431990.533608433,401.92241515970005,312.85027483473624
2.4642857142857144,0.77,-0.005,269.07414316795285,7.036148968369382,-0.37002506585924916,0.0,262759.2502617319,6289.022046970304,20430869.596438743,401.91747682999176,312.8483528685882
2.4642857142857144,0.77,0.005,269.07414316795285,7.0361370525299005,-0.36999189328390636,0.0,262759.2400882432,6289.022046972226,20430866.101029135,401.9174614141501,312.8483468688234
2.4642857142857144,0.77,0.015,269.07414316795285,7.036148968369382,-0.37002506585924916,0.0,262759.2502617319,6289.022046970304,20430869.596438743,401.91747682999176,312.8483528685882
2.4642857142857144,0.79,-0.005,269.0634823885487,6.741424542651441,-0.35095959699390267,0.0,262754.20986009284,6289.0220584325625,20429826.745654866,401.91288263718843,312.84656482770737
2.4642857142857144,0.79,0.005,269.0634823885487,6.741412487222173,-0.35092885824715164,0.0,262754.19911624957,6289.022058434489,20429823.051164024,401.9128663426412,312.84655848591865
2.4642857142857144,0.79,0.015,269.0634823885487,6.741424542651441,-0.35095959699390267,0.0,262754.20986009284,6289.0220584325625,20429826.745654866,401.91288263718843,312.84656482770737
2.4642857142857144,0.81,-0.005,269.0536585012706,6.4389539554431705,-0.3306735320291487,0.0,262749.4423204574,6289.022069651022,20428865.791458268,401.9086493847134,312.84491725426625
2.4642857142857144,0.81,0.005,269.0536585012706,6.438941776957919,-0.330645338626367,0.0,262749.4310524215,6289.022069652953,20428861.91380858,401.9086322816762,312.8449105977806
2.4642857142857144,0.81,0.015,269.0536585012706,6.4389539554431705,-0.3306735320291487,0.0,262749.4423204574,6289.022069651022,20428865.791458268,401.9086493847134,312.84491725426625
2.4642857142857144,0.83,-0.005,269.0447073674542,6.128703555578856,-0.30922807927662116,0.0,262744.9646575684,6289.022080530385,20427990.23744264,401.90479252120844,312.84341616310945
2.4642857142857144,0.83,0.005,269.0447073674542,6.1286912714206006,-0.309202533271373,0.0,262744.95291328983,6289.022080532319,20427986.193182066,401.9047746826736,312.8434092203355
2.4642857142857144,0.83,0.015,269.0447073674542,6.128703555578856,-0.30922807927662116,0.0,262744.9646575684,6289.022080530385,20427990.23744264,401.90479252120844,312.84341616310945
2.4642857142857144,0.85,-0.005,269.03666161924576,5.81063735144685,-0.28668689455352353,0.0,262740.79318188265,6289.022090972191,20427203.271221,401.90132609845534,312.84206702533544
2.4642857142857144,0.85,0.005,269.03666161924576,5.810624979812289,-0.2866640882756892,0.0,262740.78101092414,6289.022090974125,20427199.07746293,401.9013075999259,312.84205982566
2.4642857142857144,0.85,0.015,269.03666161924576,5.81063735144685,-0.28668689455352353,0.0,262740.79318188265,6289.022090972191,20427203.271221,401.90132609845534,312.84206702533544
2.4642857142857144,0.87,-0.005,269.0295505721202,5.484717418176343,-0.2631158094845022,0.0,262736.9434822433,6289.022100874983,20426507.755915098,401.8982627332114,312.8408747534034
2.4642857142857144,0.87,0.005,269.0295505721202,5.484704978042894,-0.26309582530552184,0.0,262736.9309356024,6289.022100876916,20426503.43027743,401.898243652431,312.840867327086
2.4642857142857144,0.87,0.015,269.0295505721202,5.484717418176343,-0.2631158094845022,0.0,262736.9434822433,6289.022100874983,20426507.755915098,401.8982627332114,312.8408747534034
2.4642857142857144,0.89,-0.005,269.0234001444637,5.150903531304002,-0.23858253817076694,0.0,262733.4304062211,6289.022110134779,20425906.222342756,401.89561357232645,312.8398436875203
2.4642857142857144,0.89,0.005,269.0234001444637,5.150891042392563,-0.23856544829487014,0.0,262733.4175361517,6289.022110136706,20425901.78288648,401.8955939890075,312.8398360655878
2.4642857142857144,0.89,0.015,269.0234001444637,5.150903531304002,-0.23858253817076694,0.0,262733.4304062211,6289.022110134779,20425906.222342756,401.89561357232645,312.8398436875203
2.4642857142857144,0.91,-0.005,269.0182327832484,4.809152154398258,-0.21315636740841773,0.0,262730.2680400942,6289.022118645432,20425400.861793738,401.8933882604568,312.8389775830424
2.4642857142857144,0.91,0.005,269.0182327832484,4.809139637122756,-0.21314223368869767,0.0,262730.25489992526,6289.022118647349,20425396.326960955,401.8933682560044,312.83896979718094
2.4642857142857144,0.91,0.015,269.0182327832484,4.809152154398258,-0.21315636740841773,0.0,262730.2680400942,6289.022118645432,20425400.861793738,401.8933882604568,312.8389775830424
2.4642857142857144,0.93,-0.005,269.0140674024955,4.45941802558564,-0.18690790973891444,0.0,262727.4697062546,6289.022126298253,20424993.52002977,401.89159491289354,312.83827959987025
2.4642857142857144,0.93,0.005,269.0140674024955,4.459405501017266,-0.18689678351821445,0.0,262727.4563502096,6289.022126300156,20424988.908581503,401.89157457013073,312.8382716823185
2.4642857142857144,0.93,0.015,269.0140674024955,4.45941802558564,-0.18690790973891444,0.0,262727.4697062546,6289.022126298253,20424993.52002977,401.89159491289354,312.83827959987025
2.4642857142857144,0.95,-0.005,269.0109193277019,4.10165436028062,-0.15990881702876353,0.0,262725.0479546594,6289.022132983955,20424685.691935662,401.8902400924448,312.83775229342626
2.4642857142857144,0.95,0.005,269.0109193277019,4.10164185010305,-0.1599007390045057,0.0,262725.0344376743,6289.022132985836,20424681.022889365,401.89021949533424,312.83774427686706
2.4642857142857144,0.95,0.015,269.0109193277019,4.10165436028062,-0.15990881702876353,0.0,262725.0479546594,6289.022132983955,20424685.691935662,401.8902400924448,312.83775229342626
2.4642857142857144,0.97,-0.005,269.00880019676526,3.735753387834476,-0.1322298602269665,0.0,262723.01439618727,6289.022138787199,20424478.51792176,401.88932888598947,312.8373976444295
2.4642857142857144,0.97,0.005,269.00880019676526,3.7357409132586628,-0.13222486036120434,0.0,262723.0007737389,6289.022138789058,20424473.81049305,401.8893081193761,312.8373895618892
2.4642857142857144,0.97,0.015,269.00880019676526,3.735753387834476,-0.1322298602269665,0.0,262723.01439618727,6289.022138787199,20424478.51792176,401.88932888598947,312.8373976444295
2.4642857142857144,0.99,-0.005,269.00771152061407,3.3545268716470864,-0.10374723741446254,0.0,262721.36130071105,6289.022161062466,20424372.696758512,401.8888726639812,312.8372200789456
2.4642857142857144,0.99,0.005,269.00771152061407,3.3545144456534994,-0.10374522143767956,0.0,262721.3476013196,6289.022161064336,20424367.960805353,401.8888517714488,312.83721194739195
2.4642857142857144,0.99,0.015,269.00771152061407,3.3545268716470864,-0.10374723741446254,0.0,262721.36130071105,6289.022161062466,20424372.696758512,401.8888726639812,312.8372200789456
2.4642857142857144,1.01,-0.005,269.0076807853924,3.8086143228627616e-07,-1.1779104166644207e-08,0.0,262721.35272258,6289.036174361486,20424807.545843266,401.8974747873471,312.8405680815201
2.4642857142857144,1.01,0.005,269.00765005017064,-3.3545268716470864,0.10374723741446254,0.0,262721.34414444707,6289.022161272043,20424366.72514982,401.88884641922,312.83720986425834
2.4642857142857144,1.01,0.015,269.0076807853924,3.8086143228627616e-07,-1.1779104166644207e-08,0.0,262721.35272258,6289.036174361486,20424807.545843266,401.8974747873471,312.8405680815201
2.5357142857142856,-0.01,-0.005,269.552522322543,12.632754433759324,-0.004832869842294914,0.0,262949.027952725,6289.0218579899465,20477687.46573097,402.1236969507736,312.92860236676165
2.5357142857142856,-0.01,0.005,269.552522322543,12.632754433759324,0.0,0.0,262949.02795272507,6289.0218580189885,20477687.466640726,402.12369696863857,312.92860237371286
2.5357142857142856,-0.01,0.015,269.552522322543,12.632754433759324,-0.004832869842294914,0.0,262949.027952725,6289.0218579899465,20477687.46573097,402.1236969507736,312.92860236676165
2.5357142857142856,0.01,-0.005,269.552522322543,12.632754433759324,-0.014498609526884745,0.0,262949.02795272507,6289.021857757614,20477687.45845299,402.1236968078547,312.92860231115264
2.5357142857142856,0.01,0.005,269.552522322543,12.632754433759324,-0.014498609526884745,0.0,262949.02795272507,6289.021857757614,20477687.45845299,402.1236968078547,312.92860231115264
2.5357142857142856,0.01,0.015,269.552522322543,12.632754433759324,-0.014498609526884745,0.0,262949.02795272507,6289.021857757614,20477687.45845299,402.1236968078547,312.92860231115264
2.5357142857142856,0.03,-0.005,269.55141221361595,12.625001105036935,-0.043454004703456374,0.0,262948.61805316235,6289.021857633302,20477578.780911382,402.1232182678772,312.9284161136069
2.5357142857142856,0.03,0.005,269.55141221361595,12.625001105036935,-0.043454004703456374,0.0,262948.61805316235,6289.021857633302,20477578.780911382,402.1232182678772,312.9284161136069
2.5357142857142856,0.03,0.015,269.55141221361595,12.625001105036935,-0.043454004703456374,0.0,262948.61805316235,6289.021857633302,20477578.780911382,402.1232182678772,312.9284161136069
2.5357142857142856,0.05,-0.005,269.54919661400197,12.60965066904803,-0.07225162521229286,0.0,262947.8016629736,6289.02185747775,20477361.85859433,402.1222631318127,312.9280444745424
2.5357142857142856,0.05,0.005,269.5491966140019,12.60965066904803,-0.07225162521229286,0.0,262947.80166297365,6289.02185747775,20477361.858594332,402.1222631318128,312.9280444745424
2.5357142857142856,0.05,0.015,269.54919661400197,12.60965066904803,-0.07225162521229286,0.0,262947.8016629736,6289.02185747775,20477361.85859433,402.1222631318127,312.9280444745424
2.5357142857142856,0.07,-0.005,269.5458851333893,12.586717420086716,-0.1007872105953054,0.0,262946.5820167796,6289.021857275957,20477037.64396951,402.1208355743286,312.92748901764617
2.5357142857142856,0.07,0.005,269.5458851333893,12.586717420086716,-0.1007872105953054,0.0,262946.5820167796,6289.021857275957,20477037.64396951,402.1208355743286,312.92748901764617
2.5357142857142856,0.07,0.015,269.5458851333893,12.586717420086716,-0.1007872105953054,0.0,262946.5820167796,6289.021857275957,20477037.64396951,402.1208355743286,312.92748901764617
2.5357142857142856,0.09,-0.005,269.54149220286456,12.556205775575668,-0.12895755336410605,0.0,262944.9637238026,6289.021857051443,20476607.551755305,402.11894181814506,312.92675216318275
2.5357142857142856,0.09,0.005,269.54149220286456,12.556205775575668,-0.12895755336410608,0.0,262944.9637238026,6289.021857051443,20476607.551755305,402.11894181814506,312.92675216318275
2.5357142857142856,0.09,0.015,269.54149220286456,12.556205775575668,-0.12895755336410605,0.0,262944.9637238026,6289.021857051443,20476607.551755305,402.11894181814506,312.92675216318275
2.5357142857142856,0.11,-0.005,269.53603693620323,12.518119873439158,-0.15666096681407576,0.0,262942.9528696521,6289.021856832754,20476073.4556232,402.11659010390025,312.9258371162898
2.5357142857142856,0.11,0.005,269.53603693620323,12.518119873439158,-0.15666096681407576,0.0,262942.9528696521,6289.021856832754,20476073.4556232,402.11659010390025,312.9258371162898
2.5357142857142856,0.11,0.015,269.53603693620323,12.518119873439158,-0.15666096681407576,0.0,262942.9528696521,6289.021856832754,20476073.4556232,402.11659010390025,312.9258371162898
2.5357142857142856,0.13,-0.005,269.52954302368255,12.4724641618846,-0.18379770631844886,0.0,262940.5569938789,6289.021856652121,20475437.677722976,402.1137906438827,312.92474784900304
2.5357142857142856,0.13,0.005,269.52954302368255,12.4724641618846,-0.18379770631844888,0.0,262940.5569938789,6289.021856652121,20475437.677722976,402.1137906438827,312.92474784900304
2.5357142857142856,0.13,0.015,269.52954302368255,12.4724641618846,-0.18379770631844886,0.0,262940.5569938789,6289.021856652121,20475437.677722976,402.1137906438827,312.92474784900304
2.5357142857142856,0.15,-0.005,269.5220386015767,12.419243550861836,-0.21027037666233683,0.0,262937.7850556538,6289.021856545019,20474702.97585351,402.11055556592703,312.92348907845945
2.5357142857142856,0.15,0.005,269.5220386015767,12.419243550861836,-0.21027037666233683,0.0,262937.7850556538,6289.021856545019,20474702.97585351,402.11055556592703,312.92348907845945
2.5357142857142856,0.15,0.015,269.5220386015767,12.419243550861836,-0.21027037666233683,0.0,262937.7850556538,6289.021856545019,20474702.97585351,402.11055556592703,312.92348907845945
2.5357142857142856,0.17,-0.005,269.5135560961785,12.358463330921628,-0.23598432371439457,0.0,262934.6473894571,6289.02185654966,20473872.528131347,402.10689884634996,312.9220662408415
2.5357142857142856,0.17,0.005,269.5135560961785,12.358463330921628,-0.23598432371439457,0.0,262934.6473894571,6289.02185654966,20473872.528131347,402.10689884634996,312.9220662408415
2.5357142857142856,0.17,0.015,269.5135560961785,12.358463330921628,-0.23598432371439457,0.0,262934.6473894571,6289.02185654966,20473872.528131347,402.10689884634996,312.9220662408415
2.5357142857142856,0.19,-0.005,269.5041320462275,12.290129102647565,-0.26084801036823757,0.0,262931.1556548635,6289.021856706252,20472949.91553306,402.1028362334938,312.9204854616706
2.5357142857142856,0.19,0.005,269.5041320462275,12.290129102647565,-0.26084801036823757,0.0,262931.1556548635,6289.021856706252,20472949.91553306,402.1028362334938,312.9204854616706
2.5357142857142856,0.19,0.015,269.5041320462275,12.290129102647565,-0.26084801036823757,0.0,262931.1556548635,6289.021856706252,20472949.91553306,402.1028362334938,312.9204854616706
2.5357142857142856,0.21,-0.005,269.4938069051111,12.21424663419847,-0.2847733732313296,0.0,262927.3227800128,6289.021857056616,20471939.102464415,402.0983851628115,312.9187535228135
2.5357142857142856,0.21,0.005,269.4938069051111,12.214246634198469,-0.28477337323132956,0.0,262927.3227800128,6289.021857056616,20471939.10246442,402.0983851628115,312.9187535228135
2.5357142857142856,0.21,0.015,269.4938069051111,12.21424663419847,-0.2847733732313296,0.0,262927.3227800128,6289.021857056616,20471939.102464415,402.0983851628115,312.9187535228135
2.5357142857142856,0.23,-0.005,269.48262482389896,12.130821757815971,-0.3076761587813457,0.0,262923.1629001813,6289.021857643508,20470844.4154411,402.09356466355,312.91687782622176
2.5357142857142856,0.23,0.005,269.4826248238989,12.130821757815971,-0.3076761587813457,0.0,262923.1629001813,6289.021857643508,20470844.4154411,402.09356466355,312.91687782622176
2.5357142857142856,0.23,0.015,269.48262482389896,12.130821757815971,-0.3076761587813457,0.0,262923.1629001813,6289.021857643508,20470844.4154411,402.09356466355,312.91687782622176
2.5357142857142856,0.25,-0.005,269.4706334180929,12.039860368213255,-0.32947623780772417,0.0,262918.6912930943,6289.021858509936,20469670.520172592,402.0883952584171,312.9148663549429
2.5357142857142856,0.25,0.005,269.4706334180929,12.039860368213255,-0.32947623780772417,0.0,262918.6912930943,6289.021858509936,20469670.520172592,402.0883952584171,312.9148663549429
2.5357142857142856,0.25,0.015,269.4706334180929,12.039860368213255,-0.32947623780772417,0.0,262918.6912930943,6289.021858509936,20469670.520172592,402.0883952584171,312.9148663549429
2.5357142857142856,0.27,-0.005,269.4578835194279,11.9413683836724,-0.3500978954825236,0.0,262913.9243096479,6289.021859698525,20468422.397183795,402.08289885685656,312.9127276316451
2.5357142857142856,0.27,0.005,269.4578835194279,11.9413683836724,-0.3500978954825237,0.0,262913.9243096479,6289.021859698525,20468422.397183795,402.08289885685656,312.9127276316451
2.5357142857142856,0.27,0.015,269.4578835194279,11.9413683836724,-0.3500978954825236,0.0,262913.9243096479,6289.021859698525,20468422.397183795,402.08289885685656,312.9127276316451
2.5357142857142856,0.29,-0.005,269.44442891478315,11.83535159494227,-0.36947009548090554,0.0,262908.8792996751,6289.021861250825,20467105.31617299,402.07709864271857,312.9104706749611
2.5357142857142856,0.29,0.005,269.44442891478315,11.83535159494227,-0.36947009548090554,0.0,262908.87929967506,6289.021861250825,20467105.316172983,402.0770986427185,312.91047067496106
2.5357142857142856,0.29,0.015,269.44442891478315,11.83535159494227,-0.36947009548090554,0.0,262908.8792996751,6289.021861250825,20467105.31617299,402.07709864271857,312.9104706749611
2.5357142857142856,0.31,-0.005,269.43032607453716,11.721815551720924,-0.3875267181374691,0.0,262903.57453532034,6289.0218632067545,20465724.809342265,402.0710189574529,312.9081049540883
2.5357142857142856,0.31,0.005,269.43032607453716,11.721815551720926,-0.38752671813746914,0.0,262903.5745353204,6289.0218632067545,20465724.80934227,402.071018957453,312.90810495408834
2.5357142857142856,0.31,0.015,269.43032607453716,11.721815551720924,-0.3875267181374691,0.0,262903.57453532034,6289.0218632067545,20465724.809342265,402.0710189574529,312.9081049540883
2.5357142857142856,0.33,-0.005,269.4156338726924,11.600765489308387,-0.4042067715767434,0.0,262898.0291325792,6289.021865603968,20464286.643922158,402.0646851796758,312.90564034197604
2.5357142857142856,0.33,0.005,269.4156338726924,11.600765489308387,-0.4042067715767434,0.0,262898.0291325792,6289.021865603968,20464286.643922158,402.0646851796758,312.90564034197604
2.5357142857142856,0.33,0.015,269.4156338726924,11.600765489308387,-0.4042067715767434,0.0,262898.0291325792,6289.021865603968,20464286.643922158,402.0646851796758,312.90564034197604
2.5357142857142856,0.35,-0.005,269.4004133003358,11.472206233514934,-0.41945457485433907,0.0,262892.2629706976,6289.021868477155,20462796.79404557,402.05812360178874,312.90308706736266
2.5357142857142856,0.35,0.005,269.4004133003358,11.472206233514934,-0.41945457485433907,0.0,262892.26297069754,6289.021868477155,20462796.79404557,402.0581236017886,312.9030870673626
2.5357142857142856,0.35,0.015,269.4004133003358,11.472206233514934,-0.41945457485433907,0.0,262892.2629706976,6289.021868477155,20462796.79404557,402.05812360178874,312.90308706736266
2.5357142857142856,0.37,-0.005,269.38472717480875,11.336142049681705,-0.433219912535,0.0,262886.2966098667,6289.0218718576625,20461261.41221579,402.0513613048928,312.90045566614555
2.5357142857142856,0.37,0.005,269.3847271748088,11.336142049681705,-0.433219912535,0.0,262886.2966098667,6289.0218718576625,20461261.41221579,402.0513613048928,312.90045566614555
2.5357142857142856,0.37,0.015,269.38472717480875,11.336142049681705,-0.433219912535,0.0,262886.2966098667,6289.0218718576625,20461261.41221579,402.0513613048928,312.90045566614555
2.5357142857142856,0.39,-0.005,269.3686398466687,11.192576519959893,-0.44545816111604514,0.0,262880.1512085082,6289.021875772717,20459686.800551448,402.0444260324544,312.8977569322607
2.5357142857142856,0.39,0.005,269.3686398466687,11.192576519959893,-0.44545816111604514,0.0,262880.1512085082,6289.021875772717,20459686.800551448,402.0444260324544,312.8977569322607
2.5357142857142856,0.39,0.015,269.3686398466687,11.192576519959893,-0.44545816111604514,0.0,262880.1512085082,6289.021875772717,20459686.800551448,402.0444260324544,312.8977569322607
2.5357142857142856,0.41,-0.005,269.35221690613,11.041512427625928,-0.45613038706665315,0.0,262873.84844072064,6289.021880245162,20458079.382002164,402.0373460639914,312.8950018685653
2.5357142857142856,0.41,0.005,269.35221690613,11.041512427625928,-0.45613038706665315,0.0,262873.84844072064,6289.021880245162,20458079.382002164,402.0373460639914,312.8950018685653
2.5357142857142856,0.41,0.015,269.35221690613,11.041512427625928,-0.45613038706665315,0.0,262873.84844072064,6289.021880245162,20458079.382002164,402.0373460639914,312.8950018685653
2.5357142857142856,0.43,-0.005,269.3355248909105,10.882951699276731,-0.46520341728182635,0.0,262867.4104146262,6289.021885292811,20456445.671696685,402.03015008906533,312.892201637834
2.5357142857142856,0.43,0.005,269.3355248909105,10.882951699276731,-0.46520341728182635,0.0,262867.4104146262,6289.021885292811,20456445.671696685,402.03015008906533,312.892201637834
2.5357142857142856,0.43,0.015,269.3355248909105,10.882951699276731,-0.46520341728182635,0.0,262867.4104146262,6289.021885292811,20456445.671696685,402.03015008906533,312.892201637834
2.5357142857142856,0.45,-0.005,269.31863099708664,10.716895327648459,-0.47264988148711606,0.0,262860.8595914471,6289.021890928116,20454792.24860209,402.02286708268383,312.8893675142972
2.5357142857142856,0.45,0.005,269.31863099708664,10.716895327648459,-0.47264988148711606,0.0,262860.8595914471,6289.021890928116,20454792.24860209,402.02286708268383,312.8893675142972
2.5357142857142856,0.45,0.015,269.31863099708664,10.716895327648459,-0.47264988148711606,0.0,262860.8595914471,6289.021890928116,20454792.24860209,402.02286708268383,312.8893675142972
2.5357142857142856,0.47,-0.005,269.30160279446534,10.543343293326481,-0.4784482272182045,0.0,262854.2187058111,6289.021897157789,20453125.727631055,402.0155261825435,312.8865108358899
2.5357142857142856,0.47,0.005,269.30160279446534,10.543343293326481,-0.4784482272182045,0.0,262854.2187058111,6289.021897157789,20453125.727631055,402.0155261825435,312.8865108358899
2.5357142857142856,0.47,0.015,269.30160279446534,10.543343293326481,-0.4784482272182045,0.0,262854.2187058111,6289.021897157789,20453125.727631055,402.0155261825435,312.8865108358899
2.5357142857142856,0.49,-0.005,269.28450794743554,10.362294367563422,-0.4825827069816518,0.0,262847.5106863633,6289.02190398244,20451452.732293643,402.0081565685639,312.8836429573856
2.5357142857142856,0.49,0.005,269.28450794743554,10.362294367563422,-0.4825827069816518,0.0,262847.51068636327,6289.02190398244,20451452.732293643,402.0081565685638,312.8836429573855
2.5357142857142856,0.49,0.015,269.28450794743554,10.362294367563422,-0.4825827069816518,0.0,262847.5106863633,6289.02190398244,20451452.732293643,402.0081565685639,312.8836429573856
2.5357142857142856,0.51,-0.005,269.2674139429612,10.173746001585117,-0.48504334125118326,0.0,262840.7585795139,6289.02191139649,20449779.86806426,402.00078734558787,312.8807752047549
2.5357142857142856,0.51,0.005,269.2674139429612,10.173746001585117,-0.48504334125118326,0.0,262840.7585795139,6289.02191139649,20449779.86806426,402.00078734558787,312.8807752047549
2.5357142857142856,0.51,0.015,269.2674139429612,10.173746001585117,-0.48504334125118326,0.0,262840.7585795139,6289.02191139649,20449779.86806426,402.00078734558787,312.8807752047549
2.5357142857142856,0.53,-0.005,269.25038783003464,9.977694178551648,-0.48582585273076573,0.0,262833.9854760323,6289.021919387929,20448113.69687284,401.9934474308421,312.8779188313712
2.5357142857142856,0.53,0.005,269.25038783003464,9.977694178551648,-0.48582585273076573,0.0,262833.9854760323,6289.021919387929,20448113.69687284,401.9934474308421,312.8779188313712
2.5357142857142856,0.53,0.015,269.25038783003464,9.977694178551648,-0.48582585273076573,0.0,262833.9854760323,6289.021919387929,20448113.69687284,401.9934474308421,312.8779188313712
2.5357142857142856,0.55,-0.005,269.2334959616193,9.77413356030525,-0.48493158954275556,0.0,262827.2144413268,6289.021927937995,20446460.711845446,401.98616544234864,312.8750849745789
2.5357142857142856,0.55,0.005,269.2334959616193,9.77413356030525,-0.4849315895427556,0.0,262827.2144413268,6289.021927937996,20446460.711845443,401.98616544234864,312.8750849745789
2.5357142857142856,0.55,0.015,269.2334959616193,9.77413356030525,-0.48493158954275556,0.0,262827.2144413268,6289.021927937995,20446460.711845446,401.98616544234864,312.8750849745789
2.5357142857142856,0.57,-0.005,269.2168037426478,9.563057237067456,-0.48236742261797994,0.0,262820.46844359156,6289.0219370213335,20444827.312658343,401.97896959015327,312.87228461335235
2.5357142857142856,0.57,0.005,269.21680374264787,9.563057237067456,-0.48236742261797994,0.0,262820.46844359156,6289.0219370213335,20444827.312658343,401.97896959015327,312.87228461335235
2.5357142857142856,0.57,0.015,269.2168037426478,9.563057237067456,-0.48236742261797994,0.0,262820.46844359156,6289.0219370213335,20444827.312658343,401.97896959015327,312.87228461335235
2.5357142857142856,0.59,-0.005,269.20037540711826,9.344456654508521,-0.4781456043491682,0.0,262813.77029197366,6289.021946605846,20443219.783738717,401.9718875798538,312.8695285307348
2.5357142857142856,0.59,0.005,269.20037540711826,9.344456654508521,-0.4781456043491682,0.0,262813.77029197366,6289.021946605846,20443219.783738717,401.9718875798538,312.8695285307348
2.5357142857142856,0.59,0.015,269.20037540711826,9.344456654508521,-0.4781456043491682,0.0,262813.77029197366,6289.021946605846,20443219.783738717,401.9718875798538,312.8695285307348
2.5357142857142856,0.61,-0.005,269.18427379033943,9.118321664101146,-0.4722836291430221,0.0,262807.1425747042,6289.021956652832,20441644.272005055,401.96494651413263,312.86682727549584
2.5357142857142856,0.61,0.005,269.18427379033943,9.118321664101144,-0.4722836291430221,0.0,262807.14257470425,6289.021956652832,20441644.27200506,401.9649465141327,312.8668272754959
2.5357142857142856,0.61,0.015,269.18427379033943,9.118321664101146,-0.4722836291430221,0.0,262807.1425747042,6289.021956652832,20441644.272005055,401.96494651413263,312.86682727549584
2.5357142857142856,0.63,-0.005,269.16856011140396,8.884640264120307,-0.46480405929906704,0.0,262800.60759724356,6289.021967116992,20440106.76560937,401.958172798554,312.8641911254427
2.5357142857142856,0.63,0.005,269.168560111404,8.884640264120307,-0.46480405929906704,0.0,262800.60759724356,6289.021967116992,20440106.76560937,401.958172798554,312.8641911254427
2.5357142857142856,0.63,0.015,269.16856011140396,8.884640264120307,-0.46480405929906704,0.0,262800.60759724356,6289.021967116992,20440106.76560937,401.958172798554,312.8641911254427
2.5357142857142856,0.65,-0.005,269.15329378303784,8.643398555876818,-0.45573435847473437,0.0,262794.18733055366,6289.021977946743,20438613.075377714,401.9515920593268,312.8616300553842
2.5357142857142856,0.65,0.005,269.15329378303784,8.643398555876818,-0.45573435847473437,0.0,262794.18733055366,6289.021977946743,20438613.075377714,401.9515920593268,312.8616300553842
2.5357142857142856,0.65,0.015,269.15329378303784,8.643398555876818,-0.45573435847473437,0.0,262794.18733055366,6289.021977946743,20438613.075377714,401.9515920593268,312.8616300553842
2.5357142857142856,0.67,-0.005,269.13853221360785,8.39458066237786,-0.4451066826217779,0.0,262787.90335682494,6289.021989084261,20437168.81547194,401.9452290574237,312.8591537036725
2.5357142857142856,0.67,0.005,269.13853221360785,8.39458066237786,-0.4451066826217779,0.0,262787.90335682494,6289.021989084261,20437168.81547194,401.9452290574237,312.8591537036725
2.5357142857142856,0.67,0.015,269.13853221360785,8.39458066237786,-0.4451066826217779,0.0,262787.90335682494,6289.021989084261,20437168.81547194,401.9452290574237,312.8591537036725
2.5357142857142856,0.69,-0.005,269.1243306276472,8.138168750508006,-0.4329576696647885,0.0,262781.7768216455,6289.022000465849,20435779.38588462,401.93910761088546,312.8567713419268
2.5357142857142856,0.69,0.005,269.1243306276472,8.138168750508006,-0.4329576696647885,0.0,262781.7768216455,6289.022000465849,20435779.38588462,401.93910761088546,312.8567713419268
2.5357142857142856,0.69,0.015,269.1243306276472,8.138168750508006,-0.4329576696647885,0.0,262781.7768216455,6289.022000465849,20435779.38588462,401.93910761088546,312.8567713419268
2.5357142857142856,0.71,-0.005,269.11074190003114,7.874142757701908,-0.4193282141779696,0.0,262775.8283877669,6289.0220120223075,20434449.95626991,401.9332505229642,312.8544918470264
2.5357142857142856,0.71,0.005,269.11074190003114,7.874142757701908,-0.41932821417796967,0.0,262775.82838776696,6289.0220120223075,20434449.956269912,401.9332505229643,312.85449184702645
2.5357142857142856,0.71,0.015,269.11074190003114,7.874142757701908,-0.4193282141779696,0.0,262775.8283877669,6289.0220120223075,20434449.95626991,401.9332505229642,312.8544918470264
2.5357142857142856,0.73,-0.005,269.0978163998461,7.602480562455497,-0.40426323715523094,0.0,262770.0781954471,6289.022023679019,20433185.450716697,401.92767951424497,312.8523236746506
2.5357142857142856,0.73,0.005,269.0978163998461,7.602480562455497,-0.40426323715523094,0.0,262770.0781954471,6289.022023679019,20433185.450716697,401.92767951424497,312.8523236746506
2.5357142857142856,0.73,0.015,269.0978163998461,7.602480562455497,-0.40426323715523094,0.0,262770.0781954471,6289.022023679019,20433185.450716697,401.92767951424497,312.8523236746506
2.5357142857142856,0.75,-0.005,269.08560184523174,7.323158093887098,-0.38781144433516596,0.0,262764.5458254886,6289.022035356374,20431990.533608433,401.92241515970005,312.85027483473624
2.5357142857142856,0.75,0.005,269.08560184523174,7.323158093887098,-0.38781144433516596,0.0,262764.5458254886,6289.022035356374,20431990.533608433,401.92241515970005,312.85027483473624
2.5357142857142856,0.75,0.015,269.08560184523174,7.323158093887098,-0.38781144433516596,0.0,262764.5458254886,6289.022035356374,20431990.533608433,401.92241515970005,312.85027483473624
2.5357142857142856,0.77,-0.005,269.07414316795285,7.036148968369382,-0.37002506585924916,0.0,262759.2502617319,6289.022046970304,20430869.596438743,401.91747682999176,312.8483528685882
2.5357142857142856,0.77,0.005,269.07414316795285,7.036148968369382,-0.37002506585924916,0.0,262759.2502617319,6289.022046970304,20430869.596438743,401.91747682999176,312.8483528685882
2.5357142857142856,0.77,0.015,269.07414316795285,7.036148968369382,-0.37002506585924916,0.0,262759.2502617319,6289.022046970304,20430869.596438743,401.91747682999176,312.8483528685882
2.5357142857142856,0.79,-0.005,269.0634823885487,6.741424542651441,-0.35095959699390267,0.0,262754.20986009284,6289.0220584325625,20429826.745654866,401.91288263718843,312.84656482770737
2.5357142857142856,0.79,0.005,269.0634823885487,6.741424542651441,-0.35095959699390267,0.0,262754.20986009284,6289.0220584325625,20429826.745654866,401.91288263718843,312.84656482770737
2.5357142857142856,0.79,0.015,269.0634823885487,6.741424542651441,-0.35095959699390267,0.0,262754.20986009284,6289.0220584325625,20429826.745654866,401.91288263718843,312.84656482770737
2.5357142857142856,0.81,-0.005,269.05365850127055,6.4389539554431705,-0.3306735320291487,0.0,262749.4423204574,6289.022069651022,20428865.791458268,401.9086493847134,312.84491725426625
2.5357142857142856,0.81,0.005,269.05365850127055,6.4389539554431705,-0.3306735320291487,0.0,262749.4423204574,6289.022069651022,20428865.791458268,401.9086493847134,312.84491725426625
2.5357142857142856,0.81,0.015,269.05365850127055,6.4389539554431705,-0.3306735320291487,0.0,262749.4423204574,6289.022069651022,20428865.791458268,401.9086493847134,312.84491725426625
2.5357142857142856,0.83,-0.005,269.0447073674542,6.128703555578856,-0.30922807927662116,0.0,262744.9646575684,6289.022080530385,20427990.23744264,401.90479252120844,312.84341616310945
2.5357142857142856,0.83,0.005,269.0447073674542,6.128703555578856,-0.30922807927662116,0.0,262744.9646575684,6289.022080530385,20427990.23744264,401.90479252120844,312.84341616310945
2.5357142857142856,0.83,0.015,269.0447073674542,6.128703555578856,-0.30922807927662116,0.0,262744.9646575684,6289.022080530385,20427990.23744264,401.90479252120844,312.84341616310945
2.5357142857142856,0.85,-0.005,269.03666161924576,5.81063735144685,-0.28668689455352353,0.0,262740.79318188265,6289.022090972191,20427203.271221,401.90132609845534,312.84206702533544
2.5357142857142856,0.85,0.005,269.03666161924576,5.81063735144685,-0.28668689455352353,0.0,262740.79318188265,6289.022090972191,20427203.271221,401.90132609845534,312.84206702533544
2.5357142857142856,0.85,0.015,269.03666161924576,5.81063735144685,-0.28668689455352353,0.0,262740.79318188265,6289.022090972191,20427203.271221,401.90132609845534,312.84206702533544
2.5357142857142856,0.87,-0.005,269.0295505721202,5.484717418176343,-0.2631158094845022,0.0,262736.94348224334,6289.022100874983,20426507.755915105,401.89826273321154,312.84087475340345
2.5357142857142856,0.87,0.005,269.0295505721202,5.484717418176343,-0.2631158094845022,0.0,262736.94348224334,6289.022100874983,20426507.755915105,401.89826273321154,312.84087475340345
2.5357142857142856,0.87,0.015,269.0295505721202,5.484717418176343,-0.2631158094845022,0.0,262736.94348224334,6289.022100874983,20426507.755915105,401.89826273321154,312.84087475340345
2.5357142857142856,0.89,-0.005,269.0234001444637,5.150903531304002,-0.23858253817076694,0.0,262733.4304062211,6289.022110134779,20425906.222342756,401.89561357232645,312.8398436875203
2.5357142857142856,0.89,0.005,269.0234001444637,5.150903531304002,-0.23858253817076694,0.0,262733.4304062211,6289.022110134779,20425906.222342756,401.89561357232645,312.8398436875203
2.5357142857142856,0.89,0.015,269.0234001444637,5.150903531304002,-0.23858253817076694,0.0,262733.4304062211,6289.022110134779,20425906.222342756,401.89561357232645,312.8398436875203
2.5357142857142856,0.91,-0.005,269.0182327832484,4.809152154398258,-0.21315636740841773,0.0,262730.2680400942,6289.022118645432,20425400.861793738,401.8933882604568,312.8389775830424
2.5357142857142856,0.91,0.005,269.0182327832484,4.809152154398258,-0.21315636740841773,0.0,262730.2680400942,6289.022118645432,20425400.861793738,401.8933882604568,312.8389775830424
2.5357142857142856,0.91,0.015,269.0182327832484,4.809152154398258,-0.21315636740841773,0.0,262730.2680400942,6289.022118645432,20425400.861793738,401.8933882604568,312.8389775830424
2.5357142857142856,0.93,-0.005,269.0140674024956,4.459418025585641,-0.18690790973891447,0.0,262727.46970625466,6289.022126298253,20424993.52002977,401.8915949128936,312.83827959987025
2.5357142857142856,0.93,0.005,269.0140674024956,4.459418025585641,-0.18690790973891444,0.0,262727.4697062546,6289.022126298253,20424993.520029765,401.89159491289354,312.83827959987025
2.5357142857142856,0.93,0.015,269.0140674024956,4.459418025585641,-0.18690790973891447,0.0,262727.46970625466,6289.022126298253,20424993.52002977,401.8915949128936,312.83827959987025
2.5357142857142856,0.95,-0.005,269.0109193277019,4.10165436028062,-0.15990881702876353,0.0,262725.0479546594,6289.022132983955,20424685.691935662,401.8902400924448,312.83775229342626
2.5357142857142856,0.95,0.005,269.01091932770197,4.10165436028062,-0.15990881702876353,0.0,262725.0479546594,6289.022132983955,20424685.691935662,401.8902400924448,312.83775229342626
2.5357142857142856,0.95,0.015,269.0109193277019,4.10165436028062,-0.15990881702876353,0.0,262725.0479546594,6289.022132983955,20424685.691935662,401.8902400924448,312.83775229342626
2.5357142857142856,0.97,-0.005,269.00880019676526,3.735753387834476,-0.1322298602269665,0.0,262723.01439618727,6289.022138787199,20424478.51792176,401.88932888598947,312.8373976444295
2.5357142857142856,0.97,0.005,269.00880019676526,3.735753387834476,-0.1322298602269665,0.0,262723.01439618727,6289.022138787199,20424478.51792176,401.88932888598947,312.8373976444295
2.5357142857142856,0.97,0.015,269.00880019676526,3.735753387834476,-0.1322298602269665,0.0,262723.01439618727,6289.022138787199,20424478.51792176,401.88932888598947,312.8373976444295
2.5357142857142856,0.9900000000000001,-0.005,269.00771152061407,3.354526871647087,-0.10374723741446255,0.0,262721.3613007111,6289.022161062466,20424372.696758516,401.8888726639813,312.8372200789457
2.5357142857142856,0.9900000000000001,0.005,269.007711520614,3.3545268716470864,-0.10374723741446255,0.0,262721.36130071105,6289.022161062466,20424372.696758516,401.8888726639812,312.8372200789456
2.5357142857142856,0.9900000000000001,0.015,269.00771152061407,3.354526871647087,-0.10374723741446255,0.0,262721.3613007111,6289.022161062466,20424372.696758516,401.8888726639813,312.8372200789457
2.5357142857142856,1.01,-0.005,269.0076910304663,1.1181759624258447,-0.03458242294180194,0.0,262721.35558195726,6289.034617318731,20424759.892775644,401.896521911367,312.8401972177323
2.5357142857142856,1.01,0.005,269.0076807853923,3.808614327088917e-07,-1.1779104179850942e-08,0.0,262721.35272258,6289.036174361486,20424807.545843266,401.8974747873471,312.8405680815201
2.5357142857142856,1.01,0.015,269.0076910304663,1.1181759624258447,-0.03458242294180194,0.0,262721.35558195726,6289.034617318731,20424759.892775644,401.896521911367,312.8401972177323
